# r (Mpc/h)   CDM   Baryon   R    Nu    Matter
0.854529 2.78834 2.7589 2.18404e-08 2.19303e-08 2.78222 
0.860286 2.78618 2.75676 2.18404e-08 2.19303e-08 2.78007 
0.866082 2.78401 2.75461 2.18403e-08 2.19302e-08 2.7779 
0.871918 2.78182 2.75245 2.18403e-08 2.19302e-08 2.77572 
0.877792 2.77961 2.75027 2.18403e-08 2.19302e-08 2.77352 
0.883707 2.77739 2.74807 2.18403e-08 2.19302e-08 2.7713 
0.889661 2.77516 2.74586 2.18403e-08 2.19302e-08 2.76907 
0.895655 2.7729 2.74362 2.18403e-08 2.19302e-08 2.76682 
0.90169 2.77063 2.74137 2.18403e-08 2.19302e-08 2.76455 
0.907765 2.76833 2.73911 2.18403e-08 2.19302e-08 2.76226 
0.913881 2.76602 2.73682 2.18403e-08 2.19302e-08 2.75995 
0.920039 2.76369 2.73451 2.18403e-08 2.19302e-08 2.75763 
0.926237 2.76134 2.73218 2.18403e-08 2.19302e-08 2.75528 
0.932478 2.75896 2.72983 2.18403e-08 2.19302e-08 2.75291 
0.938761 2.75657 2.72746 2.18403e-08 2.19302e-08 2.75052 
0.945086 2.75415 2.72507 2.18403e-08 2.19302e-08 2.7481 
0.951453 2.7517 2.72265 2.18402e-08 2.19301e-08 2.74566 
0.957864 2.74923 2.72021 2.18402e-08 2.19301e-08 2.7432 
0.964318 2.74674 2.71774 2.18402e-08 2.19301e-08 2.74071 
0.970815 2.74422 2.71524 2.18402e-08 2.19301e-08 2.7382 
0.977356 2.74167 2.71272 2.18402e-08 2.19301e-08 2.73566 
0.983941 2.7391 2.71018 2.18402e-08 2.19301e-08 2.73309 
0.99057 2.73649 2.7076 2.18402e-08 2.19301e-08 2.73049 
0.997245 2.73386 2.70499 2.18402e-08 2.19301e-08 2.72786 
1.00396 2.73119 2.70236 2.18402e-08 2.19301e-08 2.7252 
1.01073 2.7285 2.69969 2.18402e-08 2.19301e-08 2.72251 
1.01754 2.72577 2.69699 2.18402e-08 2.19301e-08 2.71978 
1.02439 2.723 2.69425 2.18402e-08 2.19301e-08 2.71703 
1.0313 2.7202 2.69148 2.18401e-08 2.19301e-08 2.71423 
1.03824 2.71737 2.68868 2.18401e-08 2.193e-08 2.71141 
1.04524 2.7145 2.68584 2.18401e-08 2.193e-08 2.70854 
1.05228 2.71159 2.68296 2.18401e-08 2.193e-08 2.70564 
1.05937 2.70865 2.68005 2.18401e-08 2.193e-08 2.70271 
1.06651 2.70567 2.67711 2.18401e-08 2.193e-08 2.69974 
1.0737 2.70266 2.67412 2.18401e-08 2.193e-08 2.69673 
1.08093 2.69961 2.67111 2.18401e-08 2.193e-08 2.69368 
1.08821 2.69652 2.66805 2.18401e-08 2.193e-08 2.6906 
1.09554 2.6934 2.66496 2.18401e-08 2.193e-08 2.68749 
1.10293 2.69024 2.66183 2.18401e-08 2.193e-08 2.68433 
1.11036 2.68704 2.65867 2.184e-08 2.193e-08 2.68114 
1.11784 2.68381 2.65547 2.184e-08 2.19299e-08 2.67792 
1.12537 2.68054 2.65224 2.184e-08 2.19299e-08 2.67465 
1.13295 2.67723 2.64896 2.184e-08 2.19299e-08 2.67135 
1.14059 2.67389 2.64565 2.184e-08 2.19299e-08 2.66801 
1.14827 2.6705 2.64231 2.184e-08 2.19299e-08 2.66464 
1.15601 2.66708 2.63892 2.184e-08 2.19299e-08 2.66123 
1.1638 2.66363 2.6355 2.184e-08 2.19299e-08 2.65778 
1.17164 2.66013 2.63205 2.184e-08 2.19299e-08 2.65429 
1.17953 2.6566 2.62855 2.184e-08 2.19299e-08 2.65077 
1.18748 2.65303 2.62502 2.18399e-08 2.19298e-08 2.64721 
1.19548 2.64943 2.62145 2.18399e-08 2.19298e-08 2.64361 
1.20353 2.64578 2.61785 2.18399e-08 2.19298e-08 2.63997 
1.21164 2.6421 2.6142 2.18399e-08 2.19298e-08 2.6363 
1.21981 2.63838 2.61052 2.18399e-08 2.19298e-08 2.63259 
1.22802 2.63463 2.60681 2.18399e-08 2.19298e-08 2.62884 
1.2363 2.63083 2.60305 2.18399e-08 2.19298e-08 2.62505 
1.24463 2.62699 2.59925 2.18399e-08 2.19298e-08 2.62122 
1.25301 2.62312 2.59542 2.18398e-08 2.19298e-08 2.61736 
1.26146 2.6192 2.59155 2.18398e-08 2.19297e-08 2.61345 
1.26996 2.61525 2.58763 2.18398e-08 2.19297e-08 2.6095 
1.27851 2.61125 2.58368 2.18398e-08 2.19297e-08 2.60551 
1.28713 2.60721 2.57968 2.18398e-08 2.19297e-08 2.60148 
1.2958 2.60313 2.57565 2.18398e-08 2.19297e-08 2.59741 
1.30453 2.59901 2.57157 2.18398e-08 2.19297e-08 2.5933 
1.31332 2.59485 2.56745 2.18398e-08 2.19297e-08 2.58914 
1.32217 2.59064 2.56328 2.18397e-08 2.19297e-08 2.58495 
1.33108 2.58639 2.55908 2.18397e-08 2.19296e-08 2.5807 
1.34004 2.58209 2.55483 2.18397e-08 2.19296e-08 2.57642 
1.34907 2.57776 2.55054 2.18397e-08 2.19296e-08 2.57209 
1.35816 2.57337 2.5462 2.18397e-08 2.19296e-08 2.56772 
1.36731 2.56894 2.54182 2.18397e-08 2.19296e-08 2.5633 
1.37653 2.56447 2.53739 2.18397e-08 2.19296e-08 2.55883 
1.3858 2.55995 2.53292 2.18396e-08 2.19296e-08 2.55432 
1.39514 2.55538 2.5284 2.18396e-08 2.19295e-08 2.54976 
1.40454 2.55077 2.52383 2.18396e-08 2.19295e-08 2.54516 
1.414 2.54611 2.51922 2.18396e-08 2.19295e-08 2.54051 
1.42353 2.5414 2.51456 2.18396e-08 2.19295e-08 2.53581 
1.43312 2.53664 2.50986 2.18396e-08 2.19295e-08 2.53107 
1.44277 2.53184 2.50511 2.18395e-08 2.19295e-08 2.52627 
1.4525 2.52699 2.50031 2.18395e-08 2.19294e-08 2.52143 
1.46228 2.52209 2.49546 2.18395e-08 2.19294e-08 2.51655 
1.47213 2.51714 2.49056 2.18395e-08 2.19294e-08 2.51161 
1.48205 2.51215 2.48562 2.18395e-08 2.19294e-08 2.50662 
1.49204 2.5071 2.48063 2.18395e-08 2.19294e-08 2.50159 
1.50209 2.50201 2.47559 2.18394e-08 2.19294e-08 2.4965 
1.51221 2.49686 2.4705 2.18394e-08 2.19293e-08 2.49137 
1.5224 2.49167 2.46536 2.18394e-08 2.19293e-08 2.48619 
1.53266 2.48642 2.46017 2.18394e-08 2.19293e-08 2.48095 
1.54298 2.48113 2.45493 2.18394e-08 2.19293e-08 2.47567 
1.55338 2.47578 2.44964 2.18394e-08 2.19293e-08 2.47033 
1.56385 2.47039 2.4443 2.18393e-08 2.19293e-08 2.46495 
1.57438 2.46494 2.43891 2.18393e-08 2.19292e-08 2.45951 
1.58499 2.45944 2.43347 2.18393e-08 2.19292e-08 2.45402 
1.59567 2.45389 2.42797 2.18393e-08 2.19292e-08 2.44848 
1.60642 2.44828 2.42243 2.18393e-08 2.19292e-08 2.44289 
1.61724 2.44263 2.41683 2.18392e-08 2.19292e-08 2.43725 
1.62814 2.43692 2.41118 2.18392e-08 2.19291e-08 2.43155 
1.63911 2.43115 2.40548 2.18392e-08 2.19291e-08 2.4258 
1.65015 2.42534 2.39973 2.18392e-08 2.19291e-08 2.42 
1.66127 2.41947 2.39392 2.18392e-08 2.19291e-08 2.41414 
1.67247 2.41355 2.38806 2.18391e-08 2.19291e-08 2.40823 
1.68373 2.40757 2.38214 2.18391e-08 2.1929e-08 2.40226 
1.69508 2.40154 2.37617 2.18391e-08 2.1929e-08 2.39624 
1.7065 2.39545 2.37015 2.18391e-08 2.1929e-08 2.39017 
1.718 2.38931 2.36407 2.18391e-08 2.1929e-08 2.38404 
1.72957 2.38311 2.35794 2.1839e-08 2.1929e-08 2.37786 
1.74123 2.37686 2.35176 2.1839e-08 2.19289e-08 2.37162 
1.75296 2.37055 2.34551 2.1839e-08 2.19289e-08 2.36532 
1.76477 2.36418 2.33922 2.1839e-08 2.19289e-08 2.35897 
1.77666 2.35776 2.33286 2.18389e-08 2.19289e-08 2.35257 
1.78863 2.35129 2.32646 2.18389e-08 2.19288e-08 2.3461 
1.80068 2.34475 2.31999 2.18389e-08 2.19288e-08 2.33958 
1.81281 2.33816 2.31347 2.18389e-08 2.19288e-08 2.33301 
1.82503 2.33152 2.30689 2.18388e-08 2.19288e-08 2.32637 
1.83732 2.32481 2.30026 2.18388e-08 2.19287e-08 2.31968 
1.8497 2.31805 2.29357 2.18388e-08 2.19287e-08 2.31294 
1.86217 2.31123 2.28682 2.18388e-08 2.19287e-08 2.30613 
1.87471 2.30435 2.28002 2.18387e-08 2.19287e-08 2.29927 
1.88734 2.29742 2.27316 2.18387e-08 2.19286e-08 2.29235 
1.90006 2.29043 2.26624 2.18387e-08 2.19286e-08 2.28537 
1.91286 2.28337 2.25926 2.18387e-08 2.19286e-08 2.27833 
1.92575 2.27627 2.25223 2.18386e-08 2.19286e-08 2.27124 
1.93872 2.2691 2.24513 2.18386e-08 2.19285e-08 2.26409 
1.95179 2.26187 2.23798 2.18386e-08 2.19285e-08 2.25688 
1.96494 2.25459 2.23078 2.18386e-08 2.19285e-08 2.24961 
1.97818 2.24724 2.22351 2.18385e-08 2.19285e-08 2.24228 
1.9915 2.23984 2.21618 2.18385e-08 2.19284e-08 2.23489 
2.00492 2.23238 2.2088 2.18385e-08 2.19284e-08 2.22745 
2.01843 2.22486 2.20136 2.18384e-08 2.19284e-08 2.21994 
2.03203 2.21728 2.19386 2.18384e-08 2.19283e-08 2.21238 
2.04572 2.20964 2.1863 2.18384e-08 2.19283e-08 2.20476 
2.0595 2.20194 2.17869 2.18383e-08 2.19283e-08 2.19707 
2.07338 2.19418 2.17101 2.18383e-08 2.19282e-08 2.18933 
2.08735 2.18637 2.16328 2.18383e-08 2.19282e-08 2.18153 
2.10141 2.17849 2.15548 2.18382e-08 2.19282e-08 2.17367 
2.11557 2.17056 2.14763 2.18382e-08 2.19281e-08 2.16575 
2.12983 2.16256 2.13972 2.18382e-08 2.19281e-08 2.15778 
2.14418 2.15451 2.13175 2.18381e-08 2.19281e-08 2.14974 
2.15862 2.14639 2.12372 2.18381e-08 2.1928e-08 2.14164 
2.17317 2.13822 2.11564 2.18381e-08 2.1928e-08 2.13349 
2.18781 2.12999 2.10749 2.1838e-08 2.1928e-08 2.12527 
2.20255 2.1217 2.09929 2.1838e-08 2.19279e-08 2.117 
2.21739 2.11335 2.09103 2.1838e-08 2.19279e-08 2.10867 
2.23233 2.10494 2.0827 2.18379e-08 2.19279e-08 2.10027 
2.24737 2.09647 2.07433 2.18379e-08 2.19278e-08 2.09182 
2.26251 2.08794 2.06589 2.18379e-08 2.19278e-08 2.08332 
2.27776 2.07936 2.05739 2.18378e-08 2.19278e-08 2.07475 
2.2931 2.07071 2.04884 2.18378e-08 2.19277e-08 2.06612 
2.30855 2.06201 2.04023 2.18377e-08 2.19277e-08 2.05744 
2.32411 2.05325 2.03156 2.18377e-08 2.19277e-08 2.0487 
2.33977 2.04443 2.02284 2.18377e-08 2.19276e-08 2.03989 
2.35553 2.03555 2.01405 2.18376e-08 2.19276e-08 2.03104 
2.3714 2.02662 2.00521 2.18376e-08 2.19275e-08 2.02212 
2.38738 2.01763 1.99631 2.18375e-08 2.19275e-08 2.01315 
2.40346 2.00858 1.98736 2.18375e-08 2.19274e-08 2.00412 
2.41966 1.99947 1.97835 2.18375e-08 2.19274e-08 1.99503 
2.43596 1.99031 1.96928 2.18374e-08 2.19274e-08 1.98589 
2.45237 1.98109 1.96016 2.18374e-08 2.19273e-08 1.97669 
2.4689 1.97182 1.95099 2.18373e-08 2.19273e-08 1.96743 
2.48553 1.96249 1.94175 2.18373e-08 2.19272e-08 1.95812 
2.50228 1.9531 1.93247 2.18372e-08 2.19272e-08 1.94875 
2.51914 1.94366 1.92312 2.18372e-08 2.19271e-08 1.93933 
2.53611 1.93416 1.91373 2.18371e-08 2.19271e-08 1.92986 
2.5532 1.92461 1.90428 2.18371e-08 2.19271e-08 1.92033 
2.5704 1.91501 1.89478 2.18371e-08 2.1927e-08 1.91074 
2.58772 1.90535 1.88522 2.1837e-08 2.1927e-08 1.90111 
2.60515 1.89564 1.87561 2.1837e-08 2.19269e-08 1.89142 
2.62271 1.88588 1.86595 2.18369e-08 2.19269e-08 1.88167 
2.64038 1.87606 1.85624 2.18369e-08 2.19268e-08 1.87188 
2.65817 1.86619 1.84648 2.18368e-08 2.19268e-08 1.86203 
2.67608 1.85628 1.83666 2.18368e-08 2.19267e-08 1.85214 
2.69411 1.84631 1.8268 2.18367e-08 2.19267e-08 1.84219 
2.71226 1.83629 1.81689 2.18367e-08 2.19266e-08 1.83219 
2.73053 1.82622 1.80693 2.18366e-08 2.19266e-08 1.82214 
2.74893 1.81611 1.79692 2.18365e-08 2.19265e-08 1.81205 
2.76745 1.80594 1.78686 2.18365e-08 2.19264e-08 1.80191 
2.7861 1.79573 1.77676 2.18364e-08 2.19264e-08 1.79172 
2.80487 1.78547 1.76661 2.18364e-08 2.19263e-08 1.78148 
2.82377 1.77517 1.75641 2.18363e-08 2.19263e-08 1.7712 
2.84279 1.76482 1.74617 2.18363e-08 2.19262e-08 1.76087 
2.86195 1.75442 1.73589 2.18362e-08 2.19262e-08 1.7505 
2.88123 1.74398 1.72556 2.18361e-08 2.19261e-08 1.74008 
2.90064 1.7335 1.71519 2.18361e-08 2.1926e-08 1.72962 
2.92019 1.72298 1.70477 2.1836e-08 2.1926e-08 1.71912 
2.93986 1.71241 1.69432 2.1836e-08 2.19259e-08 1.70857 
2.95967 1.70181 1.68382 2.18359e-08 2.19259e-08 1.69799 
2.97961 1.69116 1.67329 2.18358e-08 2.19258e-08 1.68737 
2.99969 1.68048 1.66272 2.18358e-08 2.19257e-08 1.6767 
3.0199 1.66975 1.65211 2.18357e-08 2.19257e-08 1.666 
3.04024 1.65899 1.64146 2.18356e-08 2.19256e-08 1.65526 
3.06073 1.64819 1.63078 2.18356e-08 2.19255e-08 1.64449 
3.08135 1.63736 1.62006 2.18355e-08 2.19255e-08 1.63368 
3.10211 1.6265 1.60931 2.18354e-08 2.19254e-08 1.62284 
3.12301 1.6156 1.59852 2.18354e-08 2.19253e-08 1.61196 
3.14405 1.60467 1.58771 2.18353e-08 2.19253e-08 1.60105 
3.16524 1.5937 1.57686 2.18352e-08 2.19252e-08 1.59011 
3.18656 1.58271 1.56598 2.18352e-08 2.19251e-08 1.57914 
3.20803 1.57169 1.55508 2.18351e-08 2.19251e-08 1.56814 
3.22965 1.56064 1.54414 2.1835e-08 2.1925e-08 1.55712 
3.25141 1.54956 1.53319 2.18349e-08 2.19249e-08 1.54606 
3.27332 1.53846 1.5222 2.18349e-08 2.19248e-08 1.53499 
3.29537 1.52734 1.51119 2.18348e-08 2.19248e-08 1.52388 
3.31757 1.51619 1.50016 2.18347e-08 2.19247e-08 1.51276 
3.33993 1.50502 1.48911 2.18346e-08 2.19246e-08 1.50161 
3.36243 1.49382 1.47804 2.18345e-08 2.19245e-08 1.49044 
3.38508 1.48261 1.46694 2.18345e-08 2.19244e-08 1.47925 
3.40789 1.47138 1.45583 2.18344e-08 2.19244e-08 1.46805 
3.43085 1.46014 1.44471 2.18343e-08 2.19243e-08 1.45683 
3.45397 1.44888 1.43356 2.18342e-08 2.19242e-08 1.44559 
3.47724 1.43761 1.42241 2.18341e-08 2.19241e-08 1.43434 
3.50067 1.42632 1.41124 2.1834e-08 2.1924e-08 1.42308 
3.52425 1.41502 1.40006 2.1834e-08 2.19239e-08 1.4118 
3.548 1.40371 1.38888 2.18339e-08 2.19239e-08 1.40052 
3.5719 1.3924 1.37768 2.18338e-08 2.19238e-08 1.38923 
3.59597 1.38108 1.36648 2.18337e-08 2.19237e-08 1.37793 
3.6202 1.36975 1.35527 2.18336e-08 2.19236e-08 1.36663 
3.64459 1.35842 1.34406 2.18335e-08 2.19235e-08 1.35532 
3.66915 1.34708 1.33284 2.18334e-08 2.19234e-08 1.34401 
3.69387 1.33575 1.32163 2.18333e-08 2.19233e-08 1.3327 
3.71876 1.32442 1.31042 2.18332e-08 2.19232e-08 1.32139 
3.74381 1.31309 1.2992 2.18331e-08 2.19231e-08 1.31008 
3.76904 1.30176 1.288 2.1833e-08 2.1923e-08 1.29878 
3.79443 1.29044 1.2768 2.18329e-08 2.19229e-08 1.28748 
3.82 1.27913 1.2656 2.18328e-08 2.19228e-08 1.2762 
3.84573 1.26782 1.25442 2.18327e-08 2.19227e-08 1.26492 
3.87165 1.25653 1.24325 2.18326e-08 2.19226e-08 1.25365 
3.89773 1.24525 1.23209 2.18325e-08 2.19225e-08 1.24239 
3.92399 1.23399 1.22094 2.18324e-08 2.19224e-08 1.23115 
3.95043 1.22274 1.20981 2.18323e-08 2.19223e-08 1.21992 
3.97705 1.2115 1.19869 2.18322e-08 2.19222e-08 1.20871 
4.00384 1.20029 1.1876 2.18321e-08 2.19221e-08 1.19752 
4.03082 1.1891 1.17653 2.18319e-08 2.1922e-08 1.18636 
4.05798 1.17793 1.16548 2.18318e-08 2.19218e-08 1.17521 
4.08532 1.16679 1.15445 2.18317e-08 2.19217e-08 1.16409 
4.11284 1.15567 1.14345 2.18316e-08 2.19216e-08 1.153 
4.14056 1.14458 1.13248 2.18315e-08 2.19215e-08 1.14193 
4.16845 1.13352 1.12154 2.18314e-08 2.19214e-08 1.1309 
4.19654 1.1225 1.11062 2.18312e-08 2.19213e-08 1.11989 
4.22481 1.1115 1.09975 2.18311e-08 2.19211e-08 1.10892 
4.25328 1.10055 1.08891 2.1831e-08 2.1921e-08 1.09799 
4.28194 1.08963 1.0781 2.18309e-08 2.19209e-08 1.08709 
4.31079 1.07875 1.06734 2.18307e-08 2.19208e-08 1.07623 
4.33983 1.06791 1.05661 2.18306e-08 2.19206e-08 1.06542 
4.36907 1.05711 1.04593 2.18305e-08 2.19205e-08 1.05464 
4.39851 1.04636 1.03529 2.18303e-08 2.19204e-08 1.04391 
4.42814 1.03565 1.0247 2.18302e-08 2.19202e-08 1.03323 
4.45798 1.02499 1.01415 2.18301e-08 2.19201e-08 1.0226 
4.48801 1.01439 1.00366 2.18299e-08 2.192e-08 1.01201 
4.51825 1.00383 0.993214 2.18298e-08 2.19198e-08 1.00148 
4.5487 0.993333 0.982824 2.18296e-08 2.19197e-08 0.991002 
4.57934 0.982888 0.97249 2.18295e-08 2.19195e-08 0.98058 
4.6102 0.9725 0.962212 2.18293e-08 2.19194e-08 0.970214 
4.64126 0.962172 0.951992 2.18292e-08 2.19192e-08 0.959908 
4.67253 0.951905 0.941833 2.1829e-08 2.19191e-08 0.949663 
4.70401 0.9417 0.931737 2.18289e-08 2.19189e-08 0.93948 
4.73571 0.93156 0.921704 2.18287e-08 2.19188e-08 0.929362 
4.76761 0.921486 0.911736 2.18286e-08 2.19186e-08 0.91931 
4.79974 0.911481 0.901836 2.18284e-08 2.19185e-08 0.909325 
4.83207 0.901545 0.892005 2.18283e-08 2.19183e-08 0.899411 
4.86463 0.89168 0.882245 2.18281e-08 2.19182e-08 0.889568 
4.89741 0.881888 0.872556 2.18279e-08 2.1918e-08 0.879797 
4.9304 0.872171 0.862942 2.18278e-08 2.19178e-08 0.870101 
4.96362 0.862531 0.853403 2.18276e-08 2.19177e-08 0.860481 
4.99707 0.852968 0.843941 2.18274e-08 2.19175e-08 0.850939 
5.03074 0.843484 0.834558 2.18273e-08 2.19173e-08 0.841476 
5.06463 0.834082 0.825255 2.18271e-08 2.19172e-08 0.832094 
5.09875 0.824762 0.816033 2.18269e-08 2.1917e-08 0.822794 
5.13311 0.815525 0.806894 2.18267e-08 2.19168e-08 0.813578 
5.16769 0.806374 0.79784 2.18265e-08 2.19166e-08 0.804447 
5.20251 0.79731 0.788871 2.18264e-08 2.19164e-08 0.795403 
5.23756 0.788334 0.779989 2.18262e-08 2.19162e-08 0.786446 
5.27285 0.779447 0.771196 2.1826e-08 2.19161e-08 0.777579 
5.30838 0.77065 0.762493 2.18258e-08 2.19159e-08 0.768802 
5.34415 0.761946 0.75388 2.18256e-08 2.19157e-08 0.760117 
5.38015 0.753334 0.745359 2.18254e-08 2.19155e-08 0.751524 
5.4164 0.744817 0.736932 2.18252e-08 2.19153e-08 0.743026 
5.4529 0.736394 0.728599 2.1825e-08 2.19151e-08 0.734622 
5.48963 0.728069 0.720361 2.18248e-08 2.19149e-08 0.726315 
5.52662 0.71984 0.712219 2.18246e-08 2.19147e-08 0.718105 
5.56386 0.71171 0.704175 2.18244e-08 2.19145e-08 0.709993 
5.60135 0.703678 0.696228 2.18242e-08 2.19143e-08 0.70198 
5.63909 0.695747 0.68838 2.18239e-08 2.1914e-08 0.694067 
5.67708 0.687916 0.680633 2.18237e-08 2.19138e-08 0.686254 
5.71533 0.680187 0.672985 2.18235e-08 2.19136e-08 0.678542 
5.75384 0.67256 0.665438 2.18233e-08 2.19134e-08 0.670932 
5.79261 0.665035 0.657993 2.1823e-08 2.19132e-08 0.663425 
5.83163 0.657614 0.65065 2.18228e-08 2.19129e-08 0.656021 
5.87092 0.650296 0.64341 2.18226e-08 2.19127e-08 0.64872 
5.91048 0.643082 0.636272 2.18223e-08 2.19125e-08 0.641523 
5.9503 0.635973 0.629238 2.18221e-08 2.19122e-08 0.634431 
5.99039 0.628968 0.622308 2.18219e-08 2.1912e-08 0.627443 
6.03076 0.622068 0.615481 2.18216e-08 2.19118e-08 0.620559 
6.07139 0.615273 0.608758 2.18214e-08 2.19115e-08 0.61378 
6.1123 0.608584 0.602138 2.18211e-08 2.19113e-08 0.607106 
6.15348 0.601999 0.595623 2.18209e-08 2.1911e-08 0.600537 
6.19494 0.595519 0.589212 2.18206e-08 2.19108e-08 0.594073 
6.23668 0.589143 0.582904 2.18204e-08 2.19105e-08 0.587713 
6.2787 0.582873 0.576699 2.18201e-08 2.19102e-08 0.581458 
6.321 0.576706 0.570598 2.18198e-08 2.191e-08 0.575306 
6.36359 0.570643 0.564599 2.18195e-08 2.19097e-08 0.569258 
6.40647 0.564684 0.558703 2.18193e-08 2.19094e-08 0.563313 
6.44963 0.558827 0.552908 2.1819e-08 2.19092e-08 0.557471 
6.49309 0.553072 0.547214 2.18187e-08 2.19089e-08 0.551731 
6.53683 0.547419 0.541621 2.18184e-08 2.19086e-08 0.546092 
6.58088 0.541866 0.536127 2.18181e-08 2.19083e-08 0.540553 
6.62522 0.536414 0.530732 2.18178e-08 2.1908e-08 0.535115 
6.66985 0.53106 0.525434 2.18175e-08 2.19077e-08 0.529774 
6.71479 0.525804 0.520234 2.18172e-08 2.19074e-08 0.524532 
6.76004 0.520644 0.515129 2.18169e-08 2.19071e-08 0.519386 
6.80558 0.51558 0.510119 2.18166e-08 2.19068e-08 0.514335 
6.85144 0.510611 0.505202 2.18163e-08 2.19065e-08 0.509379 
6.8976 0.505734 0.500377 2.1816e-08 2.19062e-08 0.504515 
6.94407 0.500949 0.495642 2.18157e-08 2.19059e-08 0.499743 
6.99086 0.496254 0.490997 2.18154e-08 2.19056e-08 0.495061 
7.03796 0.491648 0.48644 2.1815e-08 2.19053e-08 0.490467 
7.08538 0.487129 0.481968 2.18147e-08 2.19049e-08 0.48596 
7.13312 0.482695 0.477581 2.18144e-08 2.19046e-08 0.481538 
7.18118 0.478345 0.473277 2.1814e-08 2.19043e-08 0.4772 
7.22956 0.474076 0.469054 2.18137e-08 2.19039e-08 0.472943 
7.27827 0.469887 0.464909 2.18133e-08 2.19036e-08 0.468766 
7.32731 0.465776 0.460842 2.1813e-08 2.19032e-08 0.464667 
7.37668 0.461741 0.456849 2.18126e-08 2.19029e-08 0.460643 
7.42638 0.457779 0.45293 2.18123e-08 2.19025e-08 0.456693 
7.47642 0.45389 0.449081 2.18119e-08 2.19022e-08 0.452814 
7.52679 0.45007 0.445302 2.18115e-08 2.19018e-08 0.449005 
7.5775 0.446317 0.441589 2.18111e-08 2.19014e-08 0.445263 
7.62856 0.442629 0.43794 2.18108e-08 2.1901e-08 0.441586 
7.67996 0.439004 0.434353 2.18104e-08 2.19007e-08 0.437972 
7.7317 0.435439 0.430826 2.181e-08 2.19003e-08 0.434418 
7.7838 0.431932 0.427356 2.18096e-08 2.18999e-08 0.430921 
7.83624 0.428481 0.423941 2.18092e-08 2.18995e-08 0.42748 
7.88904 0.425082 0.420579 2.18088e-08 2.18991e-08 0.424092 
7.94219 0.421734 0.417267 2.18084e-08 2.18987e-08 0.420754 
7.9957 0.418435 0.414002 2.1808e-08 2.18983e-08 0.417464 
8.04957 0.41518 0.410782 2.18075e-08 2.18979e-08 0.41422 
8.10381 0.411969 0.407605 2.18071e-08 2.18974e-08 0.411018 
8.15841 0.408798 0.404468 2.18067e-08 2.1897e-08 0.407857 
8.21338 0.405665 0.401368 2.18062e-08 2.18966e-08 0.404734 
8.26872 0.402568 0.398303 2.18058e-08 2.18961e-08 0.401645 
8.32443 0.399503 0.395271 2.18054e-08 2.18957e-08 0.39859 
8.38052 0.396468 0.392268 2.18049e-08 2.18953e-08 0.395564 
8.43698 0.393461 0.389293 2.18044e-08 2.18948e-08 0.392566 
8.49383 0.390479 0.386343 2.1804e-08 2.18943e-08 0.389593 
8.55105 0.38752 0.383415 2.18035e-08 2.18939e-08 0.386643 
8.60867 0.384581 0.380507 2.1803e-08 2.18934e-08 0.383713 
8.66667 0.38166 0.377617 2.18025e-08 2.18929e-08 0.3808 
8.72506 0.378754 0.374742 2.18021e-08 2.18925e-08 0.377903 
8.78385 0.375861 0.37188 2.18016e-08 2.1892e-08 0.375019 
8.84303 0.372979 0.369029 2.18011e-08 2.18915e-08 0.372146 
8.90261 0.370106 0.366186 2.18005e-08 2.1891e-08 0.36928 
8.9626 0.367239 0.363349 2.18e-08 2.18905e-08 0.366422 
9.02298 0.364376 0.360517 2.17995e-08 2.18899e-08 0.363567 
9.08378 0.361515 0.357686 2.1799e-08 2.18894e-08 0.360714 
9.14498 0.358655 0.354856 2.17985e-08 2.18889e-08 0.357862 
9.2066 0.355793 0.352025 2.17979e-08 2.18884e-08 0.355008 
9.26863 0.352927 0.34919 2.17974e-08 2.18878e-08 0.35215 
9.33107 0.350057 0.34635 2.17968e-08 2.18873e-08 0.349288 
9.39394 0.347179 0.343503 2.17963e-08 2.18867e-08 0.346418 
9.45724 0.344294 0.340648 2.17957e-08 2.18862e-08 0.34354 
9.52096 0.341398 0.337783 2.17951e-08 2.18856e-08 0.340652 
9.58511 0.338492 0.334908 2.17945e-08 2.1885e-08 0.337753 
9.64969 0.335574 0.33202 2.17939e-08 2.18845e-08 0.334842 
9.7147 0.332642 0.32912 2.17933e-08 2.18839e-08 0.331918 
9.78016 0.329696 0.326205 2.17927e-08 2.18833e-08 0.32898 
9.84605 0.326736 0.323276 2.17921e-08 2.18827e-08 0.326026 
9.91239 0.323759 0.320331 2.17915e-08 2.18821e-08 0.323057 
9.97918 0.320767 0.31737 2.17909e-08 2.18815e-08 0.320071 
10.0464 0.317757 0.314393 2.17903e-08 2.18808e-08 0.317068 
10.1141 0.314731 0.311398 2.17896e-08 2.18802e-08 0.314049 
10.1822 0.311687 0.308387 2.1789e-08 2.18796e-08 0.311012 
10.2509 0.308626 0.305359 2.17883e-08 2.18789e-08 0.307958 
10.3199 0.305548 0.302313 2.17876e-08 2.18783e-08 0.304886 
10.3895 0.302453 0.299251 2.1787e-08 2.18776e-08 0.301798 
10.4595 0.299342 0.296173 2.17863e-08 2.18769e-08 0.298693 
10.5299 0.296215 0.293079 2.17856e-08 2.18762e-08 0.295572 
10.6009 0.293072 0.289969 2.17849e-08 2.18755e-08 0.292435 
10.6723 0.289914 0.286845 2.17842e-08 2.18749e-08 0.289284 
10.7442 0.286743 0.283708 2.17835e-08 2.18741e-08 0.286119 
10.8166 0.283559 0.280558 2.17828e-08 2.18734e-08 0.282941 
10.8895 0.280364 0.277396 2.1782e-08 2.18727e-08 0.279752 
10.9628 0.277159 0.274225 2.17813e-08 2.1872e-08 0.276552 
11.0367 0.273944 0.271044 2.17805e-08 2.18712e-08 0.273343 
11.1111 0.270723 0.267857 2.17798e-08 2.18705e-08 0.270127 
11.1859 0.267495 0.264664 2.1779e-08 2.18697e-08 0.266906 
11.2613 0.264264 0.261467 2.17782e-08 2.1869e-08 0.26368 
11.3372 0.26103 0.258267 2.17774e-08 2.18682e-08 0.260452 
11.4136 0.257797 0.255068 2.17766e-08 2.18674e-08 0.257224 
11.4905 0.254565 0.25187 2.17758e-08 2.18666e-08 0.253997 
11.5679 0.251337 0.248677 2.1775e-08 2.18658e-08 0.250775 
11.6458 0.248115 0.245489 2.17742e-08 2.1865e-08 0.247558 
11.7243 0.244901 0.242309 2.17734e-08 2.18642e-08 0.244349 
11.8033 0.241698 0.23914 2.17725e-08 2.18633e-08 0.241151 
11.8828 0.238508 0.235984 2.17716e-08 2.18625e-08 0.237966 
11.9629 0.235333 0.232842 2.17708e-08 2.18616e-08 0.234796 
12.0435 0.232175 0.229718 2.17699e-08 2.18608e-08 0.231643 
12.1246 0.229037 0.226613 2.1769e-08 2.18599e-08 0.22851 
12.2063 0.225922 0.223531 2.17681e-08 2.1859e-08 0.2254 
12.2885 0.222831 0.220473 2.17672e-08 2.18581e-08 0.222314 
12.3713 0.219767 0.217442 2.17663e-08 2.18572e-08 0.219255 
12.4547 0.216733 0.214439 2.17653e-08 2.18563e-08 0.216225 
12.5386 0.21373 0.211468 2.17644e-08 2.18553e-08 0.213227 
12.6231 0.210761 0.208531 2.17634e-08 2.18544e-08 0.210262 
12.7081 0.207828 0.205629 2.17625e-08 2.18535e-08 0.207334 
12.7938 0.204933 0.202764 2.17615e-08 2.18525e-08 0.204444 
12.88 0.202078 0.19994 2.17605e-08 2.18515e-08 0.201593 
12.9667 0.199265 0.197157 2.17595e-08 2.18505e-08 0.198785 
13.0541 0.196496 0.194417 2.17585e-08 2.18495e-08 0.196021 
13.1421 0.193772 0.191722 2.17575e-08 2.18485e-08 0.193302 
13.2306 0.191095 0.189074 2.17564e-08 2.18475e-08 0.19063 
13.3197 0.188467 0.186473 2.17554e-08 2.18465e-08 0.188006 
13.4095 0.185889 0.183922 2.17543e-08 2.18454e-08 0.185432 
13.4998 0.183361 0.181421 2.17532e-08 2.18444e-08 0.182909 
13.5908 0.180885 0.178972 2.17521e-08 2.18433e-08 0.180438 
13.6824 0.178462 0.176574 2.1751e-08 2.18422e-08 0.17802 
13.7746 0.176092 0.174229 2.17499e-08 2.18411e-08 0.175654 
13.8674 0.173775 0.171937 2.17488e-08 2.184e-08 0.173343 
13.9608 0.171512 0.169698 2.17477e-08 2.18389e-08 0.171085 
14.0549 0.169303 0.167513 2.17465e-08 2.18377e-08 0.168881 
14.1496 0.167148 0.165381 2.17453e-08 2.18366e-08 0.166731 
14.2449 0.165046 0.163301 2.17442e-08 2.18354e-08 0.164634 
14.3409 0.162998 0.161274 2.1743e-08 2.18342e-08 0.16259 
14.4375 0.161001 0.159299 2.17417e-08 2.1833e-08 0.160599 
14.5348 0.159056 0.157374 2.17405e-08 2.18318e-08 0.158659 
14.6327 0.15716 0.155499 2.17393e-08 2.18306e-08 0.156769 
14.7313 0.155314 0.153673 2.1738e-08 2.18294e-08 0.154928 
14.8305 0.153515 0.151893 2.17368e-08 2.18281e-08 0.153134 
14.9305 0.151762 0.150158 2.17355e-08 2.18269e-08 0.151386 
15.0311 0.150053 0.148467 2.17342e-08 2.18256e-08 0.149683 
15.1323 0.148386 0.146818 2.17329e-08 2.18243e-08 0.148021 
15.2343 0.146759 0.145208 2.17315e-08 2.1823e-08 0.1464 
15.3369 0.14517 0.143636 2.17302e-08 2.18216e-08 0.144816 
15.4403 0.143616 0.142099 2.17288e-08 2.18203e-08 0.143268 
15.5443 0.142095 0.140594 2.17274e-08 2.18189e-08 0.141752 
15.649 0.140604 0.13912 2.1726e-08 2.18176e-08 0.140268 
15.7545 0.139142 0.137673 2.17246e-08 2.18162e-08 0.138811 
15.8606 0.137704 0.136251 2.17232e-08 2.18148e-08 0.137379 
15.9675 0.13629 0.134851 2.17218e-08 2.18134e-08 0.13597 
16.0751 0.134895 0.133471 2.17203e-08 2.18119e-08 0.13458 
16.1834 0.133517 0.132108 2.17188e-08 2.18105e-08 0.133208 
16.2924 0.132153 0.130758 2.17173e-08 2.1809e-08 0.13185 
16.4022 0.130801 0.129421 2.17158e-08 2.18075e-08 0.130504 
16.5127 0.129459 0.128093 2.17143e-08 2.1806e-08 0.129166 
16.6239 0.128122 0.126771 2.17127e-08 2.18045e-08 0.127836 
16.7359 0.126791 0.125453 2.17112e-08 2.18029e-08 0.126509 
16.8487 0.12546 0.124137 2.17096e-08 2.18014e-08 0.125184 
16.9622 0.12413 0.122821 2.1708e-08 2.17998e-08 0.123859 
17.0765 0.122797 0.121502 2.17064e-08 2.17982e-08 0.122531 
17.1916 0.12146 0.120179 2.17047e-08 2.17966e-08 0.121199 
17.3074 0.120117 0.118851 2.17031e-08 2.1795e-08 0.119861 
17.424 0.118767 0.117515 2.17014e-08 2.17933e-08 0.118515 
17.5414 0.117408 0.11617 2.16997e-08 2.17916e-08 0.11716 
17.6596 0.116039 0.114816 2.1698e-08 2.179e-08 0.115796 
17.7786 0.11466 0.113452 2.16962e-08 2.17882e-08 0.114421 
17.8984 0.11327 0.112076 2.16945e-08 2.17865e-08 0.113034 
18.019 0.111868 0.110689 2.16927e-08 2.17848e-08 0.111636 
18.1404 0.110454 0.109291 2.16909e-08 2.1783e-08 0.110226 
18.2626 0.10903 0.107881 2.16891e-08 2.17812e-08 0.108805 
18.3856 0.107594 0.106461 2.16873e-08 2.17794e-08 0.107373 
18.5095 0.106149 0.105031 2.16854e-08 2.17776e-08 0.10593 
18.6342 0.104694 0.103591 2.16835e-08 2.17757e-08 0.104477 
18.7598 0.10323 0.102143 2.16816e-08 2.17738e-08 0.103017 
18.8862 0.10176 0.100689 2.16797e-08 2.1772e-08 0.101549 
19.0134 0.100285 0.0992294 2.16777e-08 2.177e-08 0.100076 
19.1415 0.0988064 0.0977664 2.16758e-08 2.17681e-08 0.0985991 
19.2705 0.0973262 0.0963019 2.16738e-08 2.17661e-08 0.0971207 
19.4003 0.0958467 0.094838 2.16718e-08 2.17642e-08 0.0956427 
19.531 0.09437 0.093377 2.16697e-08 2.17622e-08 0.0941674 
19.6626 0.0928984 0.091921 2.16677e-08 2.17601e-08 0.0926971 
19.7951 0.0914345 0.0904726 2.16656e-08 2.17581e-08 0.0912344 
19.9285 0.0899807 0.0890342 2.16635e-08 2.1756e-08 0.0897816 
20.0628 0.0885395 0.0876083 2.16614e-08 2.17539e-08 0.0883413 
20.1979 0.0871134 0.0861973 2.16592e-08 2.17518e-08 0.0869161 
20.334 0.0857048 0.0848037 2.1657e-08 2.17497e-08 0.0855083 
20.471 0.0843163 0.0834298 2.16548e-08 2.17475e-08 0.0841206 
20.6089 0.08295 0.082078 2.16526e-08 2.17453e-08 0.082755 
20.7478 0.0816082 0.0807505 2.16503e-08 2.17431e-08 0.081414 
20.8876 0.0802929 0.0794491 2.16481e-08 2.17408e-08 0.0800995 
21.0283 0.079006 0.0781758 2.16458e-08 2.17386e-08 0.0788135 
21.17 0.0777491 0.0769323 2.16434e-08 2.17363e-08 0.0775575 
21.3126 0.0765237 0.0757198 2.16411e-08 2.1734e-08 0.0763331 
21.4562 0.0753308 0.0745396 2.16387e-08 2.17316e-08 0.0751414 
21.6008 0.0741715 0.0733926 2.16363e-08 2.17292e-08 0.0739833 
21.7463 0.0730463 0.0722793 2.16339e-08 2.17269e-08 0.0728595 
21.8929 0.0719555 0.0712001 2.16314e-08 2.17244e-08 0.0717703 
22.0404 0.0708991 0.0701549 2.16289e-08 2.1722e-08 0.0707158 
22.1889 0.069877 0.0691436 2.16264e-08 2.17195e-08 0.0696956 
22.3384 0.0688884 0.0681656 2.16238e-08 2.1717e-08 0.0687092 
22.4889 0.0679325 0.0672198 2.16213e-08 2.17145e-08 0.0677556 
22.6404 0.0670081 0.0663052 2.16187e-08 2.17119e-08 0.0668338 
22.7929 0.0661136 0.0654203 2.1616e-08 2.17093e-08 0.0659422 
22.9465 0.0652475 0.0645634 2.16134e-08 2.17067e-08 0.065079 
23.1011 0.0644076 0.0637325 2.16107e-08 2.17041e-08 0.0642424 
23.2568 0.0635919 0.0629254 2.1608e-08 2.17014e-08 0.0634301 
23.4135 0.0627979 0.0621399 2.16052e-08 2.16987e-08 0.0626397 
23.5712 0.0620232 0.0613734 2.16024e-08 2.16959e-08 0.0618687 
23.73 0.061265 0.0606234 2.15996e-08 2.16932e-08 0.0611144 
23.8899 0.0605208 0.0598871 2.15968e-08 2.16904e-08 0.0603742 
24.0509 0.0597878 0.0591619 2.15939e-08 2.16875e-08 0.0596452 
24.2129 0.0590632 0.058445 2.1591e-08 2.16847e-08 0.0589248 
24.3761 0.0583444 0.0577339 2.15881e-08 2.16818e-08 0.0582102 
24.5403 0.0576288 0.057026 2.15851e-08 2.16789e-08 0.0574987 
24.7056 0.056914 0.0563188 2.15821e-08 2.16759e-08 0.0567881 
24.8721 0.0561977 0.0556102 2.15791e-08 2.16729e-08 0.0560759 
25.0397 0.055478 0.0548982 2.1576e-08 2.16699e-08 0.0553601 
25.2084 0.054753 0.0541809 2.15729e-08 2.16669e-08 0.054639 
25.3782 0.0540213 0.053457 2.15698e-08 2.16638e-08 0.0539109 
25.5492 0.0532816 0.0527252 2.15666e-08 2.16607e-08 0.0531747 
25.7214 0.0525332 0.0519848 2.15634e-08 2.16575e-08 0.0524295 
25.8947 0.0517755 0.0512353 2.15602e-08 2.16543e-08 0.0516748 
26.0691 0.0510085 0.0504764 2.15569e-08 2.16511e-08 0.0509104 
26.2448 0.0502324 0.0497086 2.15536e-08 2.16479e-08 0.0501366 
26.4216 0.0494477 0.0489323 2.15503e-08 2.16446e-08 0.049354 
26.5996 0.0486555 0.0481486 2.15469e-08 2.16413e-08 0.0485635 
26.7788 0.047857 0.0473586 2.15435e-08 2.16379e-08 0.0477664 
26.9593 0.0470538 0.0465639 2.154e-08 2.16345e-08 0.0469643 
27.1409 0.0462478 0.0457665 2.15365e-08 2.16311e-08 0.046159 
27.3238 0.045441 0.0449683 2.1533e-08 2.16276e-08 0.0453527 
27.5079 0.0446358 0.0441717 2.15295e-08 2.16241e-08 0.0445476 
27.6932 0.0438345 0.043379 2.15259e-08 2.16205e-08 0.0437463 
27.8798 0.0430398 0.0425927 2.15222e-08 2.1617e-08 0.0429512 
28.0676 0.0422541 0.0418154 2.15185e-08 2.16133e-08 0.042165 
28.2567 0.04148 0.0410495 2.15148e-08 2.16097e-08 0.0413902 
28.4471 0.0407199 0.0402974 2.15111e-08 2.1606e-08 0.0406293 
28.6388 0.0399761 0.0395615 2.15073e-08 2.16022e-08 0.0398846 
28.8318 0.0392507 0.0388438 2.15034e-08 2.15985e-08 0.0391584 
29.026 0.0385456 0.0381462 2.14996e-08 2.15946e-08 0.0384524 
29.2216 0.0378622 0.03747 2.14956e-08 2.15908e-08 0.0377683 
29.4185 0.0372018 0.0368167 2.14917e-08 2.15869e-08 0.0371073 
29.6167 0.0365653 0.0361869 2.14877e-08 2.1583e-08 0.0364704 
29.8162 0.0359531 0.0355811 2.14836e-08 2.1579e-08 0.035858 
30.0171 0.0353652 0.0349994 2.14796e-08 2.15749e-08 0.0352701 
30.2194 0.0348011 0.0344413 2.14754e-08 2.15709e-08 0.0347065 
30.423 0.0342602 0.0339061 2.14712e-08 2.15668e-08 0.0341663 
30.6279 0.0337412 0.0333925 2.1467e-08 2.15626e-08 0.0336483 
30.8343 0.0332424 0.032899 2.14628e-08 2.15584e-08 0.033151 
31.0421 0.0327621 0.0324238 2.14585e-08 2.15542e-08 0.0326725 
31.2512 0.032298 0.0319645 2.14541e-08 2.15499e-08 0.0322105 
31.4618 0.0318477 0.0315189 2.14497e-08 2.15456e-08 0.0317626 
31.6737 0.0314086 0.0310844 2.14453e-08 2.15412e-08 0.0313263 
31.8871 0.030978 0.0306583 2.14408e-08 2.15368e-08 0.0308987 
32.102 0.0305532 0.030238 2.14363e-08 2.15323e-08 0.0304772 
32.3183 0.0301316 0.0298208 2.14317e-08 2.15278e-08 0.030059 
32.536 0.0297105 0.0294041 2.14271e-08 2.15232e-08 0.0296415 
32.7553 0.0292878 0.0289859 2.14224e-08 2.15186e-08 0.0292224 
32.9759 0.0288614 0.0285639 2.14177e-08 2.1514e-08 0.0287995 
33.1981 0.0284295 0.0281365 2.14129e-08 2.15093e-08 0.0283711 
33.4218 0.0279909 0.0277025 2.14081e-08 2.15045e-08 0.0279358 
33.647 0.0275446 0.0272608 2.14032e-08 2.14997e-08 0.0274925 
33.8737 0.0270902 0.0268112 2.13983e-08 2.14949e-08 0.027041 
34.1019 0.0266277 0.0263536 2.13933e-08 2.149e-08 0.026581 
34.3317 0.0261577 0.0258886 2.13883e-08 2.14851e-08 0.0261131 
34.563 0.0256812 0.025417 2.13832e-08 2.14801e-08 0.0256382 
34.7959 0.0251995 0.0249404 2.13781e-08 2.1475e-08 0.0251578 
35.0303 0.0247144 0.0244605 2.13729e-08 2.14699e-08 0.0246735 
35.2663 0.0242281 0.0239793 2.13677e-08 2.14648e-08 0.0241875 
35.5039 0.0237428 0.0234991 2.13624e-08 2.14596e-08 0.0237021 
35.7432 0.0232611 0.0230226 2.1357e-08 2.14543e-08 0.0232199 
35.984 0.0227856 0.0225521 2.13517e-08 2.1449e-08 0.0227435 
36.2264 0.0223188 0.0220903 2.13462e-08 2.14436e-08 0.0222755 
36.4705 0.0218632 0.0216395 2.13407e-08 2.14382e-08 0.0218185 
36.7162 0.021421 0.021202 2.13352e-08 2.14327e-08 0.0213747 
36.9636 0.020994 0.0207796 2.13295e-08 2.14272e-08 0.0209461 
37.2127 0.0205839 0.0203739 2.13239e-08 2.14216e-08 0.0205343 
37.4634 0.0201918 0.0199859 2.13182e-08 2.1416e-08 0.0201406 
37.7158 0.0198181 0.0196163 2.13124e-08 2.14103e-08 0.0197656 
37.9699 0.0194631 0.019265 2.13065e-08 2.14046e-08 0.0194095 
38.2257 0.0191262 0.0189317 2.13006e-08 2.13987e-08 0.0190719 
38.4833 0.0188064 0.0186154 2.12947e-08 2.13929e-08 0.0187518 
38.7426 0.0185023 0.0183146 2.12887e-08 2.1387e-08 0.0184479 
39.0036 0.018212 0.0180274 2.12826e-08 2.1381e-08 0.0181582 
39.2664 0.0179332 0.0177515 2.12765e-08 2.13749e-08 0.0178805 
39.531 0.0176634 0.0174846 2.12703e-08 2.13688e-08 0.0176122 
39.7973 0.0173998 0.0172238 2.1264e-08 2.13627e-08 0.0173507 
40.0655 0.0171398 0.0169666 2.12577e-08 2.13564e-08 0.0170932 
40.3354 0.0168806 0.0167101 2.12513e-08 2.13501e-08 0.0168368 
40.6072 0.0166198 0.0164521 2.12449e-08 2.13438e-08 0.0165791 
40.8808 0.0163552 0.0161903 2.12383e-08 2.13374e-08 0.0163177 
41.1562 0.0160851 0.015923 2.12318e-08 2.13309e-08 0.0160509 
41.4335 0.0158081 0.0156488 2.12251e-08 2.13244e-08 0.0157771 
41.7127 0.0155235 0.0153672 2.12184e-08 2.13178e-08 0.0154956 
41.9937 0.0152312 0.0150779 2.12117e-08 2.13111e-08 0.0152061 
42.2767 0.0149315 0.0147813 2.12049e-08 2.13044e-08 0.0149089 
42.5615 0.0146256 0.0144785 2.1198e-08 2.12976e-08 0.0146049 
42.8483 0.014315 0.014171 2.1191e-08 2.12907e-08 0.0142957 
43.137 0.0140015 0.0138608 2.1184e-08 2.12838e-08 0.0139832 
43.4276 0.0136876 0.0135501 2.11769e-08 2.12768e-08 0.0136696 
43.7202 0.0133759 0.0132414 2.11697e-08 2.12697e-08 0.0133575 
44.0148 0.0130688 0.0129375 2.11625e-08 2.12626e-08 0.0130497 
44.3113 0.0127691 0.0126407 2.11552e-08 2.12554e-08 0.0127487 
44.6099 0.012479 0.0123536 2.11478e-08 2.12481e-08 0.0124569 
44.9104 0.0122007 0.0120781 2.11404e-08 2.12408e-08 0.0121767 
45.213 0.0119357 0.0118157 2.11328e-08 2.12334e-08 0.0119096 
45.5177 0.0116851 0.0115675 2.11253e-08 2.12259e-08 0.0116568 
45.8243 0.0114492 0.011334 2.11176e-08 2.12184e-08 0.0114189 
46.1331 0.011228 0.0111149 2.11099e-08 2.12108e-08 0.0111959 
46.4439 0.0110204 0.0109094 2.11021e-08 2.12031e-08 0.010987 
46.7568 0.0108252 0.0107161 2.10942e-08 2.11953e-08 0.0107908 
47.0719 0.0106403 0.0105331 2.10862e-08 2.11875e-08 0.0106055 
47.389 0.0104635 0.010358 2.10782e-08 2.11795e-08 0.0104288 
47.7083 0.0102921 0.0101883 2.10701e-08 2.11716e-08 0.0102582 
48.0298 0.0101234 0.0100214 2.10619e-08 2.11635e-08 0.010091 
48.3534 0.009955 0.00985467 2.10537e-08 2.11554e-08 0.00992446 
48.6792 0.00978439 0.00968582 2.10454e-08 2.11471e-08 0.00975624 
49.0071 0.00960968 0.00951293 2.1037e-08 2.11388e-08 0.00958427 
49.3373 0.00942945 0.00933459 2.10285e-08 2.11305e-08 0.009407 
49.6697 0.00924291 0.00915002 2.10199e-08 2.1122e-08 0.00922348 
50.0044 0.00904995 0.00895912 2.10113e-08 2.11135e-08 0.00903345 
50.3413 0.00885115 0.00876245 2.10026e-08 2.11049e-08 0.00883734 
50.6805 0.00864773 0.00856121 2.09938e-08 2.10962e-08 0.00863624 
51.022 0.00844146 0.00835717 2.09849e-08 2.10874e-08 0.00843181 
51.3657 0.00823455 0.00815248 2.09759e-08 2.10786e-08 0.00822616 
51.7118 0.00802945 0.0079496 2.09669e-08 2.10697e-08 0.00802171 
52.0602 0.0078287 0.00775101 2.09578e-08 2.10607e-08 0.00782098 
52.411 0.00763471 0.0075591 2.09486e-08 2.10516e-08 0.00762642 
52.7641 0.00744956 0.00737592 2.09393e-08 2.10424e-08 0.00744019 
53.1196 0.00727485 0.00720307 2.09299e-08 2.10331e-08 0.00726399 
53.4775 0.00711156 0.00704149 2.09204e-08 2.10238e-08 0.00709894 
53.8378 0.00695994 0.00689144 2.09109e-08 2.10144e-08 0.00694544 
54.2006 0.00681951 0.00675243 2.09013e-08 2.10048e-08 0.00680318 
54.5658 0.00668906 0.00662328 2.08915e-08 2.09952e-08 0.00667109 
54.9334 0.00656676 0.00650217 2.08817e-08 2.09856e-08 0.0065475 
55.3035 0.00645029 0.00638681 2.08719e-08 2.09758e-08 0.00643019 
55.6761 0.00633705 0.00627461 2.08619e-08 2.09659e-08 0.00631663 
56.0513 0.00622435 0.00616291 2.08518e-08 2.0956e-08 0.00620415 
56.4289 0.00610965 0.00604922 2.08417e-08 2.09459e-08 0.00609022 
56.8091 0.00599082 0.00593142 2.08314e-08 2.09358e-08 0.00597263 
57.1919 0.00586627 0.00580794 2.08211e-08 2.09256e-08 0.0058497 
57.5772 0.00573516 0.00567794 2.08107e-08 2.09153e-08 0.00572044 
57.9651 0.00559744 0.0055414 2.08001e-08 2.09049e-08 0.00558465 
58.3557 0.00545388 0.00539907 2.07895e-08 2.08944e-08 0.00544294 
58.7489 0.00530601 0.00525248 2.07788e-08 2.08838e-08 0.0052967 
59.1447 0.00515597 0.00510374 2.0768e-08 2.08731e-08 0.00514793 
59.5432 0.00500634 0.00495541 2.07571e-08 2.08623e-08 0.0049991 
59.9444 0.00485984 0.0048102 2.07462e-08 2.08514e-08 0.00485289 
60.3483 0.00471912 0.00467072 2.07351e-08 2.08404e-08 0.00471195 
60.7549 0.00458647 0.00453924 2.07239e-08 2.08294e-08 0.00457862 
61.1642 0.00446357 0.00441744 2.07126e-08 2.08182e-08 0.00445468 
61.5763 0.00435136 0.00430625 2.07013e-08 2.0807e-08 0.00434122 
61.9912 0.00424989 0.00420571 2.06898e-08 2.07956e-08 0.00423845 
62.4089 0.00415836 0.00411504 2.06782e-08 2.07841e-08 0.00414575 
62.8294 0.00407515 0.00403263 2.06666e-08 2.07726e-08 0.00406167 
63.2527 0.00399802 0.00395626 2.06548e-08 2.07609e-08 0.00398409 
63.6789 0.00392432 0.00388331 2.0643e-08 2.07491e-08 0.00391051 
64.1079 0.00385133 0.00381109 2.0631e-08 2.07373e-08 0.0038382 
64.5398 0.0037765 0.00373706 2.06189e-08 2.07253e-08 0.00376464 
64.9747 0.00369777 0.00365919 2.06068e-08 2.07132e-08 0.00368766 
65.4125 0.0036138 0.00357614 2.05945e-08 2.07011e-08 0.00360578 
65.8532 0.00352409 0.00348741 2.05821e-08 2.06888e-08 0.00351835 
66.2969 0.00342907 0.00339342 2.05697e-08 2.06764e-08 0.00342555 
66.7436 0.00333 0.0032954 2.05571e-08 2.06639e-08 0.00332846 
67.1933 0.00322883 0.00319528 2.05444e-08 2.06513e-08 0.00322881 
67.646 0.00312792 0.0030954 2.05316e-08 2.06386e-08 0.00312882 
68.1018 0.00302974 0.00299819 2.05187e-08 2.06258e-08 0.00303085 
68.5606 0.00293656 0.00290588 2.05057e-08 2.06129e-08 0.00293714 
69.0225 0.00285008 0.00282016 2.04926e-08 2.05998e-08 0.00284944 
69.4876 0.00277125 0.00274197 2.04794e-08 2.05867e-08 0.00276882 
69.9558 0.00270011 0.00267134 2.04661e-08 2.05735e-08 0.00269549 
70.4271 0.00263575 0.00260737 2.04526e-08 2.05601e-08 0.00262876 
70.9016 0.00257647 0.00254839 2.04391e-08 2.05466e-08 0.00256715 
71.3793 0.00251995 0.00249211 2.04254e-08 2.0533e-08 0.00250859 
71.8603 0.00246365 0.00243602 2.04116e-08 2.05193e-08 0.00245072 
72.3444 0.00240511 0.00237768 2.03978e-08 2.05055e-08 0.00239121 
72.8319 0.00234236 0.00231516 2.03838e-08 2.04916e-08 0.00232817 
73.3226 0.0022742 0.00224727 2.03697e-08 2.04775e-08 0.00226037 
73.8166 0.00220039 0.0021738 2.03555e-08 2.04633e-08 0.00218752 
74.3139 0.00212174 0.00209554 2.03411e-08 2.04491e-08 0.00211029 
74.8146 0.00203996 0.00201421 2.03267e-08 2.04346e-08 0.00203023 
75.3187 0.00195746 0.00193217 2.03121e-08 2.04201e-08 0.00194957 
75.8262 0.00187695 0.00185215 2.02974e-08 2.04055e-08 0.00187087 
76.3371 0.00180108 0.00177672 2.02826e-08 2.03907e-08 0.00179663 
76.8514 0.00173193 0.00170799 2.02677e-08 2.03758e-08 0.0017289 
77.3692 0.00167078 0.0016472 2.02527e-08 2.03608e-08 0.0016689 
77.8905 0.00161781 0.00159455 2.02375e-08 2.03457e-08 0.00161686 
78.4153 0.00157212 0.00154911 2.02223e-08 2.03305e-08 0.00157194 
78.9436 0.00153184 0.00150906 2.02069e-08 2.03151e-08 0.00153236 
79.4755 0.00149444 0.00147188 2.01914e-08 2.02996e-08 0.00149566 
80.011 0.00145719 0.00143485 2.01757e-08 2.0284e-08 0.00145914 
80.5501 0.00141759 0.0013955 2.016e-08 2.02682e-08 0.00142029 
81.0928 0.00137383 0.00135205 2.01441e-08 2.02523e-08 0.00137725 
81.6392 0.00132515 0.00130372 2.01281e-08 2.02363e-08 0.00132911 
82.1892 0.00127192 0.0012509 2.0112e-08 2.02202e-08 0.00127611 
82.743 0.00121567 0.00119508 2.00957e-08 2.02039e-08 0.0012196 
83.3005 0.00115875 0.00113861 2.00794e-08 2.01875e-08 0.0011618 
83.8617 0.00110398 0.00108429 2.00628e-08 2.0171e-08 0.00110543 
84.4268 0.00105413 0.00103485 2.00462e-08 2.01544e-08 0.00105324 
84.9956 0.0010114 0.000992518 2.00295e-08 2.01376e-08 0.00100752 
85.5683 0.000977119 0.000958611 2.00126e-08 2.01207e-08 0.000969779 
86.1448 0.000951503 0.000933374 1.99956e-08 2.01036e-08 0.000940477 
86.7252 0.000933725 0.00091602 1.99784e-08 2.00864e-08 0.000919093 
87.3095 0.000922182 0.000904996 1.99611e-08 2.00691e-08 0.000904341 
87.8978 0.000914945 0.000898428 1.99437e-08 2.00517e-08 0.000894572 
88.49 0.000910285 0.00089464 1.99262e-08 2.00341e-08 0.000888275 
89.0862 0.000907163 0.000892639 1.99085e-08 2.00164e-08 0.000884533 
89.6865 0.000905574 0.000892454 1.98907e-08 1.99985e-08 0.000883366 
90.2907 0.00090666 0.000895244 1.98727e-08 1.99805e-08 0.000885843 
90.8991 0.000912541 0.00090313 1.98547e-08 1.99624e-08 0.000893943 
91.5115 0.000925907 0.00091879 1.98364e-08 1.99441e-08 0.000910177 
92.1281 0.000949431 0.000944881 1.98181e-08 1.99257e-08 0.000937038 
92.7488 0.000985149 0.000983415 1.97996e-08 1.99071e-08 0.000976409 
93.3737 0.00103393 0.00103524 1.9781e-08 1.98884e-08 0.00102905 
94.0028 0.00109517 0.00109975 1.97622e-08 1.98696e-08 0.0010943 
94.6362 0.0011668 0.00117486 1.97433e-08 1.98506e-08 0.00117008 
95.2738 0.00124562 0.00125736 1.97242e-08 1.98314e-08 0.00125314 
95.9158 0.0013278 0.00134342 1.9705e-08 1.98122e-08 0.00133963 
96.562 0.00140964 0.0014293 1.96857e-08 1.97928e-08 0.00142575 
97.2126 0.00148814 0.00151199 1.96662e-08 1.97732e-08 0.00150833 
97.8676 0.00156144 0.00158956 1.96466e-08 1.97535e-08 0.00158531 
98.527 0.00162894 0.00166136 1.96268e-08 1.97336e-08 0.00165585 
99.1908 0.00169108 0.00172773 1.96069e-08 1.97136e-08 0.00172013 
99.8591 0.00174879 0.00178951 1.95868e-08 1.96935e-08 0.00177892 
100.532 0.00180286 0.00184744 1.95666e-08 1.96732e-08 0.00183291 
101.209 0.00185334 0.00190147 1.95463e-08 1.96527e-08 0.00188217 
101.891 0.00189915 0.00195047 1.95258e-08 1.96321e-08 0.00192577 
102.578 0.00193807 0.00199219 1.95052e-08 1.96114e-08 0.00196172 
103.269 0.00196707 0.00202361 1.94844e-08 1.95905e-08 0.0019873 
103.965 0.00198302 0.00204159 1.94634e-08 1.95694e-08 0.00199965 
104.665 0.00198342 0.00204363 1.94423e-08 1.95482e-08 0.00199653 
105.37 0.00196709 0.00202856 1.94211e-08 1.95269e-08 0.00197692 
106.08 0.00193453 0.00199686 1.93997e-08 1.95054e-08 0.00194139 
106.795 0.0018878 0.00195061 1.93782e-08 1.94837e-08 0.00189203 
107.515 0.0018301 0.00189299 1.93565e-08 1.94619e-08 0.001832 
108.239 0.00176491 0.00182748 1.93346e-08 1.94399e-08 0.00176478 
108.968 0.00169519 0.00175705 1.93127e-08 1.94178e-08 0.00169336 
109.702 0.00162272 0.0016835 1.92905e-08 1.93955e-08 0.0016196 
110.442 0.00154788 0.00160726 1.92682e-08 1.93731e-08 0.001544 
111.186 0.00146989 0.00152763 1.92458e-08 1.93505e-08 0.00146591 
111.935 0.00138751 0.00144342 1.92232e-08 1.93277e-08 0.00138415 
112.689 0.00129981 0.00135377 1.92004e-08 1.93048e-08 0.0012978 
113.448 0.00120696 0.00125889 1.91775e-08 1.92818e-08 0.00120688 
114.213 0.00111051 0.00116036 1.91545e-08 1.92585e-08 0.00111273 
114.982 0.00101322 0.00106096 1.91312e-08 1.92351e-08 0.00101783 
115.757 0.000918419 0.000964024 1.91079e-08 1.92116e-08 0.000925227 
116.537 0.000829063 0.000872494 1.90844e-08 1.91879e-08 0.000837657 
117.322 0.000746884 0.000788113 1.90607e-08 1.9164e-08 0.000756736 
118.112 0.000671931 0.000710948 1.90368e-08 1.914e-08 0.000682508 
118.908 0.000602684 0.000639509 1.90129e-08 1.91158e-08 0.000613534 
119.709 0.000536724 0.000571412 1.89887e-08 1.90915e-08 0.000547515 
120.516 0.000471724 0.000504359 1.89644e-08 1.9067e-08 0.000482221 
121.328 0.000406382 0.000437066 1.894e-08 1.90423e-08 0.000416392 
122.145 0.000340941 0.000369774 1.89153e-08 1.90175e-08 0.00035025 
122.968 0.000277073 0.000304139 1.88906e-08 1.89925e-08 0.000285409 
123.797 0.00021717 0.000242526 1.88656e-08 1.89674e-08 0.000224212 
124.631 0.000163317 0.000187 1.88406e-08 1.89421e-08 0.000168762 
125.471 0.000116375 0.000138414 1.88153e-08 1.89166e-08 0.000120031 
126.316 7.55781e-05 9.60116e-05 1.87899e-08 1.8891e-08 7.74445e-05 
127.167 3.88225e-05 5.77141e-05 1.87644e-08 1.88652e-08 3.91281e-05 
128.024 3.55709e-06 2.10008e-05 1.87387e-08 1.88393e-08 2.73007e-06 
128.886 -3.21062e-05 -1.59927e-05 1.87128e-08 1.88132e-08 -3.35282e-05 
129.755 -6.85501e-05 -5.3641e-05 1.86868e-08 1.87869e-08 -7.00389e-05 
130.629 -0.00010447 -9.06502e-05 1.86606e-08 1.87605e-08 -0.000105611 
131.509 -0.000137462 -0.000124638 1.86343e-08 1.87339e-08 -0.000138002 
132.395 -0.00016513 -0.000153235 1.86078e-08 1.87072e-08 -0.000164963 
133.287 -0.000186221 -0.000175201 1.85811e-08 1.86802e-08 -0.000185321 
134.185 -0.000201247 -0.000191046 1.85543e-08 1.86532e-08 -0.000199583 
135.089 -0.000212281 -0.000202827 1.85274e-08 1.86259e-08 -0.000209778 
136 -0.000222013 -0.000213212 1.85002e-08 1.85985e-08 -0.000218562 
136.916 -0.000232499 -0.000224247 1.84729e-08 1.8571e-08 -0.000228029 
137.838 -0.000244235 -0.000236433 1.84455e-08 1.85433e-08 -0.000238804 
138.767 -0.000256016 -0.000248593 1.84179e-08 1.85154e-08 -0.000249872 
139.702 -0.000265694 -0.000258612 1.83902e-08 1.84873e-08 -0.000259263 
140.643 -0.000271436 -0.000264692 1.83622e-08 1.84591e-08 -0.000265242 
141.591 -0.000272849 -0.000266459 1.83342e-08 1.84308e-08 -0.000267385 
142.545 -0.000271355 -0.000265328 1.83059e-08 1.84022e-08 -0.000266964 
143.505 -0.000269568 -0.0002639 1.82776e-08 1.83735e-08 -0.000266397 
144.472 -0.000270009 -0.000264673 1.8249e-08 1.83447e-08 -0.000268031 
145.446 -0.000273812 -0.000268778 1.82203e-08 1.83156e-08 -0.000272924 
146.426 -0.000280174 -0.000275421 1.81914e-08 1.82865e-08 -0.000280285 
147.412 -0.000286856 -0.000282388 1.81624e-08 1.82571e-08 -0.000287934 
148.405 -0.000291498 -0.000287339 1.81332e-08 1.82276e-08 -0.000293533 
149.405 -0.000292983 -0.000289165 1.81039e-08 1.81979e-08 -0.000295899 
150.412 -0.000292069 -0.00028861 1.80743e-08 1.81681e-08 -0.000295642 
151.425 -0.000290877 -0.000287766 1.80447e-08 1.81381e-08 -0.000294715 
152.446 -0.000291535 -0.000288729 1.80148e-08 1.81079e-08 -0.000295146 
153.473 -0.00029478 -0.000292221 1.79848e-08 1.80776e-08 -0.000297703 
154.507 -0.000299404 -0.000297042 1.79547e-08 1.80471e-08 -0.000301336 
155.548 -0.000302926 -0.00030073 1.79244e-08 1.80165e-08 -0.000303772 
156.596 -0.000303098 -0.00030106 1.78939e-08 1.79857e-08 -0.00030293 
157.651 -0.000299311 -0.000297428 1.78632e-08 1.79547e-08 -0.000298255 
158.713 -0.000292973 -0.000291228 1.78324e-08 1.79235e-08 -0.000291113 
159.782 -0.000286594 -0.00028495 1.78015e-08 1.78922e-08 -0.000283948 
160.859 -0.000282144 -0.000280547 1.77703e-08 1.78608e-08 -0.000278728 
161.943 -0.000279784 -0.000278187 1.7739e-08 1.78291e-08 -0.000275724 
163.034 -0.000277847 -0.00027623 1.77076e-08 1.77973e-08 -0.000273441 
164.132 -0.000274113 -0.000272486 1.7676e-08 1.77654e-08 -0.000269798 
165.238 -0.000267496 -0.000265892 1.76442e-08 1.77333e-08 -0.000263725 
166.352 -0.00025896 -0.000257408 1.76122e-08 1.7701e-08 -0.000256055 
167.472 -0.00025095 -0.000249461 1.75801e-08 1.76685e-08 -0.000249031 
168.601 -0.000245716 -0.000244281 1.75479e-08 1.76359e-08 -0.000244739 
169.737 -0.000243735 -0.000242343 1.75154e-08 1.76031e-08 -0.000243605 
170.88 -0.000243405 -0.000242063 1.74828e-08 1.75702e-08 -0.00024408 
172.032 -0.000242289 -0.000241026 1.74501e-08 1.75371e-08 -0.000243783 
173.191 -0.00023897 -0.000237827 1.74171e-08 1.75038e-08 -0.00024127 
174.358 -0.00023412 -0.000233125 1.73841e-08 1.74704e-08 -0.000237071 
175.532 -0.000229891 -0.000229041 1.73508e-08 1.74368e-08 -0.000233158 
176.715 -0.000228099 -0.000227367 1.73174e-08 1.74031e-08 -0.000231247 
177.906 -0.000228639 -0.000227988 1.72838e-08 1.73691e-08 -0.000231288 
179.104 -0.000229443 -0.000228855 1.72501e-08 1.73351e-08 -0.000231382 
180.311 -0.000228077 -0.000227551 1.72162e-08 1.73008e-08 -0.000229268 
181.526 -0.000223677 -0.000223219 1.71821e-08 1.72664e-08 -0.000224151 
182.749 -0.000217606 -0.000217206 1.71479e-08 1.72318e-08 -0.000217354 
183.98 -0.000212233 -0.000211854 1.71135e-08 1.71971e-08 -0.000211187 
185.22 -0.000208852 -0.000208445 1.7079e-08 1.71622e-08 -0.000206978 
186.468 -0.000206556 -0.000206087 1.70442e-08 1.71271e-08 -0.000203972 
187.724 -0.000203101 -0.000202564 1.70094e-08 1.70918e-08 -0.000200105 
188.989 -0.000197014 -0.000196423 1.69743e-08 1.70564e-08 -0.000193985 
190.262 -0.000189051 -0.000188422 1.69391e-08 1.70209e-08 -0.000186297 
191.544 -0.000181627 -0.000180956 1.69038e-08 1.69851e-08 -0.000179294 
192.835 -0.000176687 -0.000175957 1.68682e-08 1.69492e-08 -0.000174811 
194.134 -0.000173992 -0.000173193 1.68325e-08 1.69131e-08 -0.00017262 
195.442 -0.000171467 -0.000170619 1.67967e-08 1.68769e-08 -0.00017073 
196.759 -0.000167317 -0.00016646 1.67607e-08 1.68405e-08 -0.000167367 
198.085 -0.000161859 -0.000161031 1.67245e-08 1.68039e-08 -0.00016273 
199.419 -0.00015723 -0.000156448 1.66882e-08 1.67672e-08 -0.000158764 
200.763 -0.000155225 -0.000154482 1.66517e-08 1.67303e-08 -0.00015713 
202.116 -0.000155406 -0.0001547 1.6615e-08 1.66932e-08 -0.000157417 
203.477 -0.00015548 -0.000154825 1.65782e-08 1.66559e-08 -0.000157449 
204.848 -0.000153585 -0.000153011 1.65412e-08 1.66185e-08 -0.000155446 
206.229 -0.000150149 -0.000149676 1.6504e-08 1.65809e-08 -0.000151787 
207.618 -0.000147302 -0.000146924 1.64667e-08 1.65432e-08 -0.000148509 
209.017 -0.000146455 -0.000146144 1.64292e-08 1.65053e-08 -0.000147013 
210.425 -0.000146648 -0.000146386 1.63915e-08 1.64672e-08 -0.000146478 
211.843 -0.000145539 -0.000145329 1.63537e-08 1.64289e-08 -0.000144752 
213.27 -0.00014199 -0.000141845 1.63157e-08 1.63905e-08 -0.000140779 
214.707 -0.000137335 -0.000137254 1.62776e-08 1.63519e-08 -0.000135833 
216.154 -0.00013386 -0.000133821 1.62393e-08 1.63131e-08 -0.00013211 
217.61 -0.000132184 -0.000132159 1.62008e-08 1.62742e-08 -0.00013025 
219.076 -0.000130608 -0.000130592 1.61621e-08 1.6235e-08 -0.000128684 
220.552 -0.000127251 -0.000127262 1.61233e-08 1.61958e-08 -0.000125617 
222.038 -0.00012243 -0.000122487 1.60843e-08 1.61563e-08 -0.000121297 
223.534 -0.000118383 -0.000118482 1.60451e-08 1.61167e-08 -0.000117792 
225.041 -0.000116589 -0.000116716 1.60058e-08 1.60769e-08 -0.000116477 
226.557 -0.000115985 -0.000116133 1.59663e-08 1.6037e-08 -0.000116323 
228.083 -0.000114339 -0.000114525 1.59266e-08 1.59968e-08 -0.00011516 
229.62 -0.0001111 -0.000111345 1.58868e-08 1.59565e-08 -0.000112386 
231.167 -0.000108065 -0.000108367 1.58468e-08 1.59161e-08 -0.000109643 
232.725 -0.000106949 -0.000107285 1.58066e-08 1.58754e-08 -0.00010855 
234.293 -0.000107034 -0.000107388 1.57663e-08 1.58346e-08 -0.000108459 
235.871 -0.000106054 -0.000106428 1.57258e-08 1.57937e-08 -0.000107247 
237.46 -0.00010319 -0.000103596 1.56851e-08 1.57525e-08 -0.000104138 
239.06 -0.000100117 -0.000100547 1.56443e-08 1.57112e-08 -0.000100726 
240.671 -9.85963e-05 -9.90208e-05 1.56033e-08 1.56697e-08 -9.87271e-05 
242.293 -9.79434e-05 -9.83417e-05 1.55621e-08 1.56281e-08 -9.75673e-05 
243.925 -9.59715e-05 -9.63456e-05 1.55207e-08 1.55863e-08 -9.52205e-05 
245.569 -9.2131e-05 -9.24903e-05 1.54792e-08 1.55443e-08 -9.11713e-05 
247.223 -8.83319e-05 -8.86685e-05 1.54376e-08 1.55021e-08 -8.72325e-05 
248.889 -8.61936e-05 -8.64862e-05 1.53957e-08 1.54598e-08 -8.49737e-05 
250.566 -8.47389e-05 -8.49811e-05 1.53537e-08 1.54173e-08 -8.35124e-05 
252.254 -8.19977e-05 -8.22074e-05 1.53115e-08 1.53747e-08 -8.09813e-05 
253.954 -7.8132e-05 -7.8329e-05 1.52692e-08 1.53318e-08 -7.74842e-05 
255.665 -7.52813e-05 -7.54643e-05 1.52267e-08 1.52888e-08 -7.49982e-05 
257.387 -7.42919e-05 -7.44509e-05 1.5184e-08 1.52457e-08 -7.43052e-05 
259.121 -7.34194e-05 -7.35619e-05 1.51412e-08 1.52023e-08 -7.37355e-05 
260.867 -7.11117e-05 -7.126e-05 1.50982e-08 1.51588e-08 -7.17686e-05 
262.625 -6.84758e-05 -6.86391e-05 1.5055e-08 1.51151e-08 -6.93954e-05 
264.394 -6.74203e-05 -6.75861e-05 1.50117e-08 1.50713e-08 -6.84087e-05 
266.176 -6.74635e-05 -6.76234e-05 1.49682e-08 1.50272e-08 -6.83799e-05 
267.969 -6.64989e-05 -6.66655e-05 1.49245e-08 1.49831e-08 -6.73317e-05 
269.775 -6.42916e-05 -6.44784e-05 1.48807e-08 1.49387e-08 -6.50297e-05 
271.592 -6.27938e-05 -6.29913e-05 1.48367e-08 1.48942e-08 -6.33201e-05 
273.422 -6.2684e-05 -6.28733e-05 1.47925e-08 1.48495e-08 -6.28813e-05 
275.264 -6.20971e-05 -6.22763e-05 1.47482e-08 1.48046e-08 -6.19876e-05 
277.119 -5.98318e-05 -6.00103e-05 1.47037e-08 1.47596e-08 -5.95107e-05 
278.986 -5.74257e-05 -5.75966e-05 1.46591e-08 1.47144e-08 -5.69101e-05 
280.866 -5.63702e-05 -5.65126e-05 1.46142e-08 1.4669e-08 -5.56353e-05 
282.758 -5.54573e-05 -5.55664e-05 1.45693e-08 1.46235e-08 -5.45918e-05 
284.663 -5.31223e-05 -5.32136e-05 1.45241e-08 1.45778e-08 -5.23086e-05 
286.581 -5.04815e-05 -5.05622e-05 1.44788e-08 1.45319e-08 -4.98206e-05 
288.512 -4.93431e-05 -4.94038e-05 1.44334e-08 1.44858e-08 -4.88307e-05 
290.456 -4.8865e-05 -4.8906e-05 1.43877e-08 1.44396e-08 -4.85409e-05 
292.413 -4.72309e-05 -4.72709e-05 1.43419e-08 1.43932e-08 -4.71971e-05 
294.383 -4.51707e-05 -4.52194e-05 1.4296e-08 1.43467e-08 -4.54305e-05 
296.367 -4.44782e-05 -4.45247e-05 1.42499e-08 1.43e-08 -4.49086e-05 
298.363 -4.44182e-05 -4.44588e-05 1.42036e-08 1.42531e-08 -4.49392e-05 
300.374 -4.3195e-05 -4.32443e-05 1.41571e-08 1.4206e-08 -4.38141e-05 
302.398 -4.15806e-05 -4.16455e-05 1.41105e-08 1.41588e-08 -4.22425e-05 
304.435 -4.13129e-05 -4.13816e-05 1.40637e-08 1.41114e-08 -4.18778e-05 
306.486 -4.14837e-05 -4.1553e-05 1.40168e-08 1.40638e-08 -4.18923e-05 
308.551 -4.03995e-05 -4.04819e-05 1.39696e-08 1.40161e-08 -4.06896e-05 
310.63 -3.90546e-05 -3.91493e-05 1.39223e-08 1.39681e-08 -3.91993e-05 
312.723 -3.8867e-05 -3.89557e-05 1.38749e-08 1.39201e-08 -3.87821e-05 
314.83 -3.8514e-05 -3.85908e-05 1.38272e-08 1.38718e-08 -3.82219e-05 
316.951 -3.67613e-05 -3.68335e-05 1.37794e-08 1.38234e-08 -3.63607e-05 
319.087 -3.51718e-05 -3.52328e-05 1.37315e-08 1.37748e-08 -3.46816e-05 
321.237 -3.47036e-05 -3.47401e-05 1.36833e-08 1.3726e-08 -3.41253e-05 
323.401 -3.37239e-05 -3.37438e-05 1.3635e-08 1.36771e-08 -3.31727e-05 
325.58 -3.18886e-05 -3.19064e-05 1.35866e-08 1.36279e-08 -3.14805e-05 
327.774 -3.10394e-05 -3.10514e-05 1.35379e-08 1.35786e-08 -3.07681e-05 
329.982 -3.09959e-05 -3.09995e-05 1.34891e-08 1.35292e-08 -3.08607e-05 
332.205 -2.99822e-05 -2.99916e-05 1.34401e-08 1.34795e-08 -3.00512e-05 
334.444 -2.87409e-05 -2.876e-05 1.3391e-08 1.34297e-08 -2.89954e-05 
336.697 -2.86507e-05 -2.86673e-05 1.33417e-08 1.33797e-08 -2.89846e-05 
338.966 -2.83571e-05 -2.83725e-05 1.32922e-08 1.33295e-08 -2.87447e-05 
341.249 -2.70686e-05 -2.70932e-05 1.32426e-08 1.32792e-08 -2.75112e-05 
343.549 -2.65114e-05 -2.65386e-05 1.31928e-08 1.32286e-08 -2.69089e-05 
345.863 -2.66977e-05 -2.67215e-05 1.31428e-08 1.31779e-08 -2.69772e-05 
348.194 -2.59557e-05 -2.59879e-05 1.30927e-08 1.3127e-08 -2.61506e-05 
350.54 -2.5127e-05 -2.51691e-05 1.30424e-08 1.3076e-08 -2.52186e-05 
352.901 -2.53103e-05 -2.53499e-05 1.2992e-08 1.30247e-08 -2.52384e-05 
355.279 -2.49182e-05 -2.49572e-05 1.29413e-08 1.29733e-08 -2.47331e-05 
357.673 -2.36789e-05 -2.37207e-05 1.28906e-08 1.29217e-08 -2.34413e-05 
360.083 -2.3242e-05 -2.32731e-05 1.28396e-08 1.28699e-08 -2.29285e-05 
362.509 -2.28304e-05 -2.28472e-05 1.27885e-08 1.2818e-08 -2.24845e-05 
364.951 -2.14451e-05 -2.14577e-05 1.27372e-08 1.27658e-08 -2.11604e-05 
367.41 -2.06973e-05 -2.07015e-05 1.26858e-08 1.27135e-08 -2.04642e-05 
369.886 -2.05812e-05 -2.05748e-05 1.26341e-08 1.2661e-08 -2.03972e-05 
372.378 -1.96352e-05 -1.96319e-05 1.25824e-08 1.26084e-08 -1.95678e-05 
374.887 -1.90141e-05 -1.90147e-05 1.25304e-08 1.25555e-08 -1.90438e-05 
377.413 -1.9204e-05 -1.92026e-05 1.24783e-08 1.25025e-08 -1.92869e-05 
379.955 -1.85854e-05 -1.8591e-05 1.24259e-08 1.24493e-08 -1.87613e-05 
382.515 -1.79194e-05 -1.79316e-05 1.23735e-08 1.23959e-08 -1.81635e-05 
385.093 -1.80567e-05 -1.80655e-05 1.23208e-08 1.23423e-08 -1.82984e-05 
387.687 -1.74784e-05 -1.74903e-05 1.2268e-08 1.22886e-08 -1.77334e-05 
390.299 -1.67574e-05 -1.67737e-05 1.22149e-08 1.22346e-08 -1.6994e-05 
392.929 -1.69029e-05 -1.69151e-05 1.21617e-08 1.21805e-08 -1.70426e-05 
395.577 -1.64348e-05 -1.64498e-05 1.21084e-08 1.21262e-08 -1.64948e-05 
398.242 -1.58073e-05 -1.58267e-05 1.20548e-08 1.20717e-08 -1.57782e-05 
400.925 -1.59618e-05 -1.59765e-05 1.20011e-08 1.20171e-08 -1.58064e-05 
403.626 -1.54258e-05 -1.54417e-05 1.19472e-08 1.19623e-08 -1.52144e-05 
406.346 -1.47683e-05 -1.47851e-05 1.18931e-08 1.19072e-08 -1.45401e-05 
409.084 -1.47862e-05 -1.47953e-05 1.18388e-08 1.1852e-08 -1.45462e-05 
411.84 -1.40577e-05 -1.40658e-05 1.17844e-08 1.17966e-08 -1.38844e-05 
414.615 -1.34309e-05 -1.34363e-05 1.17298e-08 1.17411e-08 -1.33284e-05 
417.408 -1.33815e-05 -1.33783e-05 1.1675e-08 1.16853e-08 -1.33229e-05 
420.221 -1.26099e-05 -1.26071e-05 1.162e-08 1.16294e-08 -1.2631e-05 
423.052 -1.22708e-05 -1.2266e-05 1.15648e-08 1.15733e-08 -1.23289e-05 
425.902 -1.22744e-05 -1.22661e-05 1.15095e-08 1.1517e-08 -1.23442e-05 
428.772 -1.16225e-05 -1.162e-05 1.1454e-08 1.14605e-08 -1.17332e-05 
431.661 -1.16376e-05 -1.16357e-05 1.13983e-08 1.14039e-08 -1.17438e-05 
434.569 -1.15659e-05 -1.15671e-05 1.13424e-08 1.1347e-08 -1.16777e-05 
437.497 -1.10723e-05 -1.10819e-05 1.12863e-08 1.129e-08 -1.12061e-05 
440.445 -1.12755e-05 -1.12855e-05 1.12301e-08 1.12328e-08 -1.13784e-05 
443.412 -1.09186e-05 -1.09329e-05 1.11736e-08 1.11754e-08 -1.10068e-05 
446.4 -1.05541e-05 -1.05696e-05 1.1117e-08 1.11179e-08 -1.05992e-05 
449.408 -1.05699e-05 -1.05796e-05 1.10602e-08 1.10601e-08 -1.05366e-05 
452.435 -9.89213e-06 -9.90139e-06 1.10032e-08 1.10022e-08 -9.8184e-06 
455.484 -9.74785e-06 -9.75086e-06 1.0946e-08 1.09441e-08 -9.61235e-06 
458.553 -9.48165e-06 -9.48078e-06 1.08886e-08 1.08859e-08 -9.32006e-06 
461.642 -8.95907e-06 -8.95884e-06 1.08311e-08 1.08275e-08 -8.81071e-06 
464.753 -9.05304e-06 -9.04886e-06 1.07734e-08 1.07689e-08 -8.9103e-06 
467.884 -8.58024e-06 -8.57963e-06 1.07154e-08 1.07101e-08 -8.49835e-06 
471.036 -8.49053e-06 -8.49024e-06 1.06573e-08 1.06511e-08 -8.45507e-06 
474.21 -8.39133e-06 -8.39119e-06 1.0599e-08 1.0592e-08 -8.40828e-06 
477.405 -7.92732e-06 -7.92998e-06 1.05405e-08 1.05328e-08 -8.00557e-06 
480.622 -7.9871e-06 -7.98566e-06 1.04819e-08 1.04733e-08 -8.08114e-06 
483.86 -7.4855e-06 -7.48537e-06 1.0423e-08 1.04137e-08 -7.61135e-06 
487.12 -7.4065e-06 -7.40426e-06 1.0364e-08 1.03539e-08 -7.52117e-06 
490.402 -7.26955e-06 -7.26796e-06 1.03048e-08 1.0294e-08 -7.36803e-06 
493.706 -7.00888e-06 -7.01123e-06 1.02455e-08 1.02339e-08 -7.08289e-06 
497.033 -7.17675e-06 -7.17926e-06 1.01859e-08 1.01737e-08 -7.19265e-06 
500.382 -6.81586e-06 -6.82341e-06 1.01262e-08 1.01133e-08 -6.79857e-06 
503.753 -6.92676e-06 -6.9328e-06 1.00663e-08 1.00527e-08 -6.85252e-06 
507.147 -6.61309e-06 -6.62035e-06 1.00063e-08 9.99196e-09 -6.52421e-06 
510.564 -6.45849e-06 -6.46379e-06 9.94607e-09 9.93108e-09 -6.36188e-06 
514.004 -6.29247e-06 -6.29483e-06 9.88569e-09 9.87004e-09 -6.2093e-06 
517.467 -5.90463e-06 -5.90582e-06 9.82515e-09 9.80884e-09 -5.8543e-06 
520.954 -5.88234e-06 -5.87878e-06 9.76445e-09 9.7475e-09 -5.84695e-06 
524.464 -5.44958e-06 -5.4468e-06 9.70359e-09 9.68599e-09 -5.44863e-06 
527.997 -5.5263e-06 -5.52071e-06 9.64258e-09 9.62434e-09 -5.52505e-06 
531.555 -5.20837e-06 -5.20566e-06 9.5814e-09 9.56253e-09 -5.22785e-06 
535.136 -5.26306e-06 -5.25991e-06 9.52007e-09 9.50058e-09 -5.27771e-06 
538.742 -5.05704e-06 -5.05608e-06 9.45859e-09 9.43847e-09 -5.08534e-06 
542.372 -4.99565e-06 -4.99529e-06 9.39695e-09 9.37621e-09 -5.02982e-06 
546.026 -4.90815e-06 -4.90904e-06 9.33517e-09 9.3138e-09 -4.9555e-06 
549.705 -4.7683e-06 -4.77138e-06 9.27323e-09 9.25124e-09 -4.82675e-06 
553.409 -4.77842e-06 -4.78177e-06 9.21113e-09 9.18853e-09 -4.83068e-06 
557.137 -4.54982e-06 -4.55478e-06 9.14889e-09 9.12567e-09 -4.59253e-06 
560.891 -4.56758e-06 -4.5701e-06 9.0865e-09 9.06267e-09 -4.57436e-06 
564.67 -4.26072e-06 -4.26326e-06 9.02396e-09 8.99951e-09 -4.24328e-06 
568.475 -4.28826e-06 -4.28731e-06 8.96127e-09 8.93621e-09 -4.23249e-06 
572.305 -3.9866e-06 -3.98637e-06 8.89844e-09 8.87275e-09 -3.92394e-06 
576.161 -4.05138e-06 -4.04886e-06 8.83546e-09 8.80916e-09 -3.97651e-06 
580.043 -3.77345e-06 -3.77276e-06 8.77233e-09 8.74541e-09 -3.71905e-06 
583.951 -3.84787e-06 -3.84562e-06 8.70905e-09 8.68152e-09 -3.8018e-06 
587.885 -3.59016e-06 -3.59029e-06 8.64563e-09 8.61748e-09 -3.5765e-06 
591.846 -3.67706e-06 -3.67629e-06 8.58207e-09 8.5533e-09 -3.67682e-06 
595.834 -3.43008e-06 -3.43158e-06 8.51836e-09 8.48898e-09 -3.45974e-06 
599.848 -3.48456e-06 -3.48417e-06 8.45451e-09 8.42451e-09 -3.52057e-06 
603.89 -3.21135e-06 -3.21169e-06 8.39051e-09 8.35991e-09 -3.26648e-06 
607.959 -3.2454e-06 -3.24329e-06 8.32637e-09 8.29516e-09 -3.2954e-06 
612.055 -3.018e-06 -3.01713e-06 8.26209e-09 8.23028e-09 -3.07014e-06 
616.179 -3.09276e-06 -3.09114e-06 8.19767e-09 8.16526e-09 -3.12196e-06 
620.33 -2.94134e-06 -2.94207e-06 8.13311e-09 8.10012e-09 -2.95425e-06 
624.51 -3.0021e-06 -3.00282e-06 8.06841e-09 8.03483e-09 -2.98551e-06 
628.718 -2.87003e-06 -2.872e-06 8.00358e-09 7.96942e-09 -2.83733e-06 
632.954 -2.84582e-06 -2.84714e-06 7.93861e-09 7.90389e-09 -2.79931e-06 
637.218 -2.74594e-06 -2.74715e-06 7.87351e-09 7.83823e-09 -2.69902e-06 
641.512 -2.65005e-06 -2.6511e-06 7.80828e-09 7.77244e-09 -2.61429e-06 
645.834 -2.61153e-06 -2.61164e-06 7.74291e-09 7.70654e-09 -2.58893e-06 
650.185 -2.44028e-06 -2.44054e-06 7.67742e-09 7.64052e-09 -2.44091e-06 
654.566 -2.45198e-06 -2.45045e-06 7.61181e-09 7.57438e-09 -2.46029e-06 
658.976 -2.25917e-06 -2.25835e-06 7.54607e-09 7.50812e-09 -2.28028e-06 
663.416 -2.30727e-06 -2.30501e-06 7.48021e-09 7.44176e-09 -2.31884e-06 
667.886 -2.15518e-06 -2.15385e-06 7.41423e-09 7.37528e-09 -2.16521e-06 
672.386 -2.16495e-06 -2.16316e-06 7.34813e-09 7.3087e-09 -2.16817e-06 
676.916 -2.10324e-06 -2.10211e-06 7.28191e-09 7.24201e-09 -2.10873e-06 
681.477 -2.0301e-06 -2.03001e-06 7.21558e-09 7.17521e-09 -2.04208e-06 
686.069 -2.06943e-06 -2.06936e-06 7.14914e-09 7.10831e-09 -2.07787e-06 
690.691 -1.94202e-06 -1.94375e-06 7.08259e-09 7.04131e-09 -1.95299e-06 
695.345 -2e-06 -2.00126e-06 7.01592e-09 6.97421e-09 -1.99977e-06 
700.03 -1.88915e-06 -1.89104e-06 6.94915e-09 6.90701e-09 -1.88666e-06 
