# k (h/Mpc)   Matter   Baryon   CDM  CB  R  Nu   Rtot   (Units: (Mpc/h)^3)
9.92089e-06 55.9952 55.8754 55.8717 55.8724 935.335 966.895 948.177 
1.11193e-05 62.4735 62.3155 62.3114 62.3122 1042.35 1077.41 1056.62 
1.24624e-05 69.7012 69.5599 69.5554 69.5562 1163.76 1202.8 1179.64 
1.39678e-05 77.7651 77.5972 77.5921 77.5931 1297.55 1340.98 1315.22 
1.56551e-05 86.7619 86.5764 86.5708 86.5718 1447.03 1495.37 1466.7 
1.75461e-05 96.7995 96.5924 96.5862 96.5873 1613.52 1667.33 1635.42 
1.96656e-05 107.998 107.767 107.76 107.762 1798.93 1858.84 1823.31 
2.20411e-05 120.493 120.235 120.227 120.229 2005.33 2072.01 2032.46 
2.47036e-05 134.432 134.145 134.136 134.138 2234.93 2309.14 2265.13 
2.76877e-05 149.984 149.664 149.654 149.656 2490.17 2572.72 2523.77 
3.10322e-05 167.335 166.978 166.968 166.97 2773.63 2865.42 2810.98 
3.47807e-05 186.693 186.295 186.283 186.286 3088.06 3190.03 3129.56 
3.89821e-05 208.29 207.846 207.833 207.836 3436.3 3549.49 3482.37 
4.36909e-05 232.384 231.89 231.876 231.878 3821.26 3946.76 3872.33 
4.89685e-05 259.264 258.715 258.699 258.702 4245.78 4384.7 4302.32 
5.48837e-05 289.252 288.641 288.623 288.627 4712.48 4865.97 4774.95 
6.15133e-05 322.707 322.028 322.008 322.012 5223.55 5392.7 5292.39 
6.89438e-05 360.028 359.274 359.252 359.256 5780.4 5966.23 5856.03 
7.72719e-05 401.661 400.825 400.801 400.806 6383.22 6586.57 6465.98 
8.6606e-05 448.104 447.177 447.151 447.156 7030.39 7251.78 7120.5 
9.70675e-05 499.908 498.884 498.856 498.861 7717.62 7957.11 7815.11 
0.000108793 557.691 556.562 556.531 556.537 8436.93 8693.86 8541.53 
0.000121934 622.138 620.896 620.863 620.869 9175.31 9448.06 9286.36 
0.000136663 694.011 692.651 692.617 692.623 9913.2 10198.8 10029.5 
0.000153172 774.158 772.676 772.64 772.647 10622.7 10916.5 10742.4 
0.000171674 863.522 861.916 861.88 861.886 11266.2 11561.4 11386.4 
0.000192411 963.146 961.419 961.384 961.391 11794.8 12082.3 11911.9 
0.000215654 1074.19 1072.35 1072.32 1072.32 12149.2 12417.3 12258.5 
0.000241704 1197.93 1196 1195.97 1195.98 12262.3 12497 12358 
0.0002709 1335.79 1333.79 1333.77 1333.78 12065.2 12251.6 12141.2 
0.000303624 1489.33 1487.29 1487.3 1487.3 11500 11624.1 11550.7 
0.0003403 1660.28 1658.25 1658.28 1658.28 10537.1 10588.9 10558.3 
0.000381406 1850.52 1848.57 1848.64 1848.63 9196.13 9173.51 9186.88 
0.000427478 2062.13 2060.34 2060.46 2060.44 7564.24 7476.41 7528.26 
0.000479116 2297.41 2295.83 2296.03 2295.99 5799.47 5667.83 5745.46 
0.00053699 2558.84 2557.53 2557.83 2557.78 4106.2 3960.66 4046.37 
0.000601856 2849.14 2848.13 2848.57 2848.49 2679.35 2549.66 2625.93 
0.000674557 3171.26 3170.53 3171.13 3171.02 1636.64 1542.29 1597.72 
0.00075604 3528.34 3527.83 3528.64 3528.5 980.028 925.195 957.416 
0.000847366 3923.74 3923.35 3924.42 3924.23 617.518 594.74 608.152 
0.000949724 4360.95 4360.59 4361.95 4361.7 426.055 423.38 424.96 
0.00106445 4843.55 4843.19 4844.89 4844.58 304.443 309.284 306.418 
0.00119302 5375.26 5374.91 5376.96 5376.59 202.831 205.638 203.977 
0.00133714 5959.84 5959.51 5961.94 5961.5 125.018 123.891 124.557 
0.00149866 6601.03 6600.72 6603.51 6603 82.4363 80.2902 81.5554 
0.00167969 7302.35 7302.07 7305.2 7304.63 59.1512 58.0573 58.7027 
0.00188258 8066.93 8066.72 8070.2 8069.56 37.2537 37.1895 37.2274 
0.00210999 8897.46 8897.3 8901.16 8900.45 23.5911 23.6919 23.6323 
0.00236487 9795.86 9795.67 9800 9799.21 17.0282 16.741 16.9105 
0.00265053 10763 10762.7 10767.7 10766.7 10.4585 10.3228 10.4029 
0.0029707 11798.5 11797.9 11803.7 11802.7 7.40287 7.38933 7.39733 
0.00332955 12900.3 12899.4 12906.2 12904.9 4.92292 4.7485 4.85122 
0.00373174 14064.5 14063 14071 14069.5 3.26666 3.22646 3.25019 
0.00418251 15284.4 15282.3 15291.6 15289.9 2.12669 2.16629 2.14284 
0.00468774 16550.6 16547.5 16558.6 16556.6 1.41081 1.44779 1.42587 
0.00525399 17850.2 17845.7 17859.1 17856.7 0.958176 0.941808 0.951466 
0.00588865 19166.3 19160 19176.3 19173.3 0.62295 0.625514 0.623998 
0.00659997 20477.9 20469.1 20489 20485.4 0.413306 0.415838 0.41434 
0.00739721 21758.5 21746.4 21771 21766.5 0.266944 0.266024 0.266567 
0.00829076 22976.7 22960.3 22990.7 22985.1 0.184202 0.176623 0.181084 
0.00929224 24095.2 24073 24110.9 24104 0.117013 0.117539 0.117228 
0.0104147 25070.8 25041.2 25088.6 25080 0.0769101 0.0767013 0.0768247 
0.0116727 25854.9 25816.1 25875.2 25864.4 0.0469502 0.0469933 0.0469678 
0.0130827 26394.8 26344.3 26417.9 26404.5 0.0316018 0.0316213 0.0316098 
0.0146631 26635.3 26570.8 26661.7 26645.1 0.0209083 0.0201734 0.0206062 
0.0164343 26523.7 26442.5 26553.8 26533.5 0.0121887 0.0122593 0.0122176 
0.0184195 26015.6 25915.4 26049.6 26025.1 0.00808219 0.0079831 0.0080416 
0.0206445 25084.1 24963.5 25122.3 25093.3 0.00456191 0.00466459 0.00460376 
0.0231382 23731.7 23590.7 23774 23740.5 0.00279244 0.0028678 0.00282313 
0.0259332 22002.5 21842.9 22048 22010.5 0.00161042 0.00160161 0.00160681 
0.0290658 19990.7 19817.3 20038.4 19998 0.000978775 0.000940396 0.000962989 
0.0325768 17841.3 17661.5 17889.5 17847.8 0.000572273 0.000543393 0.000560374 
0.0365119 15734.3 15558 15780.9 15740.1 0.00030756 0.000308744 0.000308044 
0.0409223 13852.3 13689.8 13895 13857.4 0.000170652 0.000158984 0.000165831 
0.0458656 12331.4 12192.5 12368.3 12336.1 9.92775e-05 9.17938e-05 9.61819e-05 
0.0514059 11209.2 11100.1 11239 11213.6 5.45701e-05 5.01395e-05 5.27358e-05 
0.0576155 10378.6 10299.8 10401 10382.4 3.261e-05 3.085e-05 3.18845e-05 
0.0645751 9580.4 9524.78 9597.15 9583.92 1.92747e-05 1.84826e-05 1.89488e-05 
0.0723755 8509.88 8462.63 8524.03 8512.81 1.04941e-05 1.03001e-05 1.04146e-05 
0.0811181 7074.75 7022.36 7088.96 7076.78 5.8706e-06 5.55032e-06 5.73855e-06 
0.0909167 5588.75 5531.29 5603.63 5590.39 2.82684e-06 2.78971e-06 2.81163e-06 
0.101899 4534.03 4483.35 4547.42 4535.7 1.32818e-06 1.49486e-06 1.39515e-06 
0.114208 4028.64 3995.01 4038.69 4030.7 6.61859e-07 7.4649e-07 6.9585e-07 
0.128004 3615.38 3593.41 3621.91 3616.7 4.76443e-07 4.48072e-07 4.64737e-07 
0.143466 2874.59 2850.29 2879.82 2874.42 2.3168e-07 2.1271e-07 2.23826e-07 
0.160796 2202.06 2178.84 2207.69 2202.41 1.15182e-07 1.0601e-07 1.11385e-07 
0.180219 1921.57 1906.75 1925.55 1922.12 5.9156e-08 6.58134e-08 6.18353e-08 
0.201989 1578.21 1564.12 1579.59 1576.76 3.26861e-08 3.19872e-08 3.23994e-08 
0.226388 1211.71 1201.96 1216.17 1213.57 1.83095e-08 1.59104e-08 1.73081e-08 
0.253734 1019.86 1012.76 1022.7 1020.88 6.53867e-09 7.81767e-09 7.04786e-09 
0.284384 786.496 779.494 788.418 786.786 4.26226e-09 4.38537e-09 4.31239e-09 
0.318736 643.831 637.749 644.25 643.061 1.89881e-09 2.0697e-09 1.9678e-09 
0.357238 500.718 497.418 502.831 501.841 1.00645e-09 1.08464e-09 1.03807e-09 
0.400391 397.676 393.952 398.149 397.381 5.14401e-10 4.74611e-10 4.97937e-10 
0.448756 312.088 309.598 312.891 312.289 2.59562e-10 2.45593e-10 2.53804e-10 
0.502963 243.9 241.912 244.491 244.019 1.26816e-10 1.39324e-10 1.31859e-10 
0.563718 190.044 188.458 190.47 190.102 6.2589e-11 6.21304e-11 6.24013e-11 
0.631813 147.633 146.401 147.961 147.676 3.12441e-11 3.21679e-11 3.16202e-11 
0.708133 114.205 113.329 114.536 114.316 1.53359e-11 1.71216e-11 1.60542e-11 
0.793671 88.1627 87.4343 88.3655 88.1952 7.48506e-12 6.57482e-12 7.10573e-12 
