#          k/h    CDM            baryon         photon         nu             mass_nu        total          no_nu          total_de       Weyl           v_CDM          v_b            v_b-v_c     
   0.105171E-04   0.689519E+07   0.689519E+07   0.919210E+07   0.919204E+07   0.689548E+07   0.689520E+07   0.689519E+07   0.690359E+07  -0.595348E+00   0.672727E+07   0.672727E+07   0.113429E+02
   0.116124E-04   0.689519E+07   0.689519E+07   0.919177E+07   0.919170E+07   0.689548E+07   0.689520E+07   0.689519E+07   0.690359E+07  -0.595347E+00   0.672727E+07   0.672727E+07   0.125240E+02
   0.128218E-04   0.689519E+07   0.689518E+07   0.919137E+07   0.919128E+07   0.689548E+07   0.689519E+07   0.689519E+07   0.690358E+07  -0.595347E+00   0.672726E+07   0.672726E+07   0.138280E+02
   0.141570E-04   0.689518E+07   0.689518E+07   0.919088E+07   0.919077E+07   0.689548E+07   0.689519E+07   0.689518E+07   0.690358E+07  -0.595347E+00   0.672726E+07   0.672726E+07   0.152677E+02
   0.156314E-04   0.689518E+07   0.689518E+07   0.919029E+07   0.919016E+07   0.689547E+07   0.689519E+07   0.689518E+07   0.690358E+07  -0.595347E+00   0.672726E+07   0.672726E+07   0.168573E+02
   0.172593E-04   0.689518E+07   0.689518E+07   0.918956E+07   0.918940E+07   0.689547E+07   0.689519E+07   0.689518E+07   0.690357E+07  -0.595346E+00   0.672726E+07   0.672726E+07   0.186122E+02
   0.190567E-04   0.689517E+07   0.689517E+07   0.918868E+07   0.918848E+07   0.689546E+07   0.689518E+07   0.689517E+07   0.690357E+07  -0.595346E+00   0.672725E+07   0.672725E+07   0.205497E+02
   0.210413E-04   0.689517E+07   0.689517E+07   0.918760E+07   0.918736E+07   0.689546E+07   0.689518E+07   0.689517E+07   0.690356E+07  -0.595345E+00   0.672725E+07   0.672725E+07   0.226887E+02
   0.232326E-04   0.689516E+07   0.689516E+07   0.918629E+07   0.918600E+07   0.689545E+07   0.689517E+07   0.689516E+07   0.690356E+07  -0.595345E+00   0.672724E+07   0.672724E+07   0.250500E+02
   0.256521E-04   0.689516E+07   0.689515E+07   0.918469E+07   0.918434E+07   0.689544E+07   0.689516E+07   0.689516E+07   0.690355E+07  -0.595344E+00   0.672724E+07   0.672723E+07   0.276568E+02
   0.283236E-04   0.689515E+07   0.689515E+07   0.918274E+07   0.918231E+07   0.689543E+07   0.689516E+07   0.689515E+07   0.690354E+07  -0.595343E+00   0.672723E+07   0.672722E+07   0.305343E+02
   0.312733E-04   0.689514E+07   0.689513E+07   0.918036E+07   0.917984E+07   0.689542E+07   0.689514E+07   0.689514E+07   0.690352E+07  -0.595342E+00   0.672722E+07   0.672721E+07   0.337105E+02
   0.345301E-04   0.689512E+07   0.689512E+07   0.917746E+07   0.917682E+07   0.689541E+07   0.689513E+07   0.689512E+07   0.690351E+07  -0.595340E+00   0.672720E+07   0.672720E+07   0.372163E+02
   0.381262E-04   0.689511E+07   0.689510E+07   0.917394E+07   0.917315E+07   0.689539E+07   0.689512E+07   0.689511E+07   0.690349E+07  -0.595339E+00   0.672719E+07   0.672718E+07   0.410854E+02
   0.420968E-04   0.689509E+07   0.689508E+07   0.916963E+07   0.916868E+07   0.689537E+07   0.689510E+07   0.689509E+07   0.690346E+07  -0.595336E+00   0.672717E+07   0.672716E+07   0.453552E+02
   0.464808E-04   0.689506E+07   0.689506E+07   0.916439E+07   0.916323E+07   0.689534E+07   0.689507E+07   0.689506E+07   0.690344E+07  -0.595334E+00   0.672715E+07   0.672714E+07   0.500665E+02
   0.513214E-04   0.689504E+07   0.689503E+07   0.915800E+07   0.915659E+07   0.689531E+07   0.689504E+07   0.689504E+07   0.690340E+07  -0.595331E+00   0.672712E+07   0.672711E+07   0.552644E+02
   0.566662E-04   0.689500E+07   0.689499E+07   0.915022E+07   0.914850E+07   0.689527E+07   0.689501E+07   0.689500E+07   0.690336E+07  -0.595327E+00   0.672709E+07   0.672708E+07   0.609979E+02
   0.625675E-04   0.689496E+07   0.689495E+07   0.914074E+07   0.913864E+07   0.689522E+07   0.689497E+07   0.689496E+07   0.690331E+07  -0.595322E+00   0.672704E+07   0.672703E+07   0.673210E+02
   0.690835E-04   0.689491E+07   0.689490E+07   0.912920E+07   0.912664E+07   0.689516E+07   0.689491E+07   0.689490E+07   0.690324E+07  -0.595317E+00   0.672699E+07   0.672698E+07   0.742925E+02
   0.762780E-04   0.689484E+07   0.689483E+07   0.911514E+07   0.911204E+07   0.689508E+07   0.689485E+07   0.689484E+07   0.690317E+07  -0.595310E+00   0.672693E+07   0.672692E+07   0.819763E+02
   0.842218E-04   0.689477E+07   0.689475E+07   0.909804E+07   0.909426E+07   0.689500E+07   0.689477E+07   0.689476E+07   0.690307E+07  -0.595301E+00   0.672686E+07   0.672684E+07   0.904421E+02
   0.929929E-04   0.689467E+07   0.689465E+07   0.907723E+07   0.907262E+07   0.689489E+07   0.689468E+07   0.689467E+07   0.690296E+07  -0.595291E+00   0.672677E+07   0.672674E+07   0.997648E+02
   0.102677E-03   0.689456E+07   0.689453E+07   0.905192E+07   0.904631E+07   0.689476E+07   0.689456E+07   0.689455E+07   0.690282E+07  -0.595278E+00   0.672666E+07   0.672662E+07   0.110025E+03
   0.113370E-03   0.689442E+07   0.689439E+07   0.902116E+07   0.901434E+07   0.689460E+07   0.689442E+07   0.689441E+07   0.690265E+07  -0.595263E+00   0.672652E+07   0.672648E+07   0.121310E+03
   0.125177E-03   0.689425E+07   0.689421E+07   0.898379E+07   0.897550E+07   0.689440E+07   0.689425E+07   0.689424E+07   0.690244E+07  -0.595244E+00   0.672636E+07   0.672631E+07   0.133710E+03
   0.138213E-03   0.689404E+07   0.689400E+07   0.893843E+07   0.892837E+07   0.689416E+07   0.689404E+07   0.689403E+07   0.690219E+07  -0.595221E+00   0.672615E+07   0.672610E+07   0.147321E+03
   0.152607E-03   0.689379E+07   0.689373E+07   0.888343E+07   0.887122E+07   0.689387E+07   0.689378E+07   0.689378E+07   0.690189E+07  -0.595194E+00   0.672591E+07   0.672584E+07   0.162243E+03
   0.168500E-03   0.689348E+07   0.689342E+07   0.881682E+07   0.880202E+07   0.689352E+07   0.689347E+07   0.689347E+07   0.690152E+07  -0.595160E+00   0.672561E+07   0.672553E+07   0.178575E+03
   0.186048E-03   0.689311E+07   0.689303E+07   0.873626E+07   0.871834E+07   0.689309E+07   0.689309E+07   0.689309E+07   0.690106E+07  -0.595119E+00   0.672525E+07   0.672515E+07   0.196415E+03
   0.205424E-03   0.689265E+07   0.689255E+07   0.863902E+07   0.861734E+07   0.689257E+07   0.689263E+07   0.689264E+07   0.690051E+07  -0.595069E+00   0.672481E+07   0.672468E+07   0.215857E+03
   0.226817E-03   0.689210E+07   0.689198E+07   0.852187E+07   0.849571E+07   0.689193E+07   0.689207E+07   0.689208E+07   0.689984E+07  -0.595009E+00   0.672427E+07   0.672412E+07   0.236980E+03
   0.250438E-03   0.689142E+07   0.689128E+07   0.838112E+07   0.834963E+07   0.689115E+07   0.689139E+07   0.689140E+07   0.689903E+07  -0.594935E+00   0.672361E+07   0.672344E+07   0.259847E+03
   0.276520E-03   0.689060E+07   0.689043E+07   0.821257E+07   0.817475E+07   0.689021E+07   0.689056E+07   0.689058E+07   0.689805E+07  -0.594846E+00   0.672282E+07   0.672260E+07   0.284490E+03
   0.305317E-03   0.688961E+07   0.688940E+07   0.801152E+07   0.796626E+07   0.688906E+07   0.688956E+07   0.688957E+07   0.689686E+07  -0.594738E+00   0.672185E+07   0.672159E+07   0.310899E+03
   0.337113E-03   0.688840E+07   0.688814E+07   0.777287E+07   0.771891E+07   0.688767E+07   0.688834E+07   0.688836E+07   0.689542E+07  -0.594607E+00   0.672067E+07   0.672036E+07   0.339000E+03
   0.372221E-03   0.688693E+07   0.688663E+07   0.749128E+07   0.742728E+07   0.688598E+07   0.688686E+07   0.688688E+07   0.689367E+07  -0.594449E+00   0.671924E+07   0.671887E+07   0.368640E+03
   0.410985E-03   0.688515E+07   0.688479E+07   0.716145E+07   0.708598E+07   0.688393E+07   0.688506E+07   0.688510E+07   0.689157E+07  -0.594259E+00   0.671751E+07   0.671706E+07   0.399557E+03
   0.453786E-03   0.688300E+07   0.688256E+07   0.677858E+07   0.669026E+07   0.688145E+07   0.688289E+07   0.688293E+07   0.688905E+07  -0.594030E+00   0.671542E+07   0.671488E+07   0.431345E+03
   0.501045E-03   0.688040E+07   0.687988E+07   0.633909E+07   0.623664E+07   0.687844E+07   0.688026E+07   0.688032E+07   0.688602E+07  -0.593755E+00   0.671288E+07   0.671224E+07   0.463428E+03
   0.553225E-03   0.687726E+07   0.687664E+07   0.584152E+07   0.572399E+07   0.687481E+07   0.687709E+07   0.687716E+07   0.688239E+07  -0.593425E+00   0.670981E+07   0.670906E+07   0.495017E+03
   0.610839E-03   0.687349E+07   0.687275E+07   0.528778E+07   0.515474E+07   0.687043E+07   0.687328E+07   0.687337E+07   0.687807E+07  -0.593033E+00   0.670611E+07   0.670524E+07   0.525081E+03
   0.674453E-03   0.686895E+07   0.686808E+07   0.468460E+07   0.453646E+07   0.686517E+07   0.686870E+07   0.686881E+07   0.687294E+07  -0.592567E+00   0.670167E+07   0.670065E+07   0.552336E+03
   0.744692E-03   0.686352E+07   0.686250E+07   0.404501E+07   0.388332E+07   0.685885E+07   0.686322E+07   0.686336E+07   0.686687E+07  -0.592016E+00   0.669633E+07   0.669516E+07   0.575248E+03
   0.822246E-03   0.685704E+07   0.685586E+07   0.338951E+07   0.321726E+07   0.685128E+07   0.685668E+07   0.685685E+07   0.685973E+07  -0.591368E+00   0.668996E+07   0.668862E+07   0.592092E+03
   0.907877E-03   0.684933E+07   0.684798E+07   0.274624E+07   0.256809E+07   0.684226E+07   0.684891E+07   0.684911E+07   0.685136E+07  -0.590610E+00   0.668236E+07   0.668086E+07   0.601071E+03
   0.100243E-02   0.684020E+07   0.683868E+07   0.214936E+07   0.197156E+07   0.683153E+07   0.683970E+07   0.683996E+07   0.684162E+07  -0.589729E+00   0.667334E+07   0.667169E+07   0.600524E+03
   0.110682E-02   0.682944E+07   0.682774E+07   0.163459E+07   0.146449E+07   0.681883E+07   0.682886E+07   0.682917E+07   0.683030E+07  -0.588710E+00   0.666269E+07   0.666091E+07   0.589221E+03
   0.122209E-02   0.681682E+07   0.681496E+07   0.123138E+07   0.107651E+07   0.680385E+07   0.681614E+07   0.681652E+07   0.681722E+07  -0.587538E+00   0.665019E+07   0.664829E+07   0.566722E+03
   0.134936E-02   0.680209E+07   0.680009E+07   0.952795E+06   0.819344E+06   0.678622E+07   0.680130E+07   0.680177E+07   0.680214E+07  -0.586194E+00   0.663558E+07   0.663361E+07   0.533734E+03
   0.148988E-02   0.678498E+07   0.678286E+07   0.786228E+06   0.677611E+06   0.676559E+07   0.678407E+07   0.678464E+07   0.678476E+07  -0.584658E+00   0.661861E+07   0.661661E+07   0.492319E+03
   0.164504E-02   0.676520E+07   0.676300E+07   0.691636E+06   0.607661E+06   0.674157E+07   0.676416E+07   0.676485E+07   0.676476E+07  -0.582905E+00   0.659902E+07   0.659701E+07   0.445778E+03
   0.181636E-02   0.674244E+07   0.674018E+07   0.614189E+06   0.551730E+06   0.671372E+07   0.674123E+07   0.674208E+07   0.674177E+07  -0.580903E+00   0.657649E+07   0.657451E+07   0.398101E+03
   0.200552E-02   0.671633E+07   0.671404E+07   0.512208E+06   0.467357E+06   0.668149E+07   0.671493E+07   0.671597E+07   0.671539E+07  -0.578617E+00   0.655070E+07   0.654877E+07   0.353019E+03
   0.221438E-02   0.668648E+07   0.668416E+07   0.385757E+06   0.355872E+06   0.664432E+07   0.668486E+07   0.668611E+07   0.668520E+07  -0.576008E+00   0.652127E+07   0.651937E+07   0.313052E+03
   0.244500E-02   0.665245E+07   0.665007E+07   0.276297E+06   0.259484E+06   0.660155E+07   0.665056E+07   0.665208E+07   0.665081E+07  -0.573035E+00   0.648775E+07   0.648588E+07   0.279107E+03
   0.269962E-02   0.661378E+07   0.661128E+07   0.220674E+06   0.212781E+06   0.655247E+07   0.661156E+07   0.661338E+07   0.661176E+07  -0.569660E+00   0.644966E+07   0.644781E+07   0.250867E+03
   0.298077E-02   0.656993E+07   0.656728E+07   0.200220E+06   0.180632E+06   0.649632E+07   0.656732E+07   0.656951E+07   0.656750E+07  -0.565838E+00   0.640650E+07   0.640464E+07   0.227435E+03
   0.329119E-02   0.652039E+07   0.651751E+07   0.165904E+06   0.147042E+06   0.643229E+07   0.651731E+07   0.651993E+07   0.651746E+07  -0.561521E+00   0.635773E+07   0.635586E+07   0.207384E+03
   0.363395E-02   0.646457E+07   0.646142E+07   0.121823E+06   0.119572E+06   0.635955E+07   0.646094E+07   0.646407E+07   0.646105E+07  -0.556657E+00   0.630278E+07   0.630091E+07   0.188722E+03
   0.401240E-02   0.640186E+07   0.639843E+07   0.105773E+06   0.971192E+05   0.627722E+07   0.639760E+07   0.640132E+07   0.639770E+07  -0.551195E+00   0.624107E+07   0.623920E+07   0.170207E+03
   0.443026E-02   0.633165E+07   0.632788E+07   0.914509E+05   0.787785E+05   0.618448E+07   0.632667E+07   0.633105E+07   0.632675E+07  -0.545079E+00   0.617196E+07   0.617011E+07   0.152658E+03
   0.489163E-02   0.625329E+07   0.624911E+07   0.656770E+05   0.638085E+05   0.608054E+07   0.624748E+07   0.625263E+07   0.624754E+07  -0.538252E+00   0.609484E+07   0.609300E+07   0.137301E+03
   0.540106E-02   0.616614E+07   0.616145E+07   0.604603E+05   0.515992E+05   0.596468E+07   0.615939E+07   0.616539E+07   0.615944E+07  -0.530660E+00   0.600906E+07   0.600723E+07   0.124062E+03
   0.596354E-02   0.606957E+07   0.606426E+07   0.444455E+05   0.416516E+05   0.583635E+07   0.606177E+07   0.606872E+07   0.606181E+07  -0.522247E+00   0.591401E+07   0.591218E+07   0.112250E+03
   0.658460E-02   0.596297E+07   0.595694E+07   0.373295E+05   0.335554E+05   0.569511E+07   0.595403E+07   0.596201E+07   0.595406E+07  -0.512963E+00   0.580912E+07   0.580730E+07   0.101135E+03
   0.727033E-02   0.584580E+07   0.583890E+07   0.276039E+05   0.269743E+05   0.554070E+07   0.583561E+07   0.584470E+07   0.583563E+07  -0.502759E+00   0.569384E+07   0.569202E+07   0.911776E+02
   0.802749E-02   0.571755E+07   0.570961E+07   0.235096E+05   0.216323E+05   0.537299E+07   0.570602E+07   0.571629E+07   0.570604E+07  -0.491593E+00   0.556769E+07   0.556588E+07   0.824825E+02
   0.886349E-02   0.557780E+07   0.556862E+07   0.191494E+05   0.173029E+05   0.519195E+07   0.556484E+07   0.557634E+07   0.556486E+07  -0.479429E+00   0.543027E+07   0.542846E+07   0.746100E+02
   0.978655E-02   0.542621E+07   0.541557E+07   0.139560E+05   0.138003E+05   0.499764E+07   0.541174E+07   0.542452E+07   0.541176E+07  -0.466239E+00   0.528124E+07   0.527943E+07   0.675628E+02
   0.108057E-01   0.526250E+07   0.525015E+07   0.112851E+05   0.109722E+05   0.479022E+07   0.524646E+07   0.526053E+07   0.524647E+07  -0.451998E+00   0.512036E+07   0.511855E+07   0.613489E+02
   0.119311E-01   0.508648E+07   0.507214E+07   0.858575E+04   0.869362E+04   0.457003E+07   0.506882E+07   0.508420E+07   0.506882E+07  -0.436693E+00   0.494745E+07   0.494563E+07   0.557915E+02
   0.131736E-01   0.489809E+07   0.488143E+07   0.672535E+04   0.686209E+04   0.433786E+07   0.487875E+07   0.489544E+07   0.487876E+07  -0.420318E+00   0.476244E+07   0.476060E+07   0.508859E+02
   0.145456E-01   0.469734E+07   0.467805E+07   0.562834E+04   0.539379E+04   0.409478E+07   0.467633E+07   0.469427E+07   0.467634E+07  -0.402879E+00   0.456539E+07   0.456354E+07   0.465193E+02
   0.160604E-01   0.448444E+07   0.446219E+07   0.472170E+04   0.422010E+04   0.384197E+07   0.446178E+07   0.448090E+07   0.446179E+07  -0.384394E+00   0.435651E+07   0.435463E+07   0.426354E+02
   0.177329E-01   0.425975E+07   0.423422E+07   0.351084E+04   0.328495E+04   0.358036E+07   0.423549E+07   0.425569E+07   0.423549E+07  -0.364898E+00   0.413617E+07   0.413427E+07   0.391542E+02
   0.195797E-01   0.402388E+07   0.399480E+07   0.281832E+04   0.254255E+04   0.331091E+07   0.399806E+07   0.401925E+07   0.399806E+07  -0.344443E+00   0.390497E+07   0.390304E+07   0.359907E+02
   0.216188E-01   0.377884E+07   0.374605E+07   0.192790E+04   0.195608E+04   0.303163E+07   0.375142E+07   0.377362E+07   0.375142E+07  -0.323194E+00   0.366478E+07   0.366282E+07   0.330680E+02
   0.238702E-01   0.352424E+07   0.348774E+07   0.154236E+04   0.149439E+04   0.275317E+07   0.349554E+07   0.351844E+07   0.349554E+07  -0.301149E+00   0.341551E+07   0.341353E+07   0.302919E+02
   0.263561E-01   0.326386E+07   0.322387E+07   0.125157E+04   0.113358E+04   0.247704E+07   0.323414E+07   0.325749E+07   0.323414E+07  -0.278629E+00   0.316081E+07   0.315882E+07   0.275816E+02
   0.291009E-01   0.300106E+07   0.295813E+07   0.100202E+04   0.853624E+03   0.220678E+07   0.297066E+07   0.299423E+07   0.297067E+07  -0.255930E+00   0.290402E+07   0.290204E+07   0.248575E+02
   0.321315E-01   0.274155E+07   0.269663E+07   0.625239E+03   0.638588E+03   0.194737E+07   0.271085E+07   0.273440E+07   0.271085E+07  -0.233546E+00   0.265074E+07   0.264880E+07   0.220667E+02
   0.354778E-01   0.249110E+07   0.244557E+07   0.492739E+03   0.475145E+03   0.170382E+07   0.246052E+07   0.248386E+07   0.246052E+07  -0.211979E+00   0.240664E+07   0.240478E+07   0.191705E+02
   0.391725E-01   0.225602E+07   0.221166E+07   0.379881E+03   0.352366E+03   0.148132E+07   0.222600E+07   0.224896E+07   0.222600E+07  -0.191775E+00   0.217791E+07   0.217617E+07   0.161748E+02
   0.432520E-01   0.204278E+07   0.200161E+07   0.287015E+03   0.261288E+03   0.128347E+07   0.201370E+07   0.203623E+07   0.201370E+07  -0.173485E+00   0.197083E+07   0.196927E+07   0.131415E+02
   0.475772E-01   0.186173E+07   0.182552E+07   0.206582E+03   0.196523E+03   0.111744E+07   0.183387E+07   0.185597E+07   0.183387E+07  -0.157992E+00   0.179539E+07   0.179405E+07   0.103021E+02
   0.519024E-01   0.171970E+07   0.168925E+07   0.160166E+03   0.152360E+03   0.987289E+06   0.169309E+07   0.171486E+07   0.169309E+07  -0.145863E+00   0.165805E+07   0.165693E+07   0.791596E+01
   0.562276E-01   0.160462E+07   0.157990E+07   0.127221E+03   0.121014E+03   0.882071E+06   0.157919E+07   0.160069E+07   0.157919E+07  -0.136051E+00   0.154694E+07   0.154601E+07   0.601657E+01
   0.605528E-01   0.150725E+07   0.148753E+07   0.102950E+03   0.979230E+02   0.794050E+06   0.148286E+07   0.150411E+07   0.148286E+07  -0.127752E+00   0.145297E+07   0.145221E+07   0.460157E+01
   0.648780E-01   0.142094E+07   0.140502E+07   0.844717E+02   0.803440E+02   0.718065E+06   0.139745E+07   0.141841E+07   0.139745E+07  -0.120394E+00   0.136963E+07   0.136899E+07   0.363104E+01
   0.692032E-01   0.133994E+07   0.132640E+07   0.699446E+02   0.665241E+02   0.649994E+06   0.131721E+07   0.133779E+07   0.131721E+07  -0.113480E+00   0.129131E+07   0.129073E+07   0.303256E+01
   0.735284E-01   0.126037E+07   0.124783E+07   0.582176E+02   0.553686E+02   0.587309E+06   0.123829E+07   0.125837E+07   0.123829E+07  -0.106682E+00   0.121424E+07   0.121369E+07   0.271512E+01
   0.778536E-01   0.118098E+07   0.116832E+07   0.486022E+02   0.462221E+02   0.528996E+06   0.115952E+07   0.117897E+07   0.115952E+07  -0.998951E-01   0.113726E+07   0.113671E+07   0.258314E+01
   0.821788E-01   0.110277E+07   0.108926E+07   0.406824E+02   0.386888E+02   0.475135E+06   0.108191E+07   0.110062E+07   0.108191E+07  -0.932086E-01   0.106138E+07   0.106081E+07   0.254820E+01
   0.865040E-01   0.102786E+07   0.101320E+07   0.341788E+02   0.325030E+02   0.426281E+06   0.100760E+07   0.102553E+07   0.100760E+07  -0.868066E-01   0.988695E+06   0.988094E+06   0.253764E+01
   0.908292E-01   0.958308E+06   0.942628E+06   0.288682E+02   0.274520E+02   0.382828E+06   0.938669E+06   0.955814E+06   0.938669E+06  -0.808684E-01   0.921254E+06   0.920633E+06   0.249979E+01
   0.961876E-01   0.881918E+06   0.865588E+06   0.236570E+02   0.224956E+02   0.336696E+06   0.863084E+06   0.879320E+06   0.863084E+06  -0.743566E-01   0.847278E+06   0.846653E+06   0.237386E+01
   0.101546E+00   0.818148E+06   0.802129E+06   0.196692E+02   0.187030E+02   0.298866E+06   0.800138E+06   0.815600E+06   0.800138E+06  -0.689337E-01   0.785661E+06   0.785062E+06   0.215291E+01
   0.106904E+00   0.767430E+06   0.752658E+06   0.166329E+02   0.158153E+02   0.268562E+06   0.750224E+06   0.765080E+06   0.750224E+06  -0.646334E-01   0.736800E+06   0.736255E+06   0.186307E+01
   0.112263E+00   0.727958E+06   0.715080E+06   0.142991E+02   0.135958E+02   0.244328E+06   0.711500E+06   0.725909E+06   0.711500E+06  -0.612973E-01   0.698900E+06   0.698424E+06   0.154892E+01
   0.117621E+00   0.696093E+06   0.685326E+06   0.124507E+02   0.118379E+02   0.224303E+06   0.680314E+06   0.694380E+06   0.680314E+06  -0.586106E-01   0.668383E+06   0.667979E+06   0.125634E+01
   0.122980E+00   0.667833E+06   0.658965E+06   0.109229E+02   0.103850E+02   0.206781E+06   0.652669E+06   0.666422E+06   0.652669E+06  -0.562289E-01   0.641329E+06   0.640985E+06   0.102006E+01
   0.128338E+00   0.640074E+06   0.632575E+06   0.960872E+01   0.913530E+01   0.190575E+06   0.625467E+06   0.638881E+06   0.625467E+06  -0.538854E-01   0.614698E+06   0.614397E+06   0.857157E+00
   0.133696E+00   0.611086E+06   0.604286E+06   0.844816E+01   0.803171E+01   0.175071E+06   0.596990E+06   0.610004E+06   0.596990E+06  -0.514320E-01   0.586803E+06   0.586523E+06   0.766263E+00
   0.139055E+00   0.580489E+06   0.573767E+06   0.741331E+01   0.704772E+01   0.160118E+06   0.566873E+06   0.579419E+06   0.566873E+06  -0.488374E-01   0.557286E+06   0.557007E+06   0.731531E+00
   0.144413E+00   0.548957E+06   0.541882E+06   0.649468E+01   0.617425E+01   0.145877E+06   0.535804E+06   0.547832E+06   0.535804E+06  -0.461607E-01   0.526822E+06   0.526534E+06   0.729359E+00
   0.149771E+00   0.517780E+06   0.510184E+06   0.569036E+01   0.540951E+01   0.132637E+06   0.505083E+06   0.516571E+06   0.505083E+06  -0.435140E-01   0.496688E+06   0.496386E+06   0.735588E+00
   0.155130E+00   0.488490E+06   0.480462E+06   0.499980E+01   0.475295E+01   0.120712E+06   0.476246E+06   0.487213E+06   0.476246E+06  -0.410297E-01   0.468395E+06   0.468084E+06   0.731334E+00
   0.160488E+00   0.462520E+06   0.454333E+06   0.441994E+01   0.420164E+01   0.110335E+06   0.450719E+06   0.461218E+06   0.450719E+06  -0.388304E-01   0.443345E+06   0.443035E+06   0.706233E+00
   0.165847E+00   0.440712E+06   0.432719E+06   0.394159E+01   0.374684E+01   0.101571E+06   0.429331E+06   0.439440E+06   0.429331E+06  -0.369878E-01   0.422357E+06   0.422058E+06   0.658826E+00
   0.171205E+00   0.422947E+06   0.415471E+06   0.354827E+01   0.337290E+01   0.942437E+05   0.411958E+06   0.421758E+06   0.411958E+06  -0.354911E-01   0.405311E+06   0.405032E+06   0.594698E+00
   0.176563E+00   0.408313E+06   0.401564E+06   0.321996E+01   0.306076E+01   0.880275E+05   0.397688E+06   0.407239E+06   0.397688E+06  -0.342617E-01   0.391310E+06   0.391057E+06   0.523428E+00
   0.181922E+00   0.395632E+06   0.389668E+06   0.293837E+01   0.279304E+01   0.825736E+05   0.385344E+06   0.394683E+06   0.385344E+06  -0.331982E-01   0.379200E+06   0.378974E+06   0.455315E+00
   0.187280E+00   0.383812E+06   0.378544E+06   0.268934E+01   0.255629E+01   0.775943E+05   0.373836E+06   0.382974E+06   0.373836E+06  -0.322068E-01   0.367909E+06   0.367705E+06   0.398584E+00
   0.192639E+00   0.371923E+06   0.367158E+06   0.246252E+01   0.234065E+01   0.728659E+05   0.362239E+06   0.371165E+06   0.362239E+06  -0.312077E-01   0.356528E+06   0.356339E+06   0.357639E+00
   0.197997E+00   0.359327E+06   0.354829E+06   0.225138E+01   0.213993E+01   0.682503E+05   0.349923E+06   0.358611E+06   0.349923E+06  -0.301467E-01   0.344437E+06   0.344256E+06   0.332692E+00
   0.203355E+00   0.345901E+06   0.341454E+06   0.205371E+01   0.195202E+01   0.637206E+05   0.336771E+06   0.345193E+06   0.336771E+06  -0.290136E-01   0.331520E+06   0.331341E+06   0.320560E+00
   0.208714E+00   0.332034E+06   0.327492E+06   0.187056E+01   0.177792E+01   0.593476E+05   0.323174E+06   0.331311E+06   0.323174E+06  -0.278421E-01   0.318162E+06   0.317981E+06   0.316111E+00
   0.214072E+00   0.318346E+06   0.313652E+06   0.170393E+01   0.161952E+01   0.552328E+05   0.309749E+06   0.317599E+06   0.309749E+06  -0.266855E-01   0.304971E+06   0.304787E+06   0.313839E+00
   0.219430E+00   0.305412E+06   0.300600E+06   0.155509E+01   0.147804E+01   0.514594E+05   0.297070E+06   0.304646E+06   0.297070E+06  -0.255933E-01   0.292511E+06   0.292326E+06   0.309217E+00
   0.224789E+00   0.293663E+06   0.288829E+06   0.142424E+01   0.135366E+01   0.480749E+05   0.285569E+06   0.292894E+06   0.285569E+06  -0.246024E-01   0.281207E+06   0.281023E+06   0.299574E+00
   0.230147E+00   0.283348E+06   0.278614E+06   0.131055E+01   0.124559E+01   0.450919E+05   0.275488E+06   0.282595E+06   0.275488E+06  -0.237339E-01   0.271300E+06   0.271121E+06   0.284349E+00
   0.235506E+00   0.274467E+06   0.269949E+06   0.121209E+01   0.115199E+01   0.424807E+05   0.266829E+06   0.273748E+06   0.266829E+06  -0.229879E-01   0.262789E+06   0.262618E+06   0.264764E+00
   0.240864E+00   0.266774E+06   0.262547E+06   0.112611E+01   0.107026E+01   0.401763E+05   0.259342E+06   0.266102E+06   0.259342E+06  -0.223429E-01   0.255431E+06   0.255271E+06   0.243125E+00
   0.246222E+00   0.259869E+06   0.255955E+06   0.104961E+01   0.997552E+00   0.380964E+05   0.252629E+06   0.259246E+06   0.252629E+06  -0.217645E-01   0.248834E+06   0.248684E+06   0.222019E+00
   0.251581E+00   0.253324E+06   0.249696E+06   0.979947E+00   0.931333E+00   0.361638E+05   0.246266E+06   0.252747E+06   0.246266E+06  -0.212164E-01   0.242580E+06   0.242440E+06   0.203608E+00
   0.256939E+00   0.246784E+06   0.243377E+06   0.915113E+00   0.869708E+00   0.343183E+05   0.239901E+06   0.246242E+06   0.239901E+06  -0.206680E-01   0.236322E+06   0.236189E+06   0.189172E+00
   0.262297E+00   0.240035E+06   0.236766E+06   0.853930E+00   0.811553E+00   0.325260E+05   0.233321E+06   0.239515E+06   0.233321E+06  -0.201011E-01   0.229854E+06   0.229725E+06   0.178956E+00
   0.267656E+00   0.233047E+06   0.229839E+06   0.796017E+00   0.756508E+00   0.307804E+05   0.226500E+06   0.232537E+06   0.226500E+06  -0.195135E-01   0.223146E+06   0.223020E+06   0.172305E+00
   0.273014E+00   0.225942E+06   0.222740E+06   0.741549E+00   0.704737E+00   0.290960E+05   0.219558E+06   0.225433E+06   0.219558E+06  -0.189154E-01   0.216318E+06   0.216193E+06   0.167984E+00
   0.278373E+00   0.218914E+06   0.215693E+06   0.690887E+00   0.656585E+00   0.274946E+05   0.212689E+06   0.218402E+06   0.212689E+06  -0.183237E-01   0.209562E+06   0.209436E+06   0.164569E+00
   0.283731E+00   0.212161E+06   0.208928E+06   0.644343E+00   0.612348E+00   0.259969E+05   0.206092E+06   0.211647E+06   0.206092E+06  -0.177553E-01   0.203072E+06   0.202947E+06   0.160824E+00
   0.289089E+00   0.205855E+06   0.202639E+06   0.602079E+00   0.572179E+00   0.246175E+05   0.199936E+06   0.205344E+06   0.199936E+06  -0.172249E-01   0.197015E+06   0.196892E+06   0.155955E+00
   0.294448E+00   0.200104E+06   0.196947E+06   0.564037E+00   0.536022E+00   0.233623E+05   0.194329E+06   0.199602E+06   0.194329E+06  -0.167418E-01   0.191498E+06   0.191378E+06   0.149701E+00
   0.299806E+00   0.194921E+06   0.191861E+06   0.529880E+00   0.503558E+00   0.222249E+05   0.189282E+06   0.194434E+06   0.189282E+06  -0.163070E-01   0.186533E+06   0.186416E+06   0.142287E+00
   0.305165E+00   0.190221E+06   0.187286E+06   0.499043E+00   0.474250E+00   0.211886E+05   0.184710E+06   0.189754E+06   0.184710E+06  -0.159132E-01   0.182035E+06   0.181923E+06   0.134262E+00
   0.310523E+00   0.185864E+06   0.183067E+06   0.470885E+00   0.447488E+00   0.202317E+05   0.180476E+06   0.185419E+06   0.180476E+06  -0.155484E-01   0.177869E+06   0.177762E+06   0.126301E+00
   0.315881E+00   0.181709E+06   0.179041E+06   0.444831E+00   0.422726E+00   0.193342E+05   0.176439E+06   0.181284E+06   0.176439E+06  -0.152006E-01   0.173896E+06   0.173793E+06   0.119017E+00
   0.321240E+00   0.177634E+06   0.175075E+06   0.420427E+00   0.399532E+00   0.184800E+05   0.172477E+06   0.177227E+06   0.172477E+06  -0.148593E-01   0.169998E+06   0.169899E+06   0.112815E+00
   0.326598E+00   0.173555E+06   0.171078E+06   0.397356E+00   0.377606E+00   0.176581E+05   0.168508E+06   0.173161E+06   0.168508E+06  -0.145174E-01   0.166092E+06   0.165996E+06   0.107829E+00
   0.331956E+00   0.169438E+06   0.167013E+06   0.375452E+00   0.356788E+00   0.168634E+05   0.164498E+06   0.169052E+06   0.164498E+06  -0.141719E-01   0.162145E+06   0.162051E+06   0.103938E+00
   0.337315E+00   0.165305E+06   0.162911E+06   0.354690E+00   0.337056E+00   0.160972E+05   0.160471E+06   0.164924E+06   0.160471E+06  -0.138249E-01   0.158181E+06   0.158088E+06   0.100843E+00
   0.342673E+00   0.161222E+06   0.158848E+06   0.335137E+00   0.318474E+00   0.153647E+05   0.156491E+06   0.160844E+06   0.156491E+06  -0.134820E-01   0.154263E+06   0.154171E+06   0.981687E-01
   0.348032E+00   0.157266E+06   0.154910E+06   0.316870E+00   0.301114E+00   0.146713E+05   0.152635E+06   0.156891E+06   0.152635E+06  -0.131499E-01   0.150467E+06   0.150376E+06   0.955598E-01
   0.353390E+00   0.153497E+06   0.151167E+06   0.299922E+00   0.285007E+00   0.140210E+05   0.148964E+06   0.153126E+06   0.148964E+06  -0.128336E-01   0.146853E+06   0.146763E+06   0.927595E-01
   0.358748E+00   0.149949E+06   0.147658E+06   0.284263E+00   0.270126E+00   0.134144E+05   0.145510E+06   0.149584E+06   0.145510E+06  -0.125360E-01   0.143452E+06   0.143364E+06   0.896493E-01
   0.364107E+00   0.146630E+06   0.144391E+06   0.269820E+00   0.256400E+00   0.128502E+05   0.142282E+06   0.146274E+06   0.142282E+06  -0.122579E-01   0.140274E+06   0.140188E+06   0.862494E-01
   0.369465E+00   0.143525E+06   0.141348E+06   0.256477E+00   0.243720E+00   0.123245E+05   0.139264E+06   0.143179E+06   0.139264E+06  -0.119979E-01   0.137302E+06   0.137218E+06   0.826842E-01
   0.374823E+00   0.140595E+06   0.138485E+06   0.244089E+00   0.231946E+00   0.118323E+05   0.136416E+06   0.140259E+06   0.136416E+06  -0.117526E-01   0.134498E+06   0.134417E+06   0.791295E-01
   0.380182E+00   0.137787E+06   0.135742E+06   0.232500E+00   0.220933E+00   0.113672E+05   0.133688E+06   0.137461E+06   0.133688E+06  -0.115175E-01   0.131812E+06   0.131733E+06   0.757584E-01
   0.385540E+00   0.135052E+06   0.133067E+06   0.221577E+00   0.210553E+00   0.109240E+05   0.131031E+06   0.134736E+06   0.131031E+06  -0.112886E-01   0.129195E+06   0.129119E+06   0.726997E-01
   0.390899E+00   0.132358E+06   0.130423E+06   0.211226E+00   0.200716E+00   0.104990E+05   0.128413E+06   0.132050E+06   0.128413E+06  -0.110630E-01   0.126617E+06   0.126542E+06   0.700149E-01
   0.396257E+00   0.129690E+06   0.127795E+06   0.201390E+00   0.191369E+00   0.100904E+05   0.125819E+06   0.129389E+06   0.125819E+06  -0.108396E-01   0.124062E+06   0.123989E+06   0.676937E-01
   0.401615E+00   0.127049E+06   0.125186E+06   0.192040E+00   0.182483E+00   0.969737E+04   0.123250E+06   0.126753E+06   0.123250E+06  -0.106183E-01   0.121532E+06   0.121460E+06   0.656675E-01
   0.406974E+00   0.124448E+06   0.122611E+06   0.183168E+00   0.174052E+00   0.932032E+04   0.120720E+06   0.124156E+06   0.120720E+06  -0.104003E-01   0.119040E+06   0.118968E+06   0.638359E-01
   0.412332E+00   0.121909E+06   0.120095E+06   0.174778E+00   0.166079E+00   0.896021E+04   0.118249E+06   0.121620E+06   0.118249E+06  -0.101874E-01   0.116606E+06   0.116536E+06   0.620954E-01
   0.417691E+00   0.119455E+06   0.117667E+06   0.166878E+00   0.158572E+00   0.861808E+04   0.115863E+06   0.119171E+06   0.115863E+06  -0.998184E-02   0.114256E+06   0.114187E+06   0.603630E-01
   0.423049E+00   0.117103E+06   0.115343E+06   0.159459E+00   0.151521E+00   0.829419E+04   0.113576E+06   0.116823E+06   0.113576E+06  -0.978480E-02   0.112003E+06   0.111935E+06   0.585900E-01
   0.428407E+00   0.114856E+06   0.113128E+06   0.152499E+00   0.144907E+00   0.798806E+04   0.111392E+06   0.114581E+06   0.111392E+06  -0.959664E-02   0.109851E+06   0.109785E+06   0.567655E-01
   0.433766E+00   0.112709E+06   0.111017E+06   0.145963E+00   0.138696E+00   0.769847E+04   0.109306E+06   0.112440E+06   0.109306E+06  -0.941694E-02   0.107796E+06   0.107731E+06   0.549111E-01
   0.439124E+00   0.110652E+06   0.108996E+06   0.139813E+00   0.132852E+00   0.742400E+04   0.107307E+06   0.110388E+06   0.107307E+06  -0.924477E-02   0.105828E+06   0.105764E+06   0.530697E-01
   0.444482E+00   0.108669E+06   0.107051E+06   0.134008E+00   0.127336E+00   0.716293E+04   0.105382E+06   0.108411E+06   0.105382E+06  -0.907887E-02   0.103930E+06   0.103868E+06   0.512894E-01
   0.449841E+00   0.106743E+06   0.105161E+06   0.128509E+00   0.122110E+00   0.691361E+04   0.103512E+06   0.106492E+06   0.103512E+06  -0.891779E-02   0.102088E+06   0.102027E+06   0.496108E-01
   0.455199E+00   0.104861E+06   0.103311E+06   0.123280E+00   0.117141E+00   0.667455E+04   0.101684E+06   0.104614E+06   0.101684E+06  -0.876028E-02   0.100287E+06   0.100227E+06   0.480575E-01
   0.460558E+00   0.103012E+06   0.101492E+06   0.118297E+00   0.112406E+00   0.644480E+04   0.998881E+05   0.102770E+06   0.998881E+05  -0.860558E-02   0.985176E+05   0.984589E+05   0.466336E-01
   0.465916E+00   0.101195E+06   0.997001E+05   0.113544E+00   0.107890E+00   0.622379E+04   0.981224E+05   0.100957E+06   0.981224E+05  -0.845346E-02   0.967778E+05   0.967200E+05   0.453260E-01
   0.471274E+00   0.994113E+05   0.979398E+05   0.109013E+00   0.103584E+00   0.601137E+04   0.963896E+05   0.991772E+05   0.963896E+05  -0.830417E-02   0.950703E+05   0.950134E+05   0.441095E-01
   0.476633E+00   0.976677E+05   0.962177E+05   0.104699E+00   0.994845E-01   0.580754E+04   0.946953E+05   0.974370E+05   0.946953E+05  -0.815821E-02   0.934009E+05   0.933448E+05   0.429546E-01
   0.481991E+00   0.959699E+05   0.945409E+05   0.100597E+00   0.955866E-01   0.561234E+04   0.930457E+05   0.957425E+05   0.930457E+05  -0.801609E-02   0.917752E+05   0.917200E+05   0.418342E-01
   0.487350E+00   0.943224E+05   0.929149E+05   0.967017E-01   0.918848E-01   0.542568E+04   0.914452E+05   0.940984E+05   0.914452E+05  -0.787820E-02   0.901980E+05   0.901437E+05   0.407291E-01
   0.492708E+00   0.927278E+05   0.913427E+05   0.930046E-01   0.883717E-01   0.524738E+04   0.898965E+05   0.925074E+05   0.898965E+05  -0.774478E-02   0.886718E+05   0.886183E+05   0.396303E-01
   0.498066E+00   0.911871E+05   0.898253E+05   0.894968E-01   0.850384E-01   0.507714E+04   0.884004E+05   0.909705E+05   0.884004E+05  -0.761589E-02   0.871973E+05   0.871448E+05   0.385396E-01
   0.503425E+00   0.896973E+05   0.883594E+05   0.861659E-01   0.818732E-01   0.491450E+04   0.869540E+05   0.894844E+05   0.869540E+05  -0.749127E-02   0.857718E+05   0.857202E+05   0.374655E-01
   0.508783E+00   0.882521E+05   0.869381E+05   0.829970E-01   0.788621E-01   0.475880E+04   0.855511E+05   0.880431E+05   0.855511E+05  -0.737041E-02   0.843892E+05   0.843385E+05   0.364197E-01
   0.514141E+00   0.868453E+05   0.855546E+05   0.799764E-01   0.759918E-01   0.460944E+04   0.841854E+05   0.866399E+05   0.841854E+05  -0.725276E-02   0.830433E+05   0.829934E+05   0.354139E-01
   0.519500E+00   0.854723E+05   0.842040E+05   0.770929E-01   0.732518E-01   0.446594E+04   0.828528E+05   0.852706E+05   0.828528E+05  -0.713795E-02   0.817297E+05   0.816807E+05   0.344564E-01
   0.524858E+00   0.841299E+05   0.828826E+05   0.743369E-01   0.706330E-01   0.432790E+04   0.815496E+05   0.839315E+05   0.815496E+05  -0.702568E-02   0.804453E+05   0.803971E+05   0.335508E-01
   0.530217E+00   0.828149E+05   0.815872E+05   0.716998E-01   0.681271E-01   0.419497E+04   0.802729E+05   0.826195E+05   0.802729E+05  -0.691569E-02   0.791870E+05   0.791395E+05   0.326950E-01
   0.535575E+00   0.815253E+05   0.803160E+05   0.691745E-01   0.657275E-01   0.406684E+04   0.790210E+05   0.813329E+05   0.790210E+05  -0.680783E-02   0.779529E+05   0.779062E+05   0.318828E-01
   0.540933E+00   0.802620E+05   0.790703E+05   0.667566E-01   0.634300E-01   0.394342E+04   0.777945E+05   0.800724E+05   0.777945E+05  -0.670217E-02   0.767440E+05   0.766979E+05   0.311060E-01
   0.546292E+00   0.790276E+05   0.778528E+05   0.644435E-01   0.612321E-01   0.382464E+04   0.765961E+05   0.788407E+05   0.765961E+05  -0.659892E-02   0.755626E+05   0.755173E+05   0.303564E-01
   0.551650E+00   0.778239E+05   0.766659E+05   0.622321E-01   0.591307E-01   0.371044E+04   0.754276E+05   0.776397E+05   0.754276E+05  -0.649825E-02   0.744108E+05   0.743661E+05   0.296271E-01
   0.557009E+00   0.766512E+05   0.755099E+05   0.601179E-01   0.571218E-01   0.360065E+04   0.742893E+05   0.764696E+05   0.742893E+05  -0.640018E-02   0.732887E+05   0.732446E+05   0.289136E-01
   0.562367E+00   0.755086E+05   0.743842E+05   0.580960E-01   0.552005E-01   0.349510E+04   0.731803E+05   0.753297E+05   0.731803E+05  -0.630464E-02   0.721955E+05   0.721520E+05   0.282141E-01
   0.567725E+00   0.743956E+05   0.732880E+05   0.561618E-01   0.533627E-01   0.339358E+04   0.721002E+05   0.742194E+05   0.721002E+05  -0.621159E-02   0.711307E+05   0.710879E+05   0.275294E-01
   0.573084E+00   0.733115E+05   0.722207E+05   0.543111E-01   0.516041E-01   0.329595E+04   0.710482E+05   0.731380E+05   0.710482E+05  -0.612096E-02   0.700936E+05   0.700514E+05   0.268622E-01
   0.578442E+00   0.722544E+05   0.711801E+05   0.525388E-01   0.499201E-01   0.320196E+04   0.700225E+05   0.720835E+05   0.700225E+05  -0.603259E-02   0.690823E+05   0.690408E+05   0.262153E-01
   0.629704E+00   0.632118E+05   0.622716E+05   0.387709E-01   0.368378E-01   0.245317E+04   0.612487E+05   0.630622E+05   0.612487E+05  -0.527671E-02   0.604318E+05   0.603955E+05   0.210829E-01
   0.769122E+00   0.459668E+05   0.452838E+05   0.188858E-01   0.179437E-01   0.129409E+04   0.445247E+05   0.458582E+05   0.445247E+05  -0.383590E-02   0.439387E+05   0.439122E+05   0.125624E-01
   0.939408E+00   0.332635E+05   0.327693E+05   0.915620E-02   0.869926E-02   0.671656E+03   0.322121E+05   0.331849E+05   0.322121E+05  -0.277514E-02   0.317923E+05   0.317731E+05   0.745945E-02
   0.114740E+01   0.239672E+05   0.236112E+05   0.442059E-02   0.419991E-02   0.343413E+03   0.232054E+05   0.239106E+05   0.232054E+05  -0.199920E-02   0.229053E+05   0.228914E+05   0.441638E-02
   0.140143E+01   0.171981E+05   0.169427E+05   0.212571E-02   0.201957E-02   0.173126E+03   0.166493E+05   0.171575E+05   0.166493E+05  -0.143437E-02   0.164352E+05   0.164252E+05   0.260904E-02
   0.171171E+01   0.122966E+05   0.121139E+05   0.101859E-02   0.967726E-03   0.861736E+02   0.119030E+05   0.122675E+05   0.119030E+05  -0.102547E-02   0.117506E+05   0.117433E+05   0.154016E-02
   0.209069E+01   0.876284E+04   0.863263E+04   0.486498E-03   0.462200E-03   0.424045E+02   0.848182E+04   0.874213E+04   0.848182E+04  -0.730727E-03   0.837350E+04   0.836829E+04   0.909923E-03
   0.255358E+01   0.622536E+04   0.613282E+04   0.231652E-03   0.220082E-03   0.206572E+02   0.602542E+04   0.621064E+04   0.602542E+04  -0.519103E-03   0.594863E+04   0.594486E+04   0.539138E-03
   0.311895E+01   0.441015E+04   0.434455E+04   0.109996E-03   0.104501E-03   0.997696E+01   0.426836E+04   0.439971E+04   0.426836E+04  -0.367729E-03   0.421405E+04   0.421130E+04   0.321283E-03
   0.380949E+01   0.311626E+04   0.306987E+04   0.520972E-04   0.494949E-04   0.478436E+01   0.301600E+04   0.310888E+04   0.301600E+04  -0.259835E-03   0.297766E+04   0.297564E+04   0.193294E-03
   0.465292E+01   0.219666E+04   0.216391E+04   0.246154E-04   0.233859E-04   0.228071E+01   0.212595E+04   0.219145E+04   0.212595E+04  -0.183155E-03   0.209894E+04   0.209744E+04   0.117954E-03
   0.568309E+01   0.154506E+04   0.152198E+04   0.116053E-04   0.110257E-04   0.108202E+01   0.149530E+04   0.154139E+04   0.149530E+04  -0.128824E-03   0.147632E+04   0.147518E+04   0.734279E-04
   0.694134E+01   0.108452E+04   0.106826E+04   0.546027E-05   0.518755E-05   0.511300E+00   0.104958E+04   0.108193E+04   0.104958E+04  -0.904232E-04   0.103626E+04   0.103537E+04   0.469167E-04
   0.847817E+01   0.759812E+03   0.748365E+03   0.256417E-05   0.243611E-05   0.240831E+00   0.735318E+03   0.757991E+03   0.735318E+03  -0.633492E-04   0.725997E+03   0.725279E+03   0.309501E-04
   0.103553E+02   0.531387E+03   0.523321E+03   0.120202E-05   0.114199E-05   0.113128E+00   0.514245E+03   0.530104E+03   0.514245E+03  -0.443034E-04   0.507733E+03   0.507133E+03   0.211717E-04
   0.126479E+02   0.371022E+03   0.365328E+03   0.562533E-06   0.534450E-06   0.530181E-01   0.359043E+03   0.370116E+03   0.359043E+03  -0.309323E-04   0.354502E+03   0.353981E+03   0.150446E-04
   0.154482E+02   0.258656E+03   0.254621E+03   0.262849E-06   0.249731E-06   0.247981E-01   0.250295E+03   0.258014E+03   0.250295E+03  -0.215634E-04   0.247134E+03   0.246665E+03   0.110914E-04
   0.188685E+02   0.180061E+03   0.177185E+03   0.122635E-06   0.116518E-06   0.115782E-01   0.174230E+03   0.179603E+03   0.174230E+03  -0.150103E-04   0.172035E+03   0.171599E+03   0.845000E-05
   0.230461E+02   0.125177E+03   0.123107E+03   0.571346E-07   0.542869E-07   0.539731E-02   0.121112E+03   0.124848E+03   0.121112E+03  -0.104341E-04   0.119593E+03   0.119175E+03   0.661566E-05
   0.281485E+02   0.869092E+02   0.853998E+02   0.265810E-07   0.252576E-07   0.251224E-02   0.840759E+02   0.866691E+02   0.840759E+02  -0.724332E-05   0.830271E+02   0.826195E+02   0.529069E-05
   0.343807E+02   0.602655E+02   0.591439E+02   0.123489E-07   0.117351E-07   0.116776E-02   0.582892E+02   0.600871E+02   0.582892E+02  -0.502174E-05   0.575683E+02   0.571639E+02   0.429770E-05
   0.419926E+02   0.417395E+02   0.408853E+02   0.572861E-08   0.544461E-08   0.542053E-03   0.403588E+02   0.416036E+02   0.403588E+02  -0.347700E-05   0.398659E+02   0.394603E+02   0.352920E-05
   0.512900E+02   0.288738E+02   0.282033E+02   0.265328E-08   0.252224E-08   0.251261E-03   0.279064E+02   0.287672E+02   0.279064E+02  -0.240420E-05   0.275722E+02   0.271625E+02   0.291858E-05
   0.626457E+02   0.199495E+02   0.194044E+02   0.122671E-08   0.116647E-08   0.116306E-03   0.192685E+02   0.198628E+02   0.192685E+02  -0.166002E-05   0.190444E+02   0.186289E+02   0.242330E-05
   0.765156E+02   0.137659E+02   0.133060E+02   0.565951E-09   0.538392E-09   0.537494E-04   0.132830E+02   0.136927E+02   0.132830E+02  -0.114436E-05   0.131354E+02   0.127134E+02   0.201516E-05
   0.934564E+02   0.948557E+01   0.908339E+01   0.260415E-09   0.247894E-09   0.247917E-04   0.913968E+01   0.942159E+01   0.913968E+01  -0.787403E-06   0.904511E+01   0.861677E+01   0.167466E-05
   0.114148E+03   0.652561E+01   0.616248E+01   0.119415E-09   0.113782E-09   0.114093E-04   0.627431E+01   0.646784E+01   0.627431E+01  -0.540546E-06   0.621649E+01   0.578295E+01   0.138774E-05
