#          k/h    CDM            baryon         photon         nu             mass_nu        total          no_nu          total_de       Weyl           v_CDM          v_b            v_b-v_c     
   0.105171E-04   0.100266E+07   0.100266E+07   0.133685E+07   0.133685E+07   0.100333E+07   0.100268E+07   0.100266E+07   0.101105E+07  -0.601305E+00   0.100070E+07   0.100070E+07   0.113809E+00
   0.116124E-04   0.100266E+07   0.100266E+07   0.133684E+07   0.133684E+07   0.100333E+07   0.100268E+07   0.100266E+07   0.101105E+07  -0.601305E+00   0.100070E+07   0.100070E+07   0.125661E+00
   0.128218E-04   0.100266E+07   0.100266E+07   0.133683E+07   0.133683E+07   0.100333E+07   0.100268E+07   0.100266E+07   0.101105E+07  -0.601305E+00   0.100070E+07   0.100070E+07   0.138748E+00
   0.141570E-04   0.100266E+07   0.100266E+07   0.133682E+07   0.133682E+07   0.100333E+07   0.100268E+07   0.100266E+07   0.101105E+07  -0.601305E+00   0.100070E+07   0.100070E+07   0.153197E+00
   0.156314E-04   0.100266E+07   0.100266E+07   0.133681E+07   0.133681E+07   0.100333E+07   0.100268E+07   0.100266E+07   0.101105E+07  -0.601305E+00   0.100070E+07   0.100070E+07   0.169152E+00
   0.172593E-04   0.100266E+07   0.100266E+07   0.133680E+07   0.133679E+07   0.100333E+07   0.100268E+07   0.100266E+07   0.101105E+07  -0.601305E+00   0.100070E+07   0.100070E+07   0.186767E+00
   0.190567E-04   0.100266E+07   0.100266E+07   0.133678E+07   0.133677E+07   0.100333E+07   0.100268E+07   0.100266E+07   0.101105E+07  -0.601304E+00   0.100070E+07   0.100070E+07   0.206218E+00
   0.210413E-04   0.100266E+07   0.100266E+07   0.133676E+07   0.133675E+07   0.100333E+07   0.100268E+07   0.100266E+07   0.101104E+07  -0.601304E+00   0.100070E+07   0.100070E+07   0.227693E+00
   0.232326E-04   0.100265E+07   0.100265E+07   0.133673E+07   0.133672E+07   0.100333E+07   0.100268E+07   0.100265E+07   0.101104E+07  -0.601304E+00   0.100070E+07   0.100070E+07   0.251405E+00
   0.256521E-04   0.100265E+07   0.100265E+07   0.133670E+07   0.133669E+07   0.100333E+07   0.100267E+07   0.100265E+07   0.101104E+07  -0.601303E+00   0.100069E+07   0.100069E+07   0.277587E+00
   0.283236E-04   0.100265E+07   0.100265E+07   0.133666E+07   0.133665E+07   0.100333E+07   0.100267E+07   0.100265E+07   0.101104E+07  -0.601302E+00   0.100069E+07   0.100069E+07   0.306495E+00
   0.312733E-04   0.100265E+07   0.100265E+07   0.133661E+07   0.133660E+07   0.100333E+07   0.100267E+07   0.100265E+07   0.101104E+07  -0.601302E+00   0.100069E+07   0.100069E+07   0.338413E+00
   0.345301E-04   0.100265E+07   0.100265E+07   0.133655E+07   0.133654E+07   0.100332E+07   0.100267E+07   0.100265E+07   0.101104E+07  -0.601301E+00   0.100069E+07   0.100069E+07   0.373655E+00
   0.381262E-04   0.100265E+07   0.100265E+07   0.133648E+07   0.133647E+07   0.100332E+07   0.100267E+07   0.100265E+07   0.101104E+07  -0.601300E+00   0.100069E+07   0.100069E+07   0.412567E+00
   0.420968E-04   0.100265E+07   0.100265E+07   0.133639E+07   0.133638E+07   0.100332E+07   0.100267E+07   0.100265E+07   0.101104E+07  -0.601298E+00   0.100069E+07   0.100069E+07   0.455531E+00
   0.464808E-04   0.100265E+07   0.100265E+07   0.133629E+07   0.133627E+07   0.100332E+07   0.100267E+07   0.100265E+07   0.101103E+07  -0.601297E+00   0.100069E+07   0.100069E+07   0.502968E+00
   0.513214E-04   0.100264E+07   0.100264E+07   0.133616E+07   0.133614E+07   0.100331E+07   0.100266E+07   0.100264E+07   0.101103E+07  -0.601295E+00   0.100069E+07   0.100069E+07   0.555345E+00
   0.566662E-04   0.100264E+07   0.100264E+07   0.133600E+07   0.133597E+07   0.100331E+07   0.100266E+07   0.100264E+07   0.101103E+07  -0.601292E+00   0.100068E+07   0.100068E+07   0.613175E+00
   0.625675E-04   0.100264E+07   0.100264E+07   0.133581E+07   0.133578E+07   0.100330E+07   0.100266E+07   0.100264E+07   0.101102E+07  -0.601290E+00   0.100068E+07   0.100068E+07   0.677025E+00
   0.690835E-04   0.100263E+07   0.100263E+07   0.133557E+07   0.133553E+07   0.100329E+07   0.100265E+07   0.100263E+07   0.101102E+07  -0.601286E+00   0.100068E+07   0.100068E+07   0.747523E+00
   0.762780E-04   0.100263E+07   0.100263E+07   0.133529E+07   0.133524E+07   0.100328E+07   0.100265E+07   0.100263E+07   0.101101E+07  -0.601282E+00   0.100067E+07   0.100067E+07   0.825360E+00
   0.842218E-04   0.100262E+07   0.100262E+07   0.133494E+07   0.133488E+07   0.100327E+07   0.100264E+07   0.100262E+07   0.101100E+07  -0.601276E+00   0.100066E+07   0.100066E+07   0.911299E+00
   0.929929E-04   0.100262E+07   0.100262E+07   0.133451E+07   0.133445E+07   0.100326E+07   0.100264E+07   0.100262E+07   0.101099E+07  -0.601270E+00   0.100066E+07   0.100066E+07   0.100618E+01
   0.102677E-03   0.100261E+07   0.100261E+07   0.133400E+07   0.133391E+07   0.100324E+07   0.100263E+07   0.100261E+07   0.101098E+07  -0.601262E+00   0.100065E+07   0.100065E+07   0.111094E+01
   0.113370E-03   0.100260E+07   0.100260E+07   0.133337E+07   0.133327E+07   0.100322E+07   0.100262E+07   0.100260E+07   0.101096E+07  -0.601253E+00   0.100064E+07   0.100064E+07   0.122659E+01
   0.125177E-03   0.100258E+07   0.100258E+07   0.133260E+07   0.133248E+07   0.100320E+07   0.100260E+07   0.100258E+07   0.101094E+07  -0.601241E+00   0.100062E+07   0.100062E+07   0.135428E+01
   0.138213E-03   0.100257E+07   0.100257E+07   0.133166E+07   0.133151E+07   0.100317E+07   0.100258E+07   0.100257E+07   0.101092E+07  -0.601227E+00   0.100061E+07   0.100061E+07   0.149524E+01
   0.152607E-03   0.100255E+07   0.100255E+07   0.133052E+07   0.133034E+07   0.100313E+07   0.100256E+07   0.100255E+07   0.101089E+07  -0.601209E+00   0.100059E+07   0.100059E+07   0.165086E+01
   0.168500E-03   0.100252E+07   0.100252E+07   0.132913E+07   0.132891E+07   0.100309E+07   0.100254E+07   0.100252E+07   0.101086E+07  -0.601188E+00   0.100056E+07   0.100056E+07   0.182266E+01
   0.186048E-03   0.100249E+07   0.100249E+07   0.132744E+07   0.132717E+07   0.100303E+07   0.100251E+07   0.100249E+07   0.101082E+07  -0.601163E+00   0.100053E+07   0.100053E+07   0.201230E+01
   0.205424E-03   0.100246E+07   0.100245E+07   0.132538E+07   0.132506E+07   0.100297E+07   0.100247E+07   0.100246E+07   0.101077E+07  -0.601131E+00   0.100050E+07   0.100050E+07   0.222162E+01
   0.226817E-03   0.100241E+07   0.100241E+07   0.132287E+07   0.132248E+07   0.100288E+07   0.100243E+07   0.100241E+07   0.101071E+07  -0.601093E+00   0.100046E+07   0.100045E+07   0.245267E+01
   0.250438E-03   0.100236E+07   0.100236E+07   0.131982E+07   0.131934E+07   0.100279E+07   0.100237E+07   0.100236E+07   0.101064E+07  -0.601047E+00   0.100040E+07   0.100040E+07   0.270766E+01
   0.276520E-03   0.100230E+07   0.100229E+07   0.131611E+07   0.131553E+07   0.100266E+07   0.100231E+07   0.100230E+07   0.101055E+07  -0.600990E+00   0.100034E+07   0.100034E+07   0.298906E+01
   0.305317E-03   0.100222E+07   0.100221E+07   0.131160E+07   0.131089E+07   0.100252E+07   0.100223E+07   0.100222E+07   0.101044E+07  -0.600921E+00   0.100026E+07   0.100026E+07   0.329957E+01
   0.337113E-03   0.100212E+07   0.100211E+07   0.130612E+07   0.130526E+07   0.100234E+07   0.100213E+07   0.100212E+07   0.101030E+07  -0.600837E+00   0.100016E+07   0.100016E+07   0.364214E+01
   0.372221E-03   0.100200E+07   0.100199E+07   0.129946E+07   0.129843E+07   0.100212E+07   0.100201E+07   0.100200E+07   0.101014E+07  -0.600735E+00   0.100005E+07   0.100004E+07   0.402003E+01
   0.410985E-03   0.100186E+07   0.100185E+07   0.129140E+07   0.129014E+07   0.100186E+07   0.100186E+07   0.100186E+07   0.100994E+07  -0.600610E+00   0.999903E+06   0.999901E+06   0.443679E+01
   0.453786E-03   0.100169E+07   0.100167E+07   0.128162E+07   0.128010E+07   0.100153E+07   0.100168E+07   0.100169E+07   0.100970E+07  -0.600459E+00   0.999730E+06   0.999727E+06   0.489629E+01
   0.501045E-03   0.100148E+07   0.100145E+07   0.126979E+07   0.126796E+07   0.100114E+07   0.100146E+07   0.100147E+07   0.100941E+07  -0.600275E+00   0.999518E+06   0.999516E+06   0.540278E+01
   0.553225E-03   0.100122E+07   0.100119E+07   0.125551E+07   0.125331E+07   0.100066E+07   0.100120E+07   0.100122E+07   0.100906E+07  -0.600052E+00   0.999261E+06   0.999258E+06   0.596085E+01
   0.610839E-03   0.100091E+07   0.100087E+07   0.123829E+07   0.123566E+07   0.100008E+07   0.100088E+07   0.100090E+07   0.100862E+07  -0.599781E+00   0.998948E+06   0.998944E+06   0.657548E+01
   0.674453E-03   0.100053E+07   0.100048E+07   0.121759E+07   0.121445E+07   0.999370E+06   0.100049E+07   0.100052E+07   0.100810E+07  -0.599452E+00   0.998568E+06   0.998563E+06   0.725203E+01
   0.744692E-03   0.100007E+07   0.100001E+07   0.119279E+07   0.118905E+07   0.998508E+06   0.100001E+07   0.100006E+07   0.100747E+07  -0.599054E+00   0.998105E+06   0.998099E+06   0.799626E+01
   0.822246E-03   0.999506E+06   0.999439E+06   0.116317E+07   0.115875E+07   0.997460E+06   0.999434E+06   0.999495E+06   0.100671E+07  -0.598572E+00   0.997543E+06   0.997535E+06   0.881430E+01
   0.907877E-03   0.998826E+06   0.998745E+06   0.112798E+07   0.112279E+07   0.996188E+06   0.998735E+06   0.998813E+06   0.100579E+07  -0.597990E+00   0.996861E+06   0.996851E+06   0.971262E+01
   0.100243E-02   0.998003E+06   0.997904E+06   0.108640E+07   0.108036E+07   0.994645E+06   0.997887E+06   0.997987E+06   0.100468E+07  -0.597289E+00   0.996033E+06   0.996022E+06   0.106980E+02
   0.110682E-02   0.997007E+06   0.996886E+06   0.103761E+07   0.103066E+07   0.992774E+06   0.996862E+06   0.996988E+06   0.100334E+07  -0.596446E+00   0.995031E+06   0.995017E+06   0.117775E+02
   0.122209E-02   0.995804E+06   0.995657E+06   0.980865E+06   0.972979E+06   0.990510E+06   0.995623E+06   0.995781E+06   0.100175E+07  -0.595435E+00   0.993818E+06   0.993801E+06   0.129582E+02
   0.134936E-02   0.994355E+06   0.994175E+06   0.915571E+06   0.906773E+06   0.987737E+06   0.994129E+06   0.994326E+06   0.999844E+06  -0.594227E+00   0.992352E+06   0.992332E+06   0.142473E+02
   0.148988E-02   0.992612E+06   0.992393E+06   0.841434E+06   0.831836E+06   0.984388E+06   0.992332E+06   0.992577E+06   0.997581E+06  -0.592789E+00   0.990586E+06   0.990561E+06   0.156517E+02
   0.164504E-02   0.990521E+06   0.990254E+06   0.758647E+06   0.748474E+06   0.980376E+06   0.990176E+06   0.990478E+06   0.994905E+06  -0.591087E+00   0.988462E+06   0.988432E+06   0.171781E+02
   0.181636E-02   0.988021E+06   0.987696E+06   0.668108E+06   0.657728E+06   0.975576E+06   0.987598E+06   0.987969E+06   0.991760E+06  -0.589082E+00   0.985915E+06   0.985879E+06   0.188328E+02
   0.200552E-02   0.985043E+06   0.984648E+06   0.571664E+06   0.561612E+06   0.969839E+06   0.984527E+06   0.984980E+06   0.988086E+06  -0.586738E+00   0.982873E+06   0.982829E+06   0.206211E+02
   0.221438E-02   0.981513E+06   0.981032E+06   0.472322E+06   0.463291E+06   0.963008E+06   0.980885E+06   0.981437E+06   0.983824E+06  -0.584014E+00   0.979252E+06   0.979199E+06   0.225479E+02
   0.244500E-02   0.977350E+06   0.976765E+06   0.374338E+06   0.367123E+06   0.954905E+06   0.976588E+06   0.977257E+06   0.978917E+06  -0.580878E+00   0.974966E+06   0.974901E+06   0.246174E+02
   0.269962E-02   0.972469E+06   0.971757E+06   0.283052E+06   0.278420E+06   0.945335E+06   0.971547E+06   0.972356E+06   0.973310E+06  -0.577296E+00   0.969919E+06   0.969842E+06   0.268336E+02
   0.298077E-02   0.966782E+06   0.965917E+06   0.204304E+06   0.202771E+06   0.934097E+06   0.965670E+06   0.966644E+06   0.966946E+06  -0.573242E+00   0.964016E+06   0.963924E+06   0.292006E+02
   0.329119E-02   0.960203E+06   0.959153E+06   0.143304E+06   0.144852E+06   0.920983E+06   0.958867E+06   0.960036E+06   0.959767E+06  -0.568692E+00   0.957165E+06   0.957054E+06   0.317239E+02
   0.363395E-02   0.952649E+06   0.951375E+06   0.103002E+06   0.106816E+06   0.905788E+06   0.951050E+06   0.952447E+06   0.951702E+06  -0.563624E+00   0.949277E+06   0.949144E+06   0.344110E+02
   0.401240E-02   0.944040E+06   0.942495E+06   0.823572E+05   0.867916E+05   0.888322E+06   0.942133E+06   0.943794E+06   0.942658E+06  -0.558006E+00   0.940276E+06   0.940117E+06   0.372722E+02
   0.443026E-02   0.934299E+06   0.932426E+06   0.754515E+05   0.784548E+05   0.868423E+06   0.932037E+06   0.934001E+06   0.932516E+06  -0.551793E+00   0.930094E+06   0.929904E+06   0.403206E+02
   0.489163E-02   0.923349E+06   0.921082E+06   0.727271E+05   0.728396E+05   0.845966E+06   0.920682E+06   0.922988E+06   0.921137E+06  -0.544918E+00   0.918673E+06   0.918446E+06   0.435706E+02
   0.540106E-02   0.911111E+06   0.908370E+06   0.651366E+05   0.626651E+05   0.820885E+06   0.907986E+06   0.910675E+06   0.908389E+06  -0.537300E+00   0.905951E+06   0.905680E+06   0.470347E+02
   0.596354E-02   0.897500E+06   0.894190E+06   0.498311E+05   0.471242E+05   0.793188E+06   0.893866E+06   0.896974E+06   0.894173E+06  -0.528853E+00   0.891857E+06   0.891534E+06   0.507209E+02
   0.658460E-02   0.882429E+06   0.878438E+06   0.328035E+05   0.325052E+05   0.762976E+06   0.878236E+06   0.881794E+06   0.878441E+06  -0.519511E+00   0.876302E+06   0.875919E+06   0.546300E+02
   0.727033E-02   0.865811E+06   0.861006E+06   0.233630E+05   0.254036E+05   0.730451E+06   0.861017E+06   0.865047E+06   0.861167E+06  -0.509236E+00   0.859192E+06   0.858737E+06   0.587570E+02
   0.802749E-02   0.847571E+06   0.841797E+06   0.227864E+05   0.226296E+05   0.695916E+06   0.842139E+06   0.846652E+06   0.842282E+06  -0.498008E+00   0.840438E+06   0.839898E+06   0.630924E+02
   0.886349E-02   0.827644E+06   0.820722E+06   0.215329E+05   0.181076E+05   0.659737E+06   0.821548E+06   0.826543E+06   0.821676E+06  -0.485789E+00   0.819996E+06   0.819357E+06   0.676204E+02
   0.978655E-02   0.805976E+06   0.797699E+06   0.143061E+05   0.144483E+05   0.622294E+06   0.799199E+06   0.804659E+06   0.799289E+06  -0.472537E+00   0.797818E+06   0.797064E+06   0.723114E+02
   0.108057E-01   0.782522E+06   0.772655E+06   0.974602E+04   0.114916E+05   0.583925E+06   0.775053E+06   0.780953E+06   0.775118E+06  -0.458226E+00   0.773865E+06   0.772977E+06   0.771155E+02
   0.119311E-01   0.757253E+06   0.745534E+06   0.104301E+05   0.910727E+04   0.544916E+06   0.749087E+06   0.755389E+06   0.749150E+06  -0.442849E+00   0.748106E+06   0.747064E+06   0.819619E+02
   0.131736E-01   0.730152E+06   0.716294E+06   0.714054E+04   0.719050E+04   0.505539E+06   0.721288E+06   0.727948E+06   0.721333E+06  -0.426396E+00   0.720528E+06   0.719310E+06   0.867549E+02
   0.145456E-01   0.701219E+06   0.684918E+06   0.521130E+04   0.565324E+04   0.466122E+06   0.691664E+06   0.698626E+06   0.691698E+06  -0.408866E+00   0.691136E+06   0.689720E+06   0.913615E+02
   0.160604E-01   0.670473E+06   0.651420E+06   0.500128E+04   0.442393E+04   0.427050E+06   0.660244E+06   0.667442E+06   0.660274E+06  -0.390280E+00   0.659952E+06   0.658315E+06   0.956087E+02
   0.177329E-01   0.637963E+06   0.615864E+06   0.302817E+04   0.344442E+04   0.388598E+06   0.627086E+06   0.634447E+06   0.627106E+06  -0.370669E+00   0.627030E+06   0.625154E+06   0.992773E+02
   0.195797E-01   0.603773E+06   0.578381E+06   0.292508E+04   0.266650E+04   0.350715E+06   0.592277E+06   0.599733E+06   0.592295E+06  -0.350086E+00   0.592456E+06   0.590326E+06   0.102096E+03
   0.216188E-01   0.568259E+06   0.539413E+06   0.205720E+04   0.205165E+04   0.310895E+06   0.556101E+06   0.563670E+06   0.556114E+06  -0.328696E+00   0.556549E+06   0.554159E+06   0.103748E+03
   0.238702E-01   0.531230E+06   0.498914E+06   0.139114E+04   0.156765E+04   0.273338E+06   0.518521E+06   0.526089E+06   0.518531E+06  -0.306479E+00   0.519196E+06   0.516554E+06   0.103867E+03
   0.263561E-01   0.493238E+06   0.457648E+06   0.127818E+04   0.118940E+04   0.237748E+06   0.480095E+06   0.487576E+06   0.480103E+06  -0.283763E+00   0.480963E+06   0.478096E+06   0.102078E+03
   0.291009E-01   0.454737E+06   0.416358E+06   0.100785E+04   0.895952E+03   0.204944E+06   0.441335E+06   0.448632E+06   0.441341E+06  -0.260850E+00   0.442357E+06   0.439317E+06   0.980217E+02
   0.321315E-01   0.416543E+06   0.376215E+06   0.744915E+03   0.670514E+03   0.174789E+06   0.403081E+06   0.410127E+06   0.403085E+06  -0.238237E+00   0.404225E+06   0.401094E+06   0.914287E+02
   0.354778E-01   0.379472E+06   0.338433E+06   0.636137E+03   0.499144E+03   0.147386E+06   0.366190E+06   0.372943E+06   0.366193E+06  -0.216431E+00   0.367417E+06   0.364309E+06   0.822036E+02
   0.391725E-01   0.344419E+06   0.304280E+06   0.479547E+03   0.370415E+03   0.123220E+06   0.331602E+06   0.338034E+06   0.331605E+06  -0.195987E+00   0.332865E+06   0.329921E+06   0.705355E+02
   0.432520E-01   0.312324E+06   0.274938E+06   0.313441E+03   0.274939E+03   0.102762E+06   0.300280E+06   0.306376E+06   0.300282E+06  -0.177474E+00   0.301532E+06   0.298905E+06   0.570075E+02
   0.475772E-01   0.284784E+06   0.251768E+06   0.207069E+03   0.207035E+03   0.861453E+05   0.273741E+06   0.279532E+06   0.273743E+06  -0.161788E+00   0.274954E+06   0.272763E+06   0.432098E+02
   0.519024E-01   0.262945E+06   0.235065E+06   0.160741E+03   0.160715E+03   0.733353E+05   0.252965E+06   0.258509E+06   0.252966E+06  -0.149508E+00   0.254124E+06   0.252407E+06   0.310420E+02
   0.562276E-01   0.245108E+06   0.222378E+06   0.127844E+03   0.127823E+03   0.633589E+05   0.236158E+06   0.241492E+06   0.236159E+06  -0.139574E+00   0.237260E+06   0.235988E+06   0.212289E+02
   0.605528E-01   0.229982E+06   0.211779E+06   0.103583E+03   0.103566E+03   0.552679E+05   0.221941E+06   0.227086E+06   0.221942E+06  -0.131171E+00   0.222992E+06   0.222084E+06   0.140749E+02
   0.648780E-01   0.216633E+06   0.201897E+06   0.850865E+02   0.850722E+02   0.484958E+05   0.209324E+06   0.214289E+06   0.209325E+06  -0.123714E+00   0.210335E+06   0.209678E+06   0.951243E+01
   0.692032E-01   0.204224E+06   0.191690E+06   0.705209E+02   0.705090E+02   0.427068E+05   0.197453E+06   0.202230E+06   0.197454E+06  -0.116698E+00   0.198436E+06   0.197906E+06   0.718966E+01
   0.735284E-01   0.192170E+06   0.180601E+06   0.587416E+02   0.587317E+02   0.375754E+05   0.185756E+06   0.190330E+06   0.185756E+06  -0.109784E+00   0.186721E+06   0.186206E+06   0.657440E+01
   0.778536E-01   0.180259E+06   0.168637E+06   0.490683E+02   0.490600E+02   0.330032E+05   0.174056E+06   0.178410E+06   0.174057E+06  -0.102869E+00   0.175009E+06   0.174423E+06   0.705838E+01
   0.821788E-01   0.168596E+06   0.156248E+06   0.410909E+02   0.410840E+02   0.289550E+05   0.162510E+06   0.166632E+06   0.162510E+06  -0.960452E-01   0.163450E+06   0.162745E+06   0.805296E+01
   0.865040E-01   0.157454E+06   0.144102E+06   0.345343E+02   0.345285E+02   0.253950E+05   0.151439E+06   0.155329E+06   0.151439E+06  -0.895022E-01   0.152367E+06   0.151531E+06   0.906492E+01
   0.908292E-01   0.147097E+06   0.132833E+06   0.291782E+02   0.291733E+02   0.223248E+05   0.141160E+06   0.144828E+06   0.141160E+06  -0.834272E-01   0.142070E+06   0.141127E+06   0.974438E+01
   0.961876E-01   0.135660E+06   0.120809E+06   0.239225E+02   0.239185E+02   0.191516E+05   0.129880E+06   0.133298E+06   0.129880E+06  -0.767604E-01   0.130760E+06   0.129750E+06   0.985390E+01
   0.101546E+00   0.126009E+06   0.111423E+06   0.199028E+02   0.198994E+02   0.165996E+05   0.120482E+06   0.123689E+06   0.120483E+06  -0.712063E-01   0.121325E+06   0.120338E+06   0.911948E+01
   0.106904E+00   0.118216E+06   0.104734E+06   0.168447E+02   0.168418E+02   0.145907E+05   0.113032E+06   0.116071E+06   0.113032E+06  -0.668032E-01   0.113831E+06   0.112948E+06   0.774661E+01
   0.112263E+00   0.112042E+06   0.100252E+06   0.144956E+02   0.144932E+02   0.129934E+05   0.107256E+06   0.110166E+06   0.107256E+06  -0.633895E-01   0.108010E+06   0.107283E+06   0.607663E+01
   0.117621E+00   0.106988E+06   0.970951E+05   0.126352E+02   0.126330E+02   0.116944E+05   0.102608E+06   0.105414E+06   0.102608E+06  -0.606422E-01   0.103319E+06   0.102759E+06   0.446450E+01
   0.122980E+00   0.102500E+06   0.943232E+05   0.110958E+02   0.110939E+02   0.105774E+05   0.984857E+05   0.101199E+06   0.984858E+05  -0.582059E-01   0.991597E+05   0.987425E+05   0.318391E+01
   0.128338E+00   0.981454E+05   0.912161E+05   0.976907E+01   0.976741E+01   0.957509E+04   0.944241E+05   0.970430E+05   0.944241E+05  -0.558054E-01   0.950672E+05   0.947422E+05   0.237626E+01
   0.133696E+00   0.936789E+05   0.873998E+05   0.859467E+01   0.859321E+01   0.864612E+04   0.901639E+05   0.926800E+05   0.901639E+05  -0.532876E-01   0.907825E+05   0.904912E+05   0.204509E+01
   0.139055E+00   0.890381E+05   0.828502E+05   0.754521E+01   0.754393E+01   0.777937E+04   0.856501E+05   0.880537E+05   0.856502E+05  -0.506199E-01   0.862494E+05   0.859404E+05   0.208557E+01
   0.144413E+00   0.843035E+05   0.778160E+05   0.661208E+01   0.661096E+01   0.697848E+04   0.809871E+05   0.832714E+05   0.809871E+05  -0.478640E-01   0.815700E+05   0.812108E+05   0.233378E+01
   0.149771E+00   0.796404E+05   0.726968E+05   0.579433E+01   0.579335E+01   0.625139E+04   0.763714E+05   0.785357E+05   0.763715E+05  -0.451361E-01   0.769385E+05   0.765205E+05   0.261930E+01
   0.155130E+00   0.752519E+05   0.679253E+05   0.509213E+01   0.509127E+01   0.560993E+04   0.720360E+05   0.740863E+05   0.720361E+05  -0.425738E-01   0.725862E+05   0.721221E+05   0.280742E+01
   0.160488E+00   0.713341E+05   0.638650E+05   0.450276E+01   0.450199E+01   0.505745E+04   0.681970E+05   0.701459E+05   0.681970E+05  -0.403049E-01   0.687285E+05   0.682457E+05   0.282314E+01
   0.165847E+00   0.680058E+05   0.607080E+05   0.401702E+01   0.401634E+01   0.459595E+04   0.649810E+05   0.668448E+05   0.649810E+05  -0.384042E-01   0.654924E+05   0.650231E+05   0.265563E+01
   0.171205E+00   0.652526E+05   0.584158E+05   0.361806E+01   0.361745E+01   0.421118E+04   0.623698E+05   0.641649E+05   0.623698E+05  -0.368610E-01   0.628604E+05   0.624324E+05   0.234658E+01
   0.176563E+00   0.629489E+05   0.567640E+05   0.328529E+01   0.328474E+01   0.388686E+04   0.602260E+05   0.619650E+05   0.602260E+05  -0.355940E-01   0.606960E+05   0.603258E+05   0.196790E+01
   0.181922E+00   0.609341E+05   0.554559E+05   0.299989E+01   0.299938E+01   0.360404E+04   0.583721E+05   0.600625E+05   0.583721E+05  -0.344983E-01   0.588225E+05   0.585130E+05   0.159677E+01
   0.187280E+00   0.590594E+05   0.542113E+05   0.274726E+01   0.274679E+01   0.334942E+04   0.566431E+05   0.582881E+05   0.566431E+05  -0.334765E-01   0.570761E+05   0.568176E+05   0.129507E+01
   0.192639E+00   0.571958E+05   0.528066E+05   0.251678E+01   0.251635E+01   0.311191E+04   0.548991E+05   0.564975E+05   0.548991E+05  -0.324457E-01   0.553169E+05   0.550917E+05   0.109723E+01
   0.197997E+00   0.552518E+05   0.511106E+05   0.230182E+01   0.230143E+01   0.288472E+04   0.530447E+05   0.545930E+05   0.530447E+05  -0.313498E-01   0.534496E+05   0.532370E+05   0.100738E+01
   0.203355E+00   0.532062E+05   0.491192E+05   0.210025E+01   0.209989E+01   0.266707E+04   0.510622E+05   0.525560E+05   0.510623E+05  -0.301781E-01   0.514557E+05   0.512381E+05   0.100420E+01
   0.208714E+00   0.511105E+05   0.469441E+05   0.191325E+01   0.191293E+01   0.246015E+04   0.490108E+05   0.504476E+05   0.490108E+05  -0.289657E-01   0.493939E+05   0.491601E+05   0.105123E+01
   0.214072E+00   0.490482E+05   0.447506E+05   0.174302E+01   0.174272E+01   0.226867E+04   0.469843E+05   0.483645E+05   0.469843E+05  -0.277680E-01   0.473574E+05   0.471045E+05   0.110877E+01
   0.219430E+00   0.470965E+05   0.426950E+05   0.159096E+01   0.159069E+01   0.209466E+04   0.450698E+05   0.463963E+05   0.450698E+05  -0.266366E-01   0.454329E+05   0.451654E+05   0.114416E+01
   0.224789E+00   0.453137E+05   0.408929E+05   0.145734E+01   0.145709E+01   0.194030E+04   0.433328E+05   0.446104E+05   0.433328E+05  -0.256099E-01   0.436854E+05   0.434128E+05   0.113811E+01
   0.230147E+00   0.437341E+05   0.394041E+05   0.134132E+01   0.134109E+01   0.180460E+04   0.418104E+05   0.430453E+05   0.418105E+05  -0.247102E-01   0.421523E+05   0.418859E+05   0.108649E+01
   0.235506E+00   0.423592E+05   0.382222E+05   0.124093E+01   0.124072E+01   0.168641E+04   0.405030E+05   0.417011E+05   0.405030E+05  -0.239375E-01   0.408340E+05   0.405835E+05   0.998179E+00
   0.240864E+00   0.411558E+05   0.372803E+05   0.115331E+01   0.115312E+01   0.158246E+04   0.393728E+05   0.405392E+05   0.393728E+05  -0.232696E-01   0.396932E+05   0.394647E+05   0.890204E+00
   0.246222E+00   0.400690E+05   0.364770E+05   0.107537E+01   0.107518E+01   0.148906E+04   0.383595E+05   0.394976E+05   0.383595E+05  -0.226707E-01   0.386698E+05   0.384647E+05   0.781857E+00
   0.251581E+00   0.390402E+05   0.357074E+05   0.100434E+01   0.100417E+01   0.140319E+04   0.373989E+05   0.385100E+05   0.373990E+05  -0.221030E-01   0.376999E+05   0.375151E+05   0.689454E+00
   0.256939E+00   0.380194E+05   0.348879E+05   0.938167E+00   0.938008E+00   0.132198E+04   0.364374E+05   0.375212E+05   0.364374E+05  -0.215347E-01   0.367298E+05   0.365593E+05   0.622936E+00
   0.262297E+00   0.369764E+05   0.339725E+05   0.875645E+00   0.875496E+00   0.124433E+04   0.354429E+05   0.364985E+05   0.354429E+05  -0.209470E-01   0.357276E+05   0.355642E+05   0.584661E+00
   0.267656E+00   0.359059E+05   0.329603E+05   0.816397E+00   0.816258E+00   0.116945E+04   0.344112E+05   0.354372E+05   0.344112E+05  -0.203372E-01   0.346889E+05   0.345262E+05   0.570253E+00
   0.273014E+00   0.348239E+05   0.318865E+05   0.760625E+00   0.760496E+00   0.109828E+04   0.333608E+05   0.343566E+05   0.333608E+05  -0.197164E-01   0.336319E+05   0.334658E+05   0.570930E+00
   0.278373E+00   0.337565E+05   0.308046E+05   0.708727E+00   0.708607E+00   0.103112E+04   0.323211E+05   0.332869E+05   0.323211E+05  -0.191019E-01   0.325858E+05   0.324148E+05   0.576483E+00
   0.283731E+00   0.327302E+05   0.297687E+05   0.661044E+00   0.660932E+00   0.968915E+03   0.313222E+05   0.322591E+05   0.313222E+05  -0.185116E-01   0.315806E+05   0.314059E+05   0.577991E+00
   0.289089E+00   0.317684E+05   0.288233E+05   0.617757E+00   0.617652E+00   0.911909E+03   0.303900E+05   0.312999E+05   0.303900E+05  -0.179607E-01   0.306421E+05   0.304666E+05   0.569665E+00
   0.294448E+00   0.308863E+05   0.279940E+05   0.578811E+00   0.578713E+00   0.860249E+03   0.295409E+05   0.304262E+05   0.295409E+05  -0.174588E-01   0.297867E+05   0.296142E+05   0.549580E+00
   0.299806E+00   0.300859E+05   0.272819E+05   0.543860E+00   0.543767E+00   0.813686E+03   0.287767E+05   0.296398E+05   0.287767E+05  -0.170072E-01   0.290162E+05   0.288503E+05   0.519360E+00
   0.305165E+00   0.293555E+05   0.266653E+05   0.512316E+00   0.512229E+00   0.771323E+03   0.280845E+05   0.289275E+05   0.280845E+05  -0.165981E-01   0.283179E+05   0.281608E+05   0.483090E+00
   0.310523E+00   0.286762E+05   0.261097E+05   0.483515E+00   0.483433E+00   0.732483E+03   0.274435E+05   0.282679E+05   0.274435E+05  -0.162192E-01   0.276709E+05   0.275234E+05   0.445830E+00
   0.315881E+00   0.280282E+05   0.255795E+05   0.456857E+00   0.456779E+00   0.696143E+03   0.268320E+05   0.276387E+05   0.268320E+05  -0.158578E-01   0.270538E+05   0.269151E+05   0.412181E+00
   0.321240E+00   0.273949E+05   0.250456E+05   0.431874E+00   0.431800E+00   0.661958E+03   0.262319E+05   0.270211E+05   0.262319E+05  -0.155032E-01   0.264485E+05   0.263166E+05   0.385244E+00
   0.326598E+00   0.267641E+05   0.244892E+05   0.408238E+00   0.408169E+00   0.629208E+03   0.256305E+05   0.264022E+05   0.256305E+05  -0.151478E-01   0.258422E+05   0.257148E+05   0.366160E+00
   0.331956E+00   0.261307E+05   0.239051E+05   0.385782E+00   0.385716E+00   0.597897E+03   0.250227E+05   0.257766E+05   0.250227E+05  -0.147886E-01   0.252298E+05   0.251045E+05   0.354199E+00
   0.337315E+00   0.254974E+05   0.233016E+05   0.364484E+00   0.364422E+00   0.567932E+03   0.244121E+05   0.251480E+05   0.244121E+05  -0.144277E-01   0.246148E+05   0.244899E+05   0.347278E+00
   0.342673E+00   0.248731E+05   0.226962E+05   0.344420E+00   0.344362E+00   0.539465E+03   0.238085E+05   0.245267E+05   0.238085E+05  -0.140710E-01   0.240070E+05   0.238818E+05   0.342693E+00
   0.348032E+00   0.242682E+05   0.221091E+05   0.325674E+00   0.325619E+00   0.512690E+03   0.232237E+05   0.239247E+05   0.232237E+05  -0.137254E-01   0.234180E+05   0.232927E+05   0.337878E+00
   0.353390E+00   0.236910E+05   0.215561E+05   0.308281E+00   0.308229E+00   0.487685E+03   0.226668E+05   0.233513E+05   0.226668E+05  -0.133962E-01   0.228570E+05   0.227323E+05   0.330977E+00
   0.358748E+00   0.231460E+05   0.210463E+05   0.292216E+00   0.292167E+00   0.464533E+03   0.221428E+05   0.228119E+05   0.221428E+05  -0.130865E-01   0.223290E+05   0.222062E+05   0.321142E+00
   0.364107E+00   0.226343E+05   0.205817E+05   0.277401E+00   0.277354E+00   0.442955E+03   0.216531E+05   0.223078E+05   0.216531E+05  -0.127971E-01   0.218353E+05   0.217156E+05   0.308530E+00
   0.369465E+00   0.221540E+05   0.201575E+05   0.263717E+00   0.263672E+00   0.423025E+03   0.211952E+05   0.218363E+05   0.211952E+05  -0.125265E-01   0.213735E+05   0.212577E+05   0.294062E+00
   0.374823E+00   0.216996E+05   0.197639E+05   0.251012E+00   0.250970E+00   0.404382E+03   0.207632E+05   0.213916E+05   0.207632E+05  -0.122712E-01   0.209377E+05   0.208263E+05   0.279050E+00
   0.380182E+00   0.212639E+05   0.193880E+05   0.239126E+00   0.239085E+00   0.386877E+03   0.203493E+05   0.209654E+05   0.203493E+05  -0.120265E-01   0.205202E+05   0.204129E+05   0.264807E+00
   0.385540E+00   0.208401E+05   0.190186E+05   0.227920E+00   0.227881E+00   0.370249E+03   0.199461E+05   0.205503E+05   0.199461E+05  -0.117882E-01   0.201135E+05   0.200098E+05   0.252330E+00
   0.390899E+00   0.204236E+05   0.186481E+05   0.217296E+00   0.217259E+00   0.354431E+03   0.195486E+05   0.201411E+05   0.195486E+05  -0.115534E-01   0.197127E+05   0.196119E+05   0.242115E+00
   0.396257E+00   0.200122E+05   0.182738E+05   0.207197E+00   0.207161E+00   0.339293E+03   0.191549E+05   0.197356E+05   0.191549E+05  -0.113206E-01   0.193158E+05   0.192170E+05   0.234131E+00
   0.401615E+00   0.196060E+05   0.178968E+05   0.197593E+00   0.197559E+00   0.324776E+03   0.187649E+05   0.193340E+05   0.187649E+05  -0.110901E-01   0.189228E+05   0.188252E+05   0.227916E+00
   0.406974E+00   0.192064E+05   0.175213E+05   0.188477E+00   0.188445E+00   0.310994E+03   0.183806E+05   0.189383E+05   0.183806E+05  -0.108630E-01   0.185355E+05   0.184389E+05   0.222767E+00
   0.412332E+00   0.188165E+05   0.171536E+05   0.179857E+00   0.179826E+00   0.297840E+03   0.180054E+05   0.185520E+05   0.180054E+05  -0.106413E-01   0.181575E+05   0.180617E+05   0.217945E+00
   0.417691E+00   0.184396E+05   0.167998E+05   0.171739E+00   0.171709E+00   0.285423E+03   0.176430E+05   0.181787E+05   0.176430E+05  -0.104271E-01   0.177922E+05   0.176975E+05   0.212851E+00
   0.423049E+00   0.180777E+05   0.164637E+05   0.164116E+00   0.164088E+00   0.273680E+03   0.172956E+05   0.178210E+05   0.172956E+05  -0.102218E-01   0.174421E+05   0.173487E+05   0.207137E+00
   0.428407E+00   0.177314E+05   0.161467E+05   0.156964E+00   0.156937E+00   0.262667E+03   0.169638E+05   0.174793E+05   0.169638E+05  -0.100257E-01   0.171076E+05   0.170160E+05   0.200733E+00
   0.433766E+00   0.173999E+05   0.158476E+05   0.150249E+00   0.150224E+00   0.252243E+03   0.166469E+05   0.171530E+05   0.166469E+05  -0.983844E-02   0.167881E+05   0.166985E+05   0.193810E+00
   0.439124E+00   0.170818E+05   0.155636E+05   0.143931E+00   0.143907E+00   0.242411E+03   0.163433E+05   0.168403E+05   0.163433E+05  -0.965901E-02   0.164819E+05   0.163945E+05   0.186690E+00
   0.444482E+00   0.167751E+05   0.152911E+05   0.137967E+00   0.137944E+00   0.233104E+03   0.160508E+05   0.165390E+05   0.160508E+05  -0.948610E-02   0.161868E+05   0.161017E+05   0.179738E+00
   0.449841E+00   0.164773E+05   0.150260E+05   0.132316E+00   0.132294E+00   0.224225E+03   0.157667E+05   0.162464E+05   0.157667E+05  -0.931820E-02   0.159003E+05   0.158173E+05   0.173269E+00
   0.455199E+00   0.161864E+05   0.147650E+05   0.126942E+00   0.126921E+00   0.215773E+03   0.154889E+05   0.159603E+05   0.154889E+05  -0.915401E-02   0.156202E+05   0.155389E+05   0.167476E+00
   0.460558E+00   0.159011E+05   0.145064E+05   0.121820E+00   0.121799E+00   0.207660E+03   0.152160E+05   0.156792E+05   0.152160E+05  -0.899273E-02   0.153450E+05   0.152653E+05   0.162407E+00
   0.465916E+00   0.156209E+05   0.142498E+05   0.116933E+00   0.116913E+00   0.199921E+03   0.149476E+05   0.154028E+05   0.149476E+05  -0.883412E-02   0.150745E+05   0.149960E+05   0.157981E+00
   0.471274E+00   0.153463E+05   0.139964E+05   0.112274E+00   0.112254E+00   0.192471E+03   0.146842E+05   0.151315E+05   0.146842E+05  -0.867845E-02   0.148089E+05   0.147316E+05   0.154028E+00
   0.476633E+00   0.150778E+05   0.137478E+05   0.107836E+00   0.107818E+00   0.185384E+03   0.144267E+05   0.148662E+05   0.144267E+05  -0.852624E-02   0.145493E+05   0.144730E+05   0.150341E+00
   0.481991E+00   0.148164E+05   0.135058E+05   0.103617E+00   0.103600E+00   0.178601E+03   0.141759E+05   0.146079E+05   0.141759E+05  -0.837802E-02   0.142965E+05   0.142212E+05   0.146729E+00
   0.487350E+00   0.145626E+05   0.132717E+05   0.996101E-01   0.995932E-01   0.172147E+03   0.139326E+05   0.143573E+05   0.139326E+05  -0.823421E-02   0.140512E+05   0.139769E+05   0.143059E+00
   0.492708E+00   0.143168E+05   0.130464E+05   0.958073E-01   0.957910E-01   0.165996E+03   0.136971E+05   0.141147E+05   0.136971E+05  -0.809504E-02   0.138138E+05   0.137407E+05   0.139272E+00
   0.498066E+00   0.140791E+05   0.128301E+05   0.921991E-01   0.921835E-01   0.160138E+03   0.134696E+05   0.138804E+05   0.134696E+05  -0.796060E-02   0.135844E+05   0.135126E+05   0.135383E+00
   0.503425E+00   0.138491E+05   0.126219E+05   0.887729E-01   0.887578E-01   0.154573E+03   0.132496E+05   0.136538E+05   0.132496E+05  -0.783061E-02   0.133626E+05   0.132921E+05   0.131461E+00
   0.508783E+00   0.136258E+05   0.124205E+05   0.855133E-01   0.854987E-01   0.149242E+03   0.130363E+05   0.134341E+05   0.130363E+05  -0.770453E-02   0.131475E+05   0.130783E+05   0.127598E+00
   0.514141E+00   0.134085E+05   0.122246E+05   0.824059E-01   0.823919E-01   0.144164E+03   0.128286E+05   0.132201E+05   0.128286E+05  -0.758179E-02   0.129380E+05   0.128702E+05   0.123887E+00
   0.519500E+00   0.131965E+05   0.120330E+05   0.794392E-01   0.794257E-01   0.139286E+03   0.126259E+05   0.130114E+05   0.126259E+05  -0.746200E-02   0.127336E+05   0.126670E+05   0.120397E+00
   0.524858E+00   0.129892E+05   0.118450E+05   0.766034E-01   0.765904E-01   0.134620E+03   0.124277E+05   0.128072E+05   0.124277E+05  -0.734486E-02   0.125338E+05   0.124683E+05   0.117160E+00
   0.530217E+00   0.127863E+05   0.116601E+05   0.738895E-01   0.738769E-01   0.130129E+03   0.122336E+05   0.126071E+05   0.122336E+05  -0.723010E-02   0.123380E+05   0.122735E+05   0.114169E+00
   0.535575E+00   0.125874E+05   0.114781E+05   0.712904E-01   0.712783E-01   0.125823E+03   0.120431E+05   0.124109E+05   0.120431E+05  -0.711754E-02   0.121459E+05   0.120824E+05   0.111386E+00
   0.540933E+00   0.123926E+05   0.112995E+05   0.688017E-01   0.687900E-01   0.121694E+03   0.118565E+05   0.122187E+05   0.118565E+05  -0.700727E-02   0.119578E+05   0.118951E+05   0.108756E+00
   0.546292E+00   0.122023E+05   0.111248E+05   0.664207E-01   0.664094E-01   0.117715E+03   0.116742E+05   0.120309E+05   0.116742E+05  -0.689952E-02   0.117740E+05   0.117122E+05   0.106223E+00
   0.551650E+00   0.120167E+05   0.109545E+05   0.641442E-01   0.641333E-01   0.113918E+03   0.114964E+05   0.118478E+05   0.114964E+05  -0.679445E-02   0.115948E+05   0.115338E+05   0.103740E+00
   0.557009E+00   0.118359E+05   0.107890E+05   0.619677E-01   0.619571E-01   0.110261E+03   0.113232E+05   0.116693E+05   0.113232E+05  -0.669209E-02   0.114201E+05   0.113600E+05   0.101277E+00
   0.562367E+00   0.116596E+05   0.106282E+05   0.598861E-01   0.598760E-01   0.106777E+03   0.111545E+05   0.114955E+05   0.111545E+05  -0.659237E-02   0.112500E+05   0.111907E+05   0.988262E-01
   0.567725E+00   0.114878E+05   0.104718E+05   0.578949E-01   0.578851E-01   0.103406E+03   0.109901E+05   0.113262E+05   0.109901E+05  -0.649523E-02   0.110842E+05   0.110259E+05   0.963963E-01
   0.573084E+00   0.113204E+05   0.103198E+05   0.559895E-01   0.559800E-01   0.100200E+03   0.108301E+05   0.111612E+05   0.108301E+05  -0.640062E-02   0.109228E+05   0.108654E+05   0.940082E-01
   0.578442E+00   0.111572E+05   0.101717E+05   0.541648E-01   0.541555E-01   0.971051E+02   0.106740E+05   0.110004E+05   0.106740E+05  -0.630837E-02   0.107654E+05   0.107089E+05   0.916864E-01
   0.629704E+00   0.976166E+04   0.889929E+04   0.399847E-01   0.399779E-01   0.728210E+02   0.933848E+04   0.962447E+04   0.933848E+04  -0.551909E-02   0.941866E+04   0.936920E+04   0.737090E-01
   0.769122E+00   0.709954E+04   0.647294E+04   0.194905E-01   0.194872E-01   0.366228E+02   0.679136E+04   0.699985E+04   0.679136E+04  -0.401373E-02   0.684994E+04   0.681403E+04   0.438056E-01
   0.939408E+00   0.513805E+04   0.468471E+04   0.945427E-02   0.945266E-02   0.181944E+02   0.491479E+04   0.506593E+04   0.491479E+04  -0.290467E-02   0.495732E+04   0.493136E+04   0.259358E-01
   0.114740E+01   0.370237E+04   0.337578E+04   0.456626E-02   0.456548E-02   0.894625E+01   0.354138E+04   0.365041E+04   0.354138E+04  -0.209298E-02   0.357209E+04   0.355340E+04   0.152932E-01
   0.140143E+01   0.265685E+04   0.242252E+04   0.219638E-02   0.219601E-02   0.435986E+01   0.254126E+04   0.261957E+04   0.254126E+04  -0.150190E-02   0.256334E+04   0.254992E+04   0.898199E-02
   0.171171E+01   0.189970E+04   0.173217E+04   0.105267E-02   0.105249E-02   0.210903E+01   0.181703E+04   0.187305E+04   0.181703E+04  -0.107387E-02   0.183283E+04   0.182324E+04   0.525734E-02
   0.209069E+01   0.135381E+04   0.123443E+04   0.502849E-03   0.502764E-03   0.101429E+01   0.129488E+04   0.133481E+04   0.129488E+04  -0.765280E-03   0.130614E+04   0.129931E+04   0.306772E-02
   0.255358E+01   0.961796E+03   0.876997E+03   0.239464E-03   0.239423E-03   0.485260E+00   0.919926E+03   0.948306E+03   0.919926E+03  -0.543681E-03   0.927934E+03   0.923077E+03   0.178504E-02
   0.311895E+01   0.681360E+03   0.621288E+03   0.113713E-03   0.113694E-03   0.231136E+00   0.651695E+03   0.671803E+03   0.651695E+03  -0.385155E-03   0.657370E+03   0.653927E+03   0.103614E-02
   0.380949E+01   0.481461E+03   0.439013E+03   0.538609E-04   0.538517E-04   0.109715E+00   0.460497E+03   0.474708E+03   0.460497E+03  -0.272156E-03   0.464509E+03   0.462072E+03   0.600256E-03
   0.465292E+01   0.339386E+03   0.309462E+03   0.254499E-04   0.254455E-04   0.519074E-01   0.324607E+03   0.334625E+03   0.324607E+03  -0.191845E-03   0.327436E+03   0.325714E+03   0.347186E-03
   0.568309E+01   0.238715E+03   0.217664E+03   0.119992E-04   0.119971E-04   0.244953E-01   0.228320E+03   0.235366E+03   0.228320E+03  -0.134938E-03   0.230309E+03   0.229095E+03   0.200619E-03
   0.694134E+01   0.167561E+03   0.152781E+03   0.564575E-05   0.564479E-05   0.115385E-01   0.160264E+03   0.165210E+03   0.160264E+03  -0.947166E-04   0.161661E+03   0.160803E+03   0.115895E-03
   0.847817E+01   0.117394E+03   0.107034E+03   0.265137E-05   0.265092E-05   0.542184E-02   0.112281E+03   0.115746E+03   0.112281E+03  -0.663584E-04   0.113260E+03   0.112654E+03   0.670000E-04
   0.103553E+02   0.821026E+02   0.748515E+02   0.124295E-05   0.124274E-05   0.254184E-02   0.785253E+02   0.809490E+02   0.785253E+02  -0.464089E-04   0.792105E+02   0.787822E+02   0.388142E-04
   0.126479E+02   0.573262E+02   0.522576E+02   0.581727E-06   0.581628E-06   0.118939E-02   0.548276E+02   0.565198E+02   0.548276E+02  -0.324034E-04   0.553063E+02   0.550021E+02   0.225743E-04
   0.154482E+02   0.399657E+02   0.364261E+02   0.271842E-06   0.271795E-06   0.556310E-03   0.382229E+02   0.394026E+02   0.382229E+02  -0.225899E-04   0.385570E+02   0.383395E+02   0.132147E-04
   0.188685E+02   0.278229E+02   0.253523E+02   0.126847E-06   0.126826E-06   0.259563E-03   0.266085E+02   0.274298E+02   0.266085E+02  -0.157258E-04   0.268416E+02   0.266845E+02   0.781267E-05
   0.230461E+02   0.193434E+02   0.176192E+02   0.591084E-07   0.590984E-07   0.120965E-03   0.184981E+02   0.190691E+02   0.184981E+02  -0.109325E-04   0.186606E+02   0.185455E+02   0.468553E-05
   0.281485E+02   0.134311E+02   0.122270E+02   0.275071E-07   0.275024E-07   0.563449E-04   0.128432E+02   0.132396E+02   0.128432E+02  -0.759037E-05   0.129564E+02   0.128704E+02   0.286591E-05
   0.343807E+02   0.931479E+01   0.847260E+01   0.127846E-07   0.127824E-07   0.261461E-04   0.890591E+01   0.918080E+01   0.890591E+01  -0.526344E-05   0.898489E+01   0.891901E+01   0.179847E-05
   0.419926E+02   0.645262E+01   0.586185E+01   0.593449E-08   0.593348E-08   0.121504E-04   0.616825E+01   0.635864E+01   0.616825E+01  -0.364547E-05   0.622343E+01   0.617131E+01   0.116463E-05
   0.512900E+02   0.446499E+01   0.404859E+01   0.275122E-08   0.275076E-08   0.564090E-05   0.426704E+01   0.439875E+01   0.426704E+01  -0.252184E-05   0.430570E+01   0.426298E+01   0.781704E-06
   0.626457E+02   0.308630E+01   0.279066E+01   0.127378E-08   0.127356E-08   0.260772E-05   0.294826E+01   0.303926E+01   0.294826E+01  -0.174244E-05   0.297548E+01   0.293911E+01   0.544886E-06
   0.765156E+02   0.213103E+01   0.191889E+01   0.588889E-09   0.588790E-09   0.120867E-05   0.203448E+01   0.209728E+01   0.203448E+01  -0.120239E-05   0.205378E+01   0.202166E+01   0.393947E-06
   0.934564E+02   0.146982E+01   0.131532E+01   0.271806E-09   0.271761E-09   0.555467E-06   0.140197E+01   0.144524E+01   0.140197E+01  -0.828570E-06   0.141579E+01   0.138650E+01   0.294170E-06
   0.114148E+03   0.101260E+01   0.897831E+00   0.125208E-09   0.125187E-09   0.255847E-06   0.964565E+00   0.994337E+00   0.964565E+00  -0.570063E-06   0.974614E+00   0.947193E+00   0.225433E-06
