#          k/h    CDM            baryon         photon         nu             mass_nu        total          no_nu          total_de       Weyl           v_CDM          v_b            v_b-v_c     
   0.105171E-04   0.180776E+08   0.180776E+08   0.240924E+08   0.240920E+08   0.180778E+08   0.180776E+08   0.180776E+08   0.180848E+08  -0.506815E+00   0.113396E+08   0.113396E+08   0.676020E+01
   0.116124E-04   0.180776E+08   0.180776E+08   0.240899E+08   0.240895E+08   0.180778E+08   0.180776E+08   0.180776E+08   0.180848E+08  -0.506814E+00   0.113396E+08   0.113396E+08   0.746402E+01
   0.128218E-04   0.180776E+08   0.180776E+08   0.240869E+08   0.240864E+08   0.180778E+08   0.180776E+08   0.180776E+08   0.180848E+08  -0.506814E+00   0.113396E+08   0.113396E+08   0.824106E+01
   0.141570E-04   0.180776E+08   0.180776E+08   0.240833E+08   0.240827E+08   0.180778E+08   0.180776E+08   0.180776E+08   0.180847E+08  -0.506814E+00   0.113396E+08   0.113396E+08   0.909892E+01
   0.156314E-04   0.180776E+08   0.180776E+08   0.240789E+08   0.240781E+08   0.180778E+08   0.180776E+08   0.180776E+08   0.180847E+08  -0.506814E+00   0.113396E+08   0.113395E+08   0.100460E+02
   0.172593E-04   0.180776E+08   0.180776E+08   0.240735E+08   0.240726E+08   0.180778E+08   0.180776E+08   0.180776E+08   0.180847E+08  -0.506813E+00   0.113395E+08   0.113395E+08   0.110915E+02
   0.190567E-04   0.180776E+08   0.180776E+08   0.240669E+08   0.240658E+08   0.180778E+08   0.180776E+08   0.180776E+08   0.180847E+08  -0.506813E+00   0.113395E+08   0.113395E+08   0.122457E+02
   0.210413E-04   0.180775E+08   0.180775E+08   0.240589E+08   0.240576E+08   0.180778E+08   0.180776E+08   0.180775E+08   0.180847E+08  -0.506812E+00   0.113395E+08   0.113395E+08   0.135197E+02
   0.232326E-04   0.180775E+08   0.180775E+08   0.240492E+08   0.240475E+08   0.180778E+08   0.180775E+08   0.180775E+08   0.180847E+08  -0.506812E+00   0.113395E+08   0.113395E+08   0.149260E+02
   0.256521E-04   0.180775E+08   0.180775E+08   0.240373E+08   0.240352E+08   0.180777E+08   0.180775E+08   0.180775E+08   0.180846E+08  -0.506811E+00   0.113395E+08   0.113395E+08   0.164782E+02
   0.283236E-04   0.180775E+08   0.180775E+08   0.240228E+08   0.240203E+08   0.180777E+08   0.180775E+08   0.180775E+08   0.180846E+08  -0.506810E+00   0.113395E+08   0.113395E+08   0.181912E+02
   0.312733E-04   0.180774E+08   0.180774E+08   0.240051E+08   0.240021E+08   0.180777E+08   0.180774E+08   0.180774E+08   0.180846E+08  -0.506809E+00   0.113395E+08   0.113395E+08   0.200816E+02
   0.345301E-04   0.180774E+08   0.180774E+08   0.239836E+08   0.239800E+08   0.180776E+08   0.180774E+08   0.180774E+08   0.180845E+08  -0.506807E+00   0.113394E+08   0.113394E+08   0.221675E+02
   0.381262E-04   0.180773E+08   0.180773E+08   0.239574E+08   0.239530E+08   0.180776E+08   0.180774E+08   0.180773E+08   0.180845E+08  -0.506805E+00   0.113394E+08   0.113394E+08   0.244686E+02
   0.420968E-04   0.180773E+08   0.180773E+08   0.239255E+08   0.239201E+08   0.180775E+08   0.180773E+08   0.180773E+08   0.180844E+08  -0.506803E+00   0.113394E+08   0.113394E+08   0.270068E+02
   0.464808E-04   0.180772E+08   0.180772E+08   0.238867E+08   0.238801E+08   0.180774E+08   0.180772E+08   0.180772E+08   0.180843E+08  -0.506800E+00   0.113393E+08   0.113393E+08   0.298060E+02
   0.513214E-04   0.180771E+08   0.180771E+08   0.238395E+08   0.238314E+08   0.180773E+08   0.180771E+08   0.180771E+08   0.180842E+08  -0.506797E+00   0.113393E+08   0.113392E+08   0.328920E+02
   0.566662E-04   0.180770E+08   0.180770E+08   0.237820E+08   0.237721E+08   0.180772E+08   0.180770E+08   0.180770E+08   0.180841E+08  -0.506793E+00   0.113392E+08   0.113392E+08   0.362931E+02
   0.625675E-04   0.180769E+08   0.180768E+08   0.237120E+08   0.237000E+08   0.180771E+08   0.180769E+08   0.180769E+08   0.180839E+08  -0.506788E+00   0.113391E+08   0.113391E+08   0.400401E+02
   0.690835E-04   0.180767E+08   0.180767E+08   0.236270E+08   0.236125E+08   0.180769E+08   0.180767E+08   0.180767E+08   0.180837E+08  -0.506782E+00   0.113390E+08   0.113390E+08   0.441660E+02
   0.762780E-04   0.180765E+08   0.180765E+08   0.235238E+08   0.235061E+08   0.180767E+08   0.180765E+08   0.180765E+08   0.180835E+08  -0.506775E+00   0.113389E+08   0.113388E+08   0.487066E+02
   0.842218E-04   0.180762E+08   0.180762E+08   0.233985E+08   0.233770E+08   0.180764E+08   0.180762E+08   0.180762E+08   0.180832E+08  -0.506766E+00   0.113387E+08   0.113387E+08   0.536997E+02
   0.929929E-04   0.180759E+08   0.180759E+08   0.232466E+08   0.232206E+08   0.180761E+08   0.180759E+08   0.180759E+08   0.180828E+08  -0.506756E+00   0.113385E+08   0.113385E+08   0.591856E+02
   0.102677E-03   0.180756E+08   0.180755E+08   0.230627E+08   0.230311E+08   0.180757E+08   0.180756E+08   0.180755E+08   0.180824E+08  -0.506743E+00   0.113383E+08   0.113382E+08   0.652063E+02
   0.113370E-03   0.180751E+08   0.180750E+08   0.228403E+08   0.228021E+08   0.180752E+08   0.180751E+08   0.180751E+08   0.180819E+08  -0.506727E+00   0.113380E+08   0.113380E+08   0.718053E+02
   0.125177E-03   0.180746E+08   0.180745E+08   0.225718E+08   0.225258E+08   0.180746E+08   0.180745E+08   0.180745E+08   0.180812E+08  -0.506707E+00   0.113376E+08   0.113376E+08   0.790262E+02
   0.138213E-03   0.180739E+08   0.180738E+08   0.222485E+08   0.221930E+08   0.180739E+08   0.180739E+08   0.180739E+08   0.180805E+08  -0.506684E+00   0.113372E+08   0.113372E+08   0.869118E+02
   0.152607E-03   0.180731E+08   0.180729E+08   0.218603E+08   0.217936E+08   0.180730E+08   0.180730E+08   0.180730E+08   0.180795E+08  -0.506656E+00   0.113367E+08   0.113366E+08   0.955025E+02
   0.168500E-03   0.180721E+08   0.180719E+08   0.213955E+08   0.213156E+08   0.180720E+08   0.180720E+08   0.180720E+08   0.180784E+08  -0.506621E+00   0.113361E+08   0.113360E+08   0.104833E+03
   0.186048E-03   0.180709E+08   0.180707E+08   0.208413E+08   0.207460E+08   0.180707E+08   0.180708E+08   0.180708E+08   0.180770E+08  -0.506579E+00   0.113353E+08   0.113352E+08   0.114930E+03
   0.205424E-03   0.180694E+08   0.180692E+08   0.201840E+08   0.200708E+08   0.180691E+08   0.180694E+08   0.180694E+08   0.180753E+08  -0.506528E+00   0.113344E+08   0.113343E+08   0.125807E+03
   0.226817E-03   0.180676E+08   0.180673E+08   0.194089E+08   0.192753E+08   0.180673E+08   0.180676E+08   0.180676E+08   0.180733E+08  -0.506467E+00   0.113332E+08   0.113331E+08   0.137459E+03
   0.250438E-03   0.180655E+08   0.180651E+08   0.185019E+08   0.183453E+08   0.180650E+08   0.180654E+08   0.180654E+08   0.180709E+08  -0.506393E+00   0.113319E+08   0.113317E+08   0.149855E+03
   0.276520E-03   0.180628E+08   0.180624E+08   0.174502E+08   0.172683E+08   0.180622E+08   0.180628E+08   0.180628E+08   0.180679E+08  -0.506304E+00   0.113302E+08   0.113300E+08   0.162929E+03
   0.305317E-03   0.180597E+08   0.180592E+08   0.162447E+08   0.160357E+08   0.180588E+08   0.180596E+08   0.180596E+08   0.180644E+08  -0.506197E+00   0.113282E+08   0.113280E+08   0.176572E+03
   0.337113E-03   0.180558E+08   0.180553E+08   0.148822E+08   0.146454E+08   0.180547E+08   0.180557E+08   0.180557E+08   0.180601E+08  -0.506068E+00   0.113257E+08   0.113255E+08   0.190618E+03
   0.372221E-03   0.180512E+08   0.180505E+08   0.133691E+08   0.131053E+08   0.180498E+08   0.180511E+08   0.180511E+08   0.180550E+08  -0.505915E+00   0.113228E+08   0.113226E+08   0.204832E+03
   0.410985E-03   0.180457E+08   0.180448E+08   0.117253E+08   0.114376E+08   0.180439E+08   0.180455E+08   0.180455E+08   0.180489E+08  -0.505732E+00   0.113193E+08   0.113190E+08   0.218903E+03
   0.453786E-03   0.180390E+08   0.180380E+08   0.998817E+07   0.968275E+07   0.180368E+08   0.180388E+08   0.180388E+08   0.180417E+08  -0.505515E+00   0.113150E+08   0.113147E+08   0.232436E+03
   0.501045E-03   0.180310E+08   0.180298E+08   0.821544E+07   0.790213E+07   0.180283E+08   0.180307E+08   0.180308E+08   0.180331E+08  -0.505259E+00   0.113099E+08   0.113095E+08   0.244950E+03
   0.553225E-03   0.180214E+08   0.180201E+08   0.648549E+07   0.617803E+07   0.180181E+08   0.180211E+08   0.180212E+08   0.180230E+08  -0.504959E+00   0.113038E+08   0.113034E+08   0.255897E+03
   0.610839E-03   0.180101E+08   0.180085E+08   0.489224E+07   0.460771E+07   0.180059E+08   0.180097E+08   0.180098E+08   0.180111E+08  -0.504607E+00   0.112966E+08   0.112961E+08   0.264688E+03
   0.674453E-03   0.179966E+08   0.179948E+08   0.353242E+07   0.328936E+07   0.179915E+08   0.179962E+08   0.179963E+08   0.179972E+08  -0.504198E+00   0.112880E+08   0.112874E+08   0.270744E+03
   0.744692E-03   0.179807E+08   0.179786E+08   0.248399E+07   0.229899E+07   0.179745E+08   0.179802E+08   0.179804E+08   0.179809E+08  -0.503723E+00   0.112778E+08   0.112772E+08   0.273566E+03
   0.822246E-03   0.179620E+08   0.179596E+08   0.177879E+07   0.166169E+07   0.179544E+08   0.179614E+08   0.179617E+08   0.179620E+08  -0.503174E+00   0.112659E+08   0.112652E+08   0.272812E+03
   0.907877E-03   0.179402E+08   0.179374E+08   0.137927E+07   0.132829E+07   0.179308E+08   0.179395E+08   0.179397E+08   0.179399E+08  -0.502540E+00   0.112520E+08   0.112512E+08   0.268358E+03
   0.100243E-02   0.179146E+08   0.179116E+08   0.117674E+07   0.117608E+07   0.179031E+08   0.179138E+08   0.179141E+08   0.179142E+08  -0.501809E+00   0.112358E+08   0.112350E+08   0.260330E+03
   0.110682E-02   0.178850E+08   0.178816E+08   0.102839E+07   0.105138E+07   0.178709E+08   0.178840E+08   0.178844E+08   0.178843E+08  -0.500966E+00   0.112170E+08   0.112161E+08   0.249064E+03
   0.122209E-02   0.178506E+08   0.178470E+08   0.831228E+06   0.850253E+06   0.178334E+08   0.178495E+08   0.178500E+08   0.178498E+08  -0.499992E+00   0.111952E+08   0.111943E+08   0.235026E+03
   0.134936E-02   0.178108E+08   0.178071E+08   0.589249E+06   0.588619E+06   0.177899E+08   0.178096E+08   0.178102E+08   0.178098E+08  -0.498868E+00   0.111701E+08   0.111692E+08   0.218737E+03
   0.148988E-02   0.177650E+08   0.177611E+08   0.398426E+06   0.380816E+06   0.177395E+08   0.177636E+08   0.177644E+08   0.177638E+08  -0.497575E+00   0.111412E+08   0.111402E+08   0.200777E+03
   0.164504E-02   0.177123E+08   0.177084E+08   0.323865E+06   0.303141E+06   0.176813E+08   0.177108E+08   0.177117E+08   0.177109E+08  -0.496090E+00   0.111080E+08   0.111070E+08   0.181883E+03
   0.181636E-02   0.176519E+08   0.176479E+08   0.296423E+06   0.349512E+05   0.176142E+08   0.176502E+08   0.176513E+08   0.176502E+08  -0.494388E+00   0.110700E+08   0.110690E+08   0.162999E+03
   0.200552E-02   0.175828E+08   0.175788E+08   0.214088E+06   0.285649E+05   0.175370E+08   0.175808E+08   0.175822E+08   0.175808E+08  -0.492442E+00   0.110264E+08   0.110255E+08   0.145106E+03
   0.221438E-02   0.175039E+08   0.174999E+08   0.127261E+06   0.233306E+05   0.174485E+08   0.175016E+08   0.175033E+08   0.175016E+08  -0.490222E+00   0.109767E+08   0.109758E+08   0.128957E+03
   0.244500E-02   0.174140E+08   0.174100E+08   0.118208E+06   0.190410E+05   0.173472E+08   0.174114E+08   0.174134E+08   0.174114E+08  -0.487694E+00   0.109202E+08   0.109193E+08   0.114990E+03
   0.269962E-02   0.173120E+08   0.173079E+08   0.990012E+05   0.155276E+05   0.172314E+08   0.173090E+08   0.173113E+08   0.173090E+08  -0.484823E+00   0.108559E+08   0.108550E+08   0.103319E+03
   0.298077E-02   0.171964E+08   0.171921E+08   0.615363E+05   0.126512E+05   0.170996E+08   0.171928E+08   0.171957E+08   0.171929E+08  -0.481569E+00   0.107831E+08   0.107822E+08   0.935826E+02
   0.329119E-02   0.170658E+08   0.170613E+08   0.598580E+05   0.102973E+05   0.169499E+08   0.170616E+08   0.170651E+08   0.170616E+08  -0.477893E+00   0.107008E+08   0.106999E+08   0.850732E+02
   0.363395E-02   0.169187E+08   0.169139E+08   0.343199E+05   0.837216E+04   0.167803E+08   0.169138E+08   0.169179E+08   0.169138E+08  -0.473752E+00   0.106082E+08   0.106073E+08   0.771489E+02
   0.401240E-02   0.167534E+08   0.167483E+08   0.306587E+05   0.679851E+04   0.165890E+08   0.167477E+08   0.167526E+08   0.167477E+08  -0.469100E+00   0.105041E+08   0.105032E+08   0.695042E+02
   0.443026E-02   0.165684E+08   0.165630E+08   0.185979E+05   0.551311E+04   0.163739E+08   0.165618E+08   0.165676E+08   0.165618E+08  -0.463890E+00   0.103875E+08   0.103867E+08   0.623324E+02
   0.489163E-02   0.163619E+08   0.163561E+08   0.176701E+05   0.446390E+04   0.161330E+08   0.163542E+08   0.163610E+08   0.163542E+08  -0.458076E+00   0.102575E+08   0.102566E+08   0.559680E+02
   0.540106E-02   0.161323E+08   0.161260E+08   0.177638E+05   0.360824E+04   0.158645E+08   0.161233E+08   0.161313E+08   0.161233E+08  -0.451609E+00   0.101128E+08   0.101119E+08   0.504615E+02
   0.596354E-02   0.158778E+08   0.158709E+08   0.114691E+05   0.291114E+04   0.155666E+08   0.158674E+08   0.158767E+08   0.158674E+08  -0.444442E+00   0.995245E+07   0.995157E+07   0.455103E+02
   0.658460E-02   0.155970E+08   0.155894E+08   0.830123E+04   0.234387E+04   0.152377E+08   0.155851E+08   0.155958E+08   0.155851E+08  -0.436532E+00   0.977550E+07   0.977464E+07   0.409010E+02
   0.727033E-02   0.152883E+08   0.152798E+08   0.498087E+04   0.188282E+04   0.148767E+08   0.152747E+08   0.152870E+08   0.152747E+08  -0.427839E+00   0.958103E+07   0.958017E+07   0.367571E+02
   0.802749E-02   0.149505E+08   0.149410E+08   0.424716E+04   0.150867E+04   0.144823E+08   0.149350E+08   0.149490E+08   0.149350E+08  -0.418325E+00   0.936823E+07   0.936737E+07   0.331172E+02
   0.886349E-02   0.145825E+08   0.145717E+08   0.368074E+04   0.120552E+04   0.140538E+08   0.145650E+08   0.145808E+08   0.145650E+08  -0.407961E+00   0.913639E+07   0.913554E+07   0.298214E+02
   0.978655E-02   0.141834E+08   0.141711E+08   0.288089E+04   0.960365E+03   0.135905E+08   0.141637E+08   0.141814E+08   0.141637E+08  -0.396721E+00   0.888498E+07   0.888413E+07   0.268646E+02
   0.108057E-01   0.137524E+08   0.137385E+08   0.175141E+04   0.762505E+03   0.130921E+08   0.137305E+08   0.137502E+08   0.137305E+08  -0.384586E+00   0.861355E+07   0.861271E+07   0.242467E+02
   0.119311E-01   0.132892E+08   0.132732E+08   0.128166E+04   0.603180E+03   0.125587E+08   0.132648E+08   0.132866E+08   0.132648E+08  -0.371543E+00   0.832182E+07   0.832098E+07   0.219019E+02
   0.131736E-01   0.127934E+08   0.127752E+08   0.118557E+04   0.475213E+03   0.119912E+08   0.127666E+08   0.127905E+08   0.127666E+08  -0.357588E+00   0.800970E+07   0.800886E+07   0.198241E+02
   0.145456E-01   0.122654E+08   0.122445E+08   0.106308E+04   0.372721E+03   0.113912E+08   0.122360E+08   0.122621E+08   0.122360E+08  -0.342726E+00   0.767727E+07   0.767643E+07   0.179721E+02
   0.160604E-01   0.117056E+08   0.116817E+08   0.594485E+03   0.290888E+03   0.107604E+08   0.116736E+08   0.117018E+08   0.116736E+08  -0.326973E+00   0.732492E+07   0.732407E+07   0.163227E+02
   0.177329E-01   0.111149E+08   0.110878E+08   0.435869E+03   0.225776E+03   0.101008E+08   0.110804E+08   0.111106E+08   0.110804E+08  -0.310357E+00   0.695327E+07   0.695242E+07   0.148456E+02
   0.195797E-01   0.104951E+08   0.104644E+08   0.484140E+03   0.174172E+03   0.941513E+07   0.104580E+08   0.104902E+08   0.104580E+08  -0.292926E+00   0.656335E+07   0.656249E+07   0.135102E+02
   0.216188E-01   0.985119E+07   0.981676E+07   0.326582E+03   0.133491E+03   0.870533E+07   0.981159E+07   0.984571E+07   0.981159E+07  -0.274819E+00   0.615830E+07   0.615744E+07   0.122882E+02
   0.238702E-01   0.918274E+07   0.914459E+07   0.146908E+03   0.101549E+03   0.798351E+07   0.914097E+07   0.917668E+07   0.914097E+07  -0.256035E+00   0.573807E+07   0.573721E+07   0.111458E+02
   0.263561E-01   0.849954E+07   0.845791E+07   0.168874E+03   0.766599E+02   0.725779E+07   0.845596E+07   0.849292E+07   0.845596E+07  -0.236848E+00   0.530877E+07   0.530792E+07   0.100546E+02
   0.291009E-01   0.781053E+07   0.776598E+07   0.861312E+02   0.574160E+02   0.653816E+07   0.776559E+07   0.780345E+07   0.776559E+07  -0.217511E+00   0.487607E+07   0.487523E+07   0.898623E+01
   0.321315E-01   0.713071E+07   0.708420E+07   0.885815E+02   0.426926E+02   0.583912E+07   0.708489E+07   0.712331E+07   0.708489E+07  -0.198445E+00   0.444939E+07   0.444857E+07   0.792193E+01
   0.354778E-01   0.647525E+07   0.642819E+07   0.587054E+02   0.315533E+02   0.517558E+07   0.642910E+07   0.646776E+07   0.642910E+07  -0.180076E+00   0.403828E+07   0.403750E+07   0.684736E+01
   0.391725E-01   0.586070E+07   0.581492E+07   0.402049E+02   0.232277E+02   0.456217E+07   0.581478E+07   0.585342E+07   0.581478E+07  -0.162870E+00   0.365313E+07   0.365240E+07   0.576245E+01
   0.432520E-01   0.530394E+07   0.526150E+07   0.218643E+02   0.170849E+02   0.401123E+07   0.525871E+07   0.529719E+07   0.525871E+07  -0.147294E+00   0.330448E+07   0.330383E+07   0.468535E+01
   0.475772E-01   0.483189E+07   0.479458E+07   0.142612E+02   0.127416E+02   0.354543E+07   0.478764E+07   0.482595E+07   0.478764E+07  -0.134100E+00   0.300913E+07   0.300857E+07   0.369123E+01
   0.519024E-01   0.446203E+07   0.443065E+07   0.109749E+02   0.979614E+01   0.317812E+07   0.441877E+07   0.445703E+07   0.441877E+07  -0.123768E+00   0.277789E+07   0.277741E+07   0.286298E+01
   0.562276E-01   0.416261E+07   0.413712E+07   0.865375E+01   0.771699E+01   0.287919E+07   0.412028E+07   0.415856E+07   0.412028E+07  -0.115407E+00   0.259078E+07   0.259038E+07   0.220529E+01
   0.605528E-01   0.390934E+07   0.388898E+07   0.695247E+01   0.619407E+01   0.262693E+07   0.386783E+07   0.390610E+07   0.386783E+07  -0.108336E+00   0.243254E+07   0.243221E+07   0.171339E+01
   0.648780E-01   0.368480E+07   0.366833E+07   0.566419E+01   0.504164E+01   0.240638E+07   0.364401E+07   0.368218E+07   0.364401E+07  -0.102067E+00   0.229223E+07   0.229194E+07   0.137172E+01
   0.692032E-01   0.347391E+07   0.345988E+07   0.465729E+01   0.414159E+01   0.220555E+07   0.343379E+07   0.347168E+07   0.343379E+07  -0.961792E-01   0.216042E+07   0.216016E+07   0.115494E+01
   0.735284E-01   0.326659E+07   0.325359E+07   0.384972E+01   0.342031E+01   0.201691E+07   0.322719E+07   0.326452E+07   0.322719E+07  -0.903922E-01   0.203082E+07   0.203057E+07   0.103230E+01
   0.778536E-01   0.305966E+07   0.304654E+07   0.319203E+01   0.283340E+01   0.183778E+07   0.302108E+07   0.305758E+07   0.302108E+07  -0.846192E-01   0.190147E+07   0.190123E+07   0.972119E+00
   0.821788E-01   0.285579E+07   0.284180E+07   0.265391E+01   0.235362E+01   0.166913E+07   0.281812E+07   0.285356E+07   0.281812E+07  -0.789344E-01   0.177405E+07   0.177380E+07   0.945427E+00
   0.865040E-01   0.266054E+07   0.264539E+07   0.221497E+01   0.196259E+01   0.151372E+07   0.262388E+07   0.265813E+07   0.262388E+07  -0.734939E-01   0.165207E+07   0.165181E+07   0.928532E+00
   0.908292E-01   0.247936E+07   0.246317E+07   0.185872E+01   0.164549E+01   0.137363E+07   0.244378E+07   0.247679E+07   0.244378E+07  -0.684493E-01   0.153894E+07   0.153867E+07   0.904572E+00
   0.961876E-01   0.228056E+07   0.226371E+07   0.151130E+01   0.133649E+01   0.122318E+07   0.224632E+07   0.227788E+07   0.224632E+07  -0.629185E-01   0.141488E+07   0.141462E+07   0.851548E+00
   0.101546E+00   0.211483E+07   0.209832E+07   0.124702E+01   0.110163E+01   0.109874E+07   0.208188E+07   0.211220E+07   0.208188E+07  -0.583126E-01   0.131157E+07   0.131132E+07   0.770010E+00
   0.106904E+00   0.198326E+07   0.196804E+07   0.104678E+01   0.923794E+00   0.998676E+06   0.195145E+07   0.198084E+07   0.195145E+07  -0.546594E-01   0.122963E+07   0.122940E+07   0.668134E+00
   0.112263E+00   0.188106E+07   0.186779E+07   0.893511E+00   0.787747E+00   0.918587E+06   0.185022E+07   0.187895E+07   0.185022E+07  -0.518238E-01   0.116605E+07   0.116585E+07   0.559968E+00
   0.117621E+00   0.179868E+07   0.178758E+07   0.772643E+00   0.680526E+00   0.852260E+06   0.176865E+07   0.179691E+07   0.176865E+07  -0.495391E-01   0.111484E+07   0.111467E+07   0.459932E+00
   0.122980E+00   0.172564E+07   0.171648E+07   0.673283E+00   0.592449E+00   0.793727E+06   0.169634E+07   0.172418E+07   0.169634E+07  -0.475138E-01   0.106945E+07   0.106930E+07   0.378886E+00
   0.128338E+00   0.165381E+07   0.164606E+07   0.588397E+00   0.517270E+00   0.738748E+06   0.162524E+07   0.165258E+07   0.162524E+07  -0.455222E-01   0.102479E+07   0.102465E+07   0.322078E+00
   0.133696E+00   0.157869E+07   0.157165E+07   0.514014E+00   0.451463E+00   0.685118E+06   0.155087E+07   0.157757E+07   0.155087E+07  -0.434391E-01   0.978048E+06   0.977924E+06   0.288902E+00
   0.139055E+00   0.149930E+07   0.149234E+07   0.448224E+00   0.393323E+00   0.632382E+06   0.147228E+07   0.149819E+07   0.147228E+07  -0.412381E-01   0.928635E+06   0.928512E+06   0.274159E+00
   0.144413E+00   0.141743E+07   0.141011E+07   0.390278E+00   0.342169E+00   0.581272E+06   0.139128E+07   0.141626E+07   0.139128E+07  -0.389692E-01   0.877673E+06   0.877548E+06   0.270197E+00
   0.149771E+00   0.133647E+07   0.132863E+07   0.339905E+00   0.297745E+00   0.533084E+06   0.131122E+07   0.133522E+07   0.131122E+07  -0.367268E-01   0.827290E+06   0.827161E+06   0.269219E+00
   0.155130E+00   0.126046E+07   0.125217E+07   0.296925E+00   0.259874E+00   0.489213E+06   0.123610E+07   0.125914E+07   0.123610E+07  -0.346227E-01   0.780003E+06   0.779870E+06   0.265148E+00
   0.160488E+00   0.119312E+07   0.118468E+07   0.261016E+00   0.228256E+00   0.450793E+06   0.116960E+07   0.119178E+07   0.116960E+07  -0.327601E-01   0.738142E+06   0.738011E+06   0.254662E+00
   0.165847E+00   0.113665E+07   0.112841E+07   0.231505E+00   0.202286E+00   0.418248E+06   0.111388E+07   0.113534E+07   0.111388E+07  -0.311994E-01   0.703068E+06   0.702941E+06   0.237297E+00
   0.171205E+00   0.109073E+07   0.108303E+07   0.207313E+00   0.181005E+00   0.391045E+06   0.106861E+07   0.108951E+07   0.106861E+07  -0.299313E-01   0.674573E+06   0.674455E+06   0.214827E+00
   0.176563E+00   0.105297E+07   0.104601E+07   0.187178E+00   0.163301E+00   0.367962E+06   0.103140E+07   0.105186E+07   0.103140E+07  -0.288891E-01   0.651163E+06   0.651055E+06   0.190290E+00
   0.181922E+00   0.102028E+07   0.101413E+07   0.169970E+00   0.148178E+00   0.347656E+06   0.999209E+06   0.101931E+07   0.999209E+06  -0.279874E-01   0.630912E+06   0.630814E+06   0.166954E+00
   0.187280E+00   0.989813E+06   0.984375E+06   0.154822E+00   0.134874E+00   0.328982E+06   0.969201E+06   0.988948E+06   0.969201E+06  -0.271469E-01   0.612032E+06   0.611944E+06   0.147427E+00
   0.192639E+00   0.959128E+06   0.954205E+06   0.141102E+00   0.122834E+00   0.311042E+06   0.938977E+06   0.958345E+06   0.938977E+06  -0.263004E-01   0.593010E+06   0.592928E+06   0.133087E+00
   0.197997E+00   0.926572E+06   0.921923E+06   0.128415E+00   0.111711E+00   0.293272E+06   0.906906E+06   0.925833E+06   0.906906E+06  -0.254021E-01   0.572816E+06   0.572737E+06   0.123971E+00
   0.203355E+00   0.891830E+06   0.887234E+06   0.116617E+00   0.101378E+00   0.275578E+06   0.872682E+06   0.891099E+06   0.872682E+06  -0.244435E-01   0.551256E+06   0.551178E+06   0.119038E+00
   0.208714E+00   0.855925E+06   0.851232E+06   0.105753E+00   0.918719E-01   0.258280E+06   0.837319E+06   0.855179E+06   0.837319E+06  -0.234530E-01   0.528971E+06   0.528892E+06   0.116633E+00
   0.214072E+00   0.820478E+06   0.815632E+06   0.959226E-01   0.832764E-01   0.241847E+06   0.802417E+06   0.819707E+06   0.802417E+06  -0.224754E-01   0.506971E+06   0.506892E+06   0.114991E+00
   0.219430E+00   0.786996E+06   0.782030E+06   0.871813E-01   0.756385E-01   0.226669E+06   0.769464E+06   0.786206E+06   0.769464E+06  -0.215524E-01   0.486196E+06   0.486117E+06   0.112659E+00
   0.224789E+00   0.756604E+06   0.751618E+06   0.795249E-01   0.689523E-01   0.212996E+06   0.739569E+06   0.755811E+06   0.739569E+06  -0.207150E-01   0.467349E+06   0.467271E+06   0.108781E+00
   0.230147E+00   0.729949E+06   0.725068E+06   0.728916E-01   0.631620E-01   0.200914E+06   0.713367E+06   0.729173E+06   0.713367E+06  -0.199811E-01   0.450830E+06   0.450754E+06   0.103178E+00
   0.235506E+00   0.707032E+06   0.702372E+06   0.671611E-01   0.581617E-01   0.190329E+06   0.690852E+06   0.706291E+06   0.690852E+06  -0.193505E-01   0.436639E+06   0.436566E+06   0.962413E-01
   0.240864E+00   0.687203E+06   0.682842E+06   0.621687E-01   0.538070E-01   0.180978E+06   0.671383E+06   0.686509E+06   0.671383E+06  -0.188052E-01   0.424368E+06   0.424299E+06   0.887057E-01
   0.246222E+00   0.669415E+06   0.665377E+06   0.577396E-01   0.499453E-01   0.172517E+06   0.653924E+06   0.668773E+06   0.653924E+06  -0.183162E-01   0.413365E+06   0.413300E+06   0.813933E-01
   0.251581E+00   0.652557E+06   0.648812E+06   0.537203E-01   0.464428E-01   0.164610E+06   0.637379E+06   0.651961E+06   0.637379E+06  -0.178527E-01   0.402937E+06   0.402876E+06   0.749886E-01
   0.256939E+00   0.635697E+06   0.632179E+06   0.499961E-01   0.431996E-01   0.156998E+06   0.620831E+06   0.635137E+06   0.620831E+06  -0.173892E-01   0.392504E+06   0.392447E+06   0.698930E-01
   0.262297E+00   0.618283E+06   0.614907E+06   0.464986E-01   0.401561E-01   0.149531E+06   0.603736E+06   0.617746E+06   0.603736E+06  -0.169104E-01   0.381725E+06   0.381669E+06   0.661787E-01
   0.267656E+00   0.600238E+06   0.596925E+06   0.432043E-01   0.372915E-01   0.142188E+06   0.586021E+06   0.599711E+06   0.586021E+06  -0.164142E-01   0.370550E+06   0.370495E+06   0.636310E-01
   0.273014E+00   0.581881E+06   0.578574E+06   0.401200E-01   0.346114E-01   0.135041E+06   0.568001E+06   0.581355E+06   0.568001E+06  -0.159095E-01   0.359180E+06   0.359126E+06   0.618513E-01
   0.278373E+00   0.563718E+06   0.560393E+06   0.372630E-01   0.321304E-01   0.128197E+06   0.550174E+06   0.563189E+06   0.550174E+06  -0.154101E-01   0.347930E+06   0.347876E+06   0.603830E-01
   0.283731E+00   0.546271E+06   0.542934E+06   0.346474E-01   0.298603E-01   0.121760E+06   0.533054E+06   0.545740E+06   0.533054E+06  -0.149306E-01   0.337126E+06   0.337072E+06   0.588296E-01
   0.289089E+00   0.529986E+06   0.526668E+06   0.322794E-01   0.278060E-01   0.115809E+06   0.517081E+06   0.529458E+06   0.517081E+06  -0.144832E-01   0.327045E+06   0.326992E+06   0.569365E-01
   0.294448E+00   0.515145E+06   0.511887E+06   0.301532E-01   0.259622E-01   0.110379E+06   0.502531E+06   0.514627E+06   0.502531E+06  -0.140757E-01   0.317862E+06   0.317810E+06   0.546215E-01
   0.299806E+00   0.501780E+06   0.498623E+06   0.282482E-01   0.243108E-01   0.105450E+06   0.489434E+06   0.501278E+06   0.489434E+06  -0.137088E-01   0.309596E+06   0.309546E+06   0.519559E-01
   0.305165E+00   0.489669E+06   0.486641E+06   0.265321E-01   0.228237E-01   0.100950E+06   0.477570E+06   0.489187E+06   0.477570E+06  -0.133766E-01   0.302109E+06   0.302060E+06   0.491145E-01
   0.310523E+00   0.478449E+06   0.475562E+06   0.249689E-01   0.214696E-01   0.967825E+05   0.466583E+06   0.477990E+06   0.466583E+06  -0.130688E-01   0.295175E+06   0.295129E+06   0.463120E-01
   0.315881E+00   0.467747E+06   0.464994E+06   0.235265E-01   0.202206E-01   0.928574E+05   0.456105E+06   0.467309E+06   0.456105E+06  -0.127753E-01   0.288562E+06   0.288517E+06   0.437422E-01
   0.321240E+00   0.457250E+06   0.454609E+06   0.221797E-01   0.190550E-01   0.891013E+05   0.445827E+06   0.456830E+06   0.445827E+06  -0.124874E-01   0.282074E+06   0.282031E+06   0.415330E-01
   0.326598E+00   0.446738E+06   0.444179E+06   0.209107E-01   0.179574E-01   0.854642E+05   0.435533E+06   0.446330E+06   0.435533E+06  -0.121991E-01   0.275575E+06   0.275534E+06   0.397251E-01
   0.331956E+00   0.436119E+06   0.433616E+06   0.197101E-01   0.169195E-01   0.819247E+05   0.425135E+06   0.435721E+06   0.425135E+06  -0.119079E-01   0.269010E+06   0.268969E+06   0.382781E-01
   0.337315E+00   0.425457E+06   0.422986E+06   0.185760E-01   0.159395E-01   0.784905E+05   0.414694E+06   0.425064E+06   0.414694E+06  -0.116154E-01   0.262416E+06   0.262376E+06   0.370951E-01
   0.342673E+00   0.414922E+06   0.412472E+06   0.175112E-01   0.150200E-01   0.751891E+05   0.404379E+06   0.414532E+06   0.404379E+06  -0.113265E-01   0.255901E+06   0.255861E+06   0.360555E-01
   0.348032E+00   0.404716E+06   0.402285E+06   0.165191E-01   0.141636E-01   0.720510E+05   0.394387E+06   0.404329E+06   0.394387E+06  -0.110466E-01   0.249590E+06   0.249551E+06   0.350455E-01
   0.353390E+00   0.394995E+06   0.392591E+06   0.156009E-01   0.133713E-01   0.690968E+05   0.384872E+06   0.394612E+06   0.384872E+06  -0.107801E-01   0.243580E+06   0.243541E+06   0.339829E-01
   0.358748E+00   0.385847E+06   0.383484E+06   0.147545E-01   0.126412E-01   0.663336E+05   0.375922E+06   0.385471E+06   0.375922E+06  -0.105294E-01   0.237926E+06   0.237888E+06   0.328296E-01
   0.364107E+00   0.377296E+06   0.374985E+06   0.139753E-01   0.119693E-01   0.637567E+05   0.367558E+06   0.376928E+06   0.367558E+06  -0.102951E-01   0.232642E+06   0.232605E+06   0.315918E-01
   0.369465E+00   0.369298E+06   0.367051E+06   0.132568E-01   0.113500E-01   0.613506E+05   0.359737E+06   0.368940E+06   0.359737E+06  -0.100761E-01   0.227702E+06   0.227666E+06   0.303092E-01
   0.374823E+00   0.361751E+06   0.359573E+06   0.125911E-01   0.107763E-01   0.590908E+05   0.352359E+06   0.361405E+06   0.352359E+06  -0.986943E-02   0.223041E+06   0.223006E+06   0.290376E-01
   0.380182E+00   0.354520E+06   0.352410E+06   0.119697E-01   0.102410E-01   0.569491E+05   0.345291E+06   0.354184E+06   0.345291E+06  -0.967145E-02   0.218576E+06   0.218542E+06   0.278318E-01
   0.385540E+00   0.347478E+06   0.345429E+06   0.113854E-01   0.973788E-02   0.549000E+05   0.338407E+06   0.347152E+06   0.338407E+06  -0.947864E-02   0.214226E+06   0.214193E+06   0.267322E-01
   0.390899E+00   0.340538E+06   0.338541E+06   0.108330E-01   0.926243E-02   0.529268E+05   0.331624E+06   0.340221E+06   0.331624E+06  -0.928867E-02   0.209941E+06   0.209909E+06   0.257579E-01
   0.396257E+00   0.333666E+06   0.331710E+06   0.103095E-01   0.881195E-02   0.510206E+05   0.324907E+06   0.333354E+06   0.324907E+06  -0.910050E-02   0.205696E+06   0.205664E+06   0.249050E-01
   0.401615E+00   0.326860E+06   0.324937E+06   0.981297E-02   0.838495E-02   0.491793E+05   0.318255E+06   0.326554E+06   0.318255E+06  -0.891419E-02   0.201492E+06   0.201461E+06   0.241513E-01
   0.406974E+00   0.320156E+06   0.318260E+06   0.934295E-02   0.798087E-02   0.474054E+05   0.311703E+06   0.319855E+06   0.311703E+06  -0.873067E-02   0.197351E+06   0.197320E+06   0.234640E-01
   0.412332E+00   0.313612E+06   0.311741E+06   0.889950E-02   0.759977E-02   0.457050E+05   0.305307E+06   0.313315E+06   0.305307E+06  -0.855154E-02   0.193309E+06   0.193278E+06   0.228101E-01
   0.417691E+00   0.307290E+06   0.305445E+06   0.848273E-02   0.724172E-02   0.440844E+05   0.299130E+06   0.306997E+06   0.299130E+06  -0.837851E-02   0.189404E+06   0.189374E+06   0.221628E-01
   0.423049E+00   0.301230E+06   0.299414E+06   0.809210E-02   0.690623E-02   0.425460E+05   0.293210E+06   0.300941E+06   0.293210E+06  -0.821269E-02   0.185662E+06   0.185632E+06   0.215065E-01
   0.428407E+00   0.295443E+06   0.293659E+06   0.772624E-02   0.659211E-02   0.410880E+05   0.287557E+06   0.295159E+06   0.287557E+06  -0.805435E-02   0.182088E+06   0.182059E+06   0.208377E-01
   0.433766E+00   0.289914E+06   0.288167E+06   0.738330E-02   0.629775E-02   0.397055E+05   0.282158E+06   0.289636E+06   0.282158E+06  -0.790312E-02   0.178675E+06   0.178647E+06   0.201631E-01
   0.439124E+00   0.284617E+06   0.282908E+06   0.706116E-02   0.602133E-02   0.383918E+05   0.276986E+06   0.284345E+06   0.276986E+06  -0.775825E-02   0.175405E+06   0.175378E+06   0.194962E-01
   0.444482E+00   0.279511E+06   0.277842E+06   0.675764E-02   0.576095E-02   0.371388E+05   0.272002E+06   0.279246E+06   0.272002E+06  -0.761866E-02   0.172254E+06   0.172227E+06   0.188523E-01
   0.449841E+00   0.274555E+06   0.272922E+06   0.647058E-02   0.551478E-02   0.359386E+05   0.267163E+06   0.274295E+06   0.267163E+06  -0.748313E-02   0.169195E+06   0.169169E+06   0.182441E-01
   0.455199E+00   0.269708E+06   0.268109E+06   0.619816E-02   0.528123E-02   0.347842E+05   0.262432E+06   0.269454E+06   0.262432E+06  -0.735062E-02   0.166204E+06   0.166178E+06   0.176789E-01
   0.460558E+00   0.264949E+06   0.263379E+06   0.593905E-02   0.505916E-02   0.336710E+05   0.257786E+06   0.264699E+06   0.257786E+06  -0.722049E-02   0.163266E+06   0.163241E+06   0.171578E-01
   0.465916E+00   0.260269E+06   0.258726E+06   0.569236E-02   0.484781E-02   0.325966E+05   0.253218E+06   0.260023E+06   0.253218E+06  -0.709254E-02   0.160378E+06   0.160353E+06   0.166763E-01
   0.471274E+00   0.255676E+06   0.254157E+06   0.545760E-02   0.464673E-02   0.315607E+05   0.248736E+06   0.255434E+06   0.248736E+06  -0.696698E-02   0.157543E+06   0.157518E+06   0.162264E-01
   0.476633E+00   0.251186E+06   0.249689E+06   0.523447E-02   0.445567E-02   0.305637E+05   0.244353E+06   0.250948E+06   0.244353E+06  -0.684424E-02   0.154772E+06   0.154747E+06   0.157985E-01
   0.481991E+00   0.246813E+06   0.245338E+06   0.502266E-02   0.427436E-02   0.296063E+05   0.240087E+06   0.246579E+06   0.240087E+06  -0.672473E-02   0.152073E+06   0.152049E+06   0.153837E-01
   0.487350E+00   0.242571E+06   0.241118E+06   0.482182E-02   0.410249E-02   0.286883E+05   0.235947E+06   0.242340E+06   0.235947E+06  -0.660878E-02   0.149455E+06   0.149432E+06   0.149759E-01
   0.492708E+00   0.238466E+06   0.237036E+06   0.463150E-02   0.393966E-02   0.278094E+05   0.231942E+06   0.238238E+06   0.231942E+06  -0.649660E-02   0.146922E+06   0.146899E+06   0.145722E-01
   0.498066E+00   0.234500E+06   0.233094E+06   0.445119E-02   0.378544E-02   0.269682E+05   0.228073E+06   0.234276E+06   0.228073E+06  -0.638823E-02   0.144475E+06   0.144452E+06   0.141730E-01
   0.503425E+00   0.230665E+06   0.229284E+06   0.428022E-02   0.363924E-02   0.261627E+05   0.224333E+06   0.230445E+06   0.224333E+06  -0.628346E-02   0.142109E+06   0.142086E+06   0.137811E-01
   0.508783E+00   0.226945E+06   0.225589E+06   0.411781E-02   0.350039E-02   0.253898E+05   0.220705E+06   0.226729E+06   0.220705E+06  -0.618186E-02   0.139814E+06   0.139792E+06   0.134001E-01
   0.514141E+00   0.223324E+06   0.221992E+06   0.396322E-02   0.336826E-02   0.246465E+05   0.217174E+06   0.223112E+06   0.217174E+06  -0.608295E-02   0.137580E+06   0.137559E+06   0.130335E-01
   0.519500E+00   0.219791E+06   0.218482E+06   0.381586E-02   0.324234E-02   0.239305E+05   0.213728E+06   0.219582E+06   0.213728E+06  -0.598644E-02   0.135401E+06   0.135379E+06   0.126840E-01
   0.524858E+00   0.216336E+06   0.215048E+06   0.367522E-02   0.312219E-02   0.232401E+05   0.210359E+06   0.216131E+06   0.210359E+06  -0.589208E-02   0.133269E+06   0.133248E+06   0.123527E-01
   0.530217E+00   0.212951E+06   0.211684E+06   0.354083E-02   0.300742E-02   0.225734E+05   0.207059E+06   0.212749E+06   0.207059E+06  -0.579964E-02   0.131181E+06   0.131161E+06   0.120387E-01
   0.535575E+00   0.209632E+06   0.208383E+06   0.341234E-02   0.289770E-02   0.219293E+05   0.203823E+06   0.209433E+06   0.203823E+06  -0.570899E-02   0.129134E+06   0.129114E+06   0.117401E-01
   0.540933E+00   0.206380E+06   0.205150E+06   0.328948E-02   0.279283E-02   0.213072E+05   0.200652E+06   0.206184E+06   0.200652E+06  -0.562019E-02   0.127128E+06   0.127108E+06   0.114540E-01
   0.546292E+00   0.203203E+06   0.201990E+06   0.317210E-02   0.269265E-02   0.207070E+05   0.197555E+06   0.203010E+06   0.197555E+06  -0.553343E-02   0.125168E+06   0.125148E+06   0.111779E-01
   0.551650E+00   0.200105E+06   0.198909E+06   0.306003E-02   0.259703E-02   0.201287E+05   0.194535E+06   0.199914E+06   0.194535E+06  -0.544885E-02   0.123257E+06   0.123238E+06   0.109095E-01
   0.557009E+00   0.197086E+06   0.195908E+06   0.295302E-02   0.250574E-02   0.195716E+05   0.191593E+06   0.196899E+06   0.191593E+06  -0.536644E-02   0.121396E+06   0.121377E+06   0.106473E-01
   0.562367E+00   0.194146E+06   0.192985E+06   0.285081E-02   0.241857E-02   0.190347E+05   0.188727E+06   0.193961E+06   0.188727E+06  -0.528617E-02   0.119582E+06   0.119563E+06   0.103907E-01
   0.567725E+00   0.191282E+06   0.190139E+06   0.275316E-02   0.233530E-02   0.185173E+05   0.185936E+06   0.191100E+06   0.185936E+06  -0.520799E-02   0.117816E+06   0.117797E+06   0.101400E-01
   0.573084E+00   0.188492E+06   0.187366E+06   0.265983E-02   0.225574E-02   0.180187E+05   0.183218E+06   0.188313E+06   0.183218E+06  -0.513185E-02   0.116096E+06   0.116077E+06   0.989585E-02
   0.578442E+00   0.185772E+06   0.184663E+06   0.257056E-02   0.217965E-02   0.175377E+05   0.180567E+06   0.185596E+06   0.180567E+06  -0.505761E-02   0.114418E+06   0.114400E+06   0.965925E-02
   0.629704E+00   0.162505E+06   0.161535E+06   0.188102E-02   0.159252E-02   0.136650E+05   0.157902E+06   0.162351E+06   0.157902E+06  -0.442277E-02   0.100072E+06   0.100057E+06   0.777625E-02
   0.769122E+00   0.118147E+06   0.117442E+06   0.900497E-03   0.759942E-03   0.748980E+04   0.114727E+06   0.118035E+06   0.114727E+06  -0.321347E-02   0.727341E+05   0.727226E+05   0.464958E-02
   0.939408E+00   0.854829E+05   0.849727E+05   0.430470E-03   0.362318E-03   0.403141E+04   0.829670E+05   0.854017E+05   0.829670E+05  -0.232387E-02   0.526127E+05   0.526043E+05   0.277477E-02
   0.114740E+01   0.615854E+05   0.612177E+05   0.205519E-03   0.172613E-03   0.213390E+04   0.597498E+05   0.615269E+05   0.597498E+05  -0.167357E-02   0.378975E+05   0.378914E+05   0.165497E-02
   0.140143E+01   0.441880E+05   0.439241E+05   0.979719E-04   0.821475E-04   0.111178E+04   0.428584E+05   0.441460E+05   0.428584E+05  -0.120045E-02   0.271881E+05   0.271837E+05   0.988304E-03
   0.171171E+01   0.315922E+05   0.314034E+05   0.466353E-04   0.390522E-04   0.570822E+03   0.306348E+05   0.315621E+05   0.306348E+05  -0.858070E-03   0.194362E+05   0.194329E+05   0.592618E-03
   0.209069E+01   0.225124E+05   0.223777E+05   0.221628E-04   0.185410E-04   0.289096E+03   0.218266E+05   0.224909E+05   0.218266E+05  -0.611355E-03   0.138491E+05   0.138467E+05   0.358058E-03
   0.255358E+01   0.159929E+05   0.158971E+05   0.105141E-04   0.878947E-05   0.144570E+03   0.155039E+05   0.159776E+05   0.155039E+05  -0.434258E-03   0.983794E+04   0.983614E+04   0.218953E-03
   0.311895E+01   0.113294E+05   0.112613E+05   0.497881E-05   0.415991E-05   0.714674E+02   0.109820E+05   0.113185E+05   0.109820E+05  -0.307601E-03   0.696893E+04   0.696756E+04   0.136253E-03
   0.380949E+01   0.800531E+04   0.795709E+04   0.235340E-05   0.196555E-05   0.349679E+02   0.775939E+04   0.799764E+04   0.775939E+04  -0.217337E-03   0.492410E+04   0.492304E+04   0.868227E-04
   0.465292E+01   0.564290E+04   0.560874E+04   0.111031E-05   0.927061E-06   0.169537E+02   0.546929E+04   0.563747E+04   0.546929E+04  -0.153193E-03   0.347090E+04   0.347005E+04   0.569952E-04
   0.568309E+01   0.396901E+04   0.394480E+04   0.522880E-06   0.436486E-06   0.815519E+01   0.384676E+04   0.396515E+04   0.384676E+04  -0.107746E-03   0.244126E+04   0.244056E+04   0.387400E-04
   0.694134E+01   0.278592E+04   0.276874E+04   0.245784E-06   0.205138E-06   0.389634E+01   0.270002E+04   0.278318E+04   0.270002E+04  -0.756266E-04   0.171354E+04   0.171293E+04   0.273375E-04
   0.847817E+01   0.195179E+04   0.193955E+04   0.115322E-06   0.962365E-07   0.185094E+01   0.189155E+04   0.194984E+04   0.189155E+04  -0.529817E-04   0.120047E+04   0.119993E+04   0.200225E-04
   0.103553E+02   0.136500E+04   0.135623E+04   0.540110E-07   0.450651E-07   0.875072E+00   0.132283E+04   0.136360E+04   0.132283E+04  -0.370519E-04   0.839545E+03   0.839040E+03   0.151728E-04
   0.126479E+02   0.953043E+03   0.946710E+03   0.252489E-07   0.210630E-07   0.412057E+00   0.923562E+03   0.952035E+03   0.923562E+03  -0.258686E-04   0.586159E+03   0.585677E+03   0.118349E-04
   0.154482E+02   0.664393E+03   0.659755E+03   0.117804E-07   0.982510E-08   0.193388E+00   0.643803E+03   0.663655E+03   0.643803E+03  -0.180327E-04   0.408614E+03   0.408145E+03   0.944572E-05
   0.188685E+02   0.462494E+03   0.459033E+03   0.548489E-08   0.457298E-08   0.905099E-01   0.448124E+03   0.461943E+03   0.448124E+03  -0.125518E-04   0.284429E+03   0.283964E+03   0.766979E-05
   0.230461E+02   0.321505E+03   0.318859E+03   0.254764E-08   0.212305E-08   0.422609E-01   0.311478E+03   0.321084E+03   0.311478E+03  -0.872437E-05   0.197709E+03   0.197242E+03   0.630464E-05
   0.281485E+02   0.223201E+03   0.221114E+03   0.117996E-08   0.982610E-09   0.196922E-01   0.216201E+03   0.222869E+03   0.216201E+03  -0.605570E-05   0.137243E+03   0.136770E+03   0.522566E-05
   0.343807E+02   0.154756E+03   0.153052E+03   0.544544E-09   0.452984E-09   0.915911E-02   0.149863E+03   0.154485E+03   0.149863E+03  -0.419760E-05   0.951431E+02   0.946614E+02   0.435410E-05
   0.419926E+02   0.107164E+03   0.105719E+03   0.250105E-09   0.207716E-09   0.425273E-02   0.103735E+03   0.106935E+03   0.103735E+03  -0.290558E-05   0.658692E+02   0.653776E+02   0.363844E-05
   0.512900E+02   0.741132E+02   0.728412E+02   0.114113E-09   0.945396E-10   0.197128E-02   0.716994E+02   0.739108E+02   0.716994E+02  -0.200827E-05   0.455389E+02   0.450366E+02   0.304363E-05
   0.626457E+02   0.511866E+02   0.500287E+02   0.515735E-10   0.425647E-10   0.912129E-03   0.494764E+02   0.510024E+02   0.494764E+02  -0.138581E-05   0.314361E+02   0.309232E+02   0.254473E-05
   0.765156E+02   0.353004E+02   0.342166E+02   0.229831E-10   0.188547E-10   0.421217E-03   0.340769E+02   0.351280E+02   0.340769E+02  -0.954481E-06   0.216637E+02   0.211410E+02   0.212323E-05
   0.934564E+02   0.243037E+02   0.232680E+02   0.100240E-10   0.814313E-11   0.194059E-03   0.234167E+02   0.241390E+02   0.234167E+02  -0.655892E-06   0.148990E+02   0.143682E+02   0.176484E-05
   0.114148E+03   0.166991E+02   0.156956E+02   0.422440E-11   0.337456E-11   0.891429E-04   0.160445E+02   0.165394E+02   0.160445E+02  -0.449401E-06   0.102207E+02   0.968513E+01   0.145818E-05
