#          k/h    CDM            baryon         photon         nu             mass_nu        total          no_nu          total_de       Weyl           v_CDM          v_b            v_b-v_c     
   0.105171E-04   0.264537E+07   0.264537E+07   0.352694E+07   0.352694E+07   0.264577E+07   0.264538E+07   0.264537E+07   0.265381E+07  -0.600271E+00   0.263955E+07   0.263955E+07   0.596383E+01
   0.116124E-04   0.264537E+07   0.264537E+07   0.352689E+07   0.352689E+07   0.264577E+07   0.264538E+07   0.264537E+07   0.265381E+07  -0.600270E+00   0.263955E+07   0.263955E+07   0.658486E+01
   0.128218E-04   0.264537E+07   0.264537E+07   0.352683E+07   0.352683E+07   0.264577E+07   0.264538E+07   0.264537E+07   0.265381E+07  -0.600270E+00   0.263955E+07   0.263955E+07   0.727055E+01
   0.141570E-04   0.264537E+07   0.264537E+07   0.352676E+07   0.352675E+07   0.264577E+07   0.264538E+07   0.264537E+07   0.265381E+07  -0.600270E+00   0.263954E+07   0.263954E+07   0.802762E+01
   0.156314E-04   0.264537E+07   0.264537E+07   0.352667E+07   0.352667E+07   0.264577E+07   0.264538E+07   0.264537E+07   0.265381E+07  -0.600270E+00   0.263954E+07   0.263954E+07   0.886350E+01
   0.172593E-04   0.264537E+07   0.264537E+07   0.352657E+07   0.352656E+07   0.264577E+07   0.264538E+07   0.264537E+07   0.265381E+07  -0.600269E+00   0.263954E+07   0.263954E+07   0.978639E+01
   0.190567E-04   0.264536E+07   0.264536E+07   0.352644E+07   0.352642E+07   0.264577E+07   0.264538E+07   0.264536E+07   0.265381E+07  -0.600269E+00   0.263954E+07   0.263954E+07   0.108053E+02
   0.210413E-04   0.264536E+07   0.264536E+07   0.352628E+07   0.352626E+07   0.264576E+07   0.264538E+07   0.264536E+07   0.265380E+07  -0.600269E+00   0.263954E+07   0.263954E+07   0.119303E+02
   0.232326E-04   0.264536E+07   0.264536E+07   0.352609E+07   0.352607E+07   0.264576E+07   0.264537E+07   0.264536E+07   0.265380E+07  -0.600268E+00   0.263954E+07   0.263954E+07   0.131723E+02
   0.256521E-04   0.264536E+07   0.264536E+07   0.352585E+07   0.352583E+07   0.264576E+07   0.264537E+07   0.264536E+07   0.265380E+07  -0.600268E+00   0.263954E+07   0.263954E+07   0.145435E+02
   0.283236E-04   0.264536E+07   0.264536E+07   0.352556E+07   0.352553E+07   0.264576E+07   0.264537E+07   0.264536E+07   0.265380E+07  -0.600267E+00   0.263953E+07   0.263953E+07   0.160573E+02
   0.312733E-04   0.264535E+07   0.264535E+07   0.352521E+07   0.352518E+07   0.264575E+07   0.264537E+07   0.264535E+07   0.265379E+07  -0.600266E+00   0.263953E+07   0.263953E+07   0.177285E+02
   0.345301E-04   0.264535E+07   0.264535E+07   0.352479E+07   0.352474E+07   0.264575E+07   0.264536E+07   0.264535E+07   0.265379E+07  -0.600265E+00   0.263953E+07   0.263953E+07   0.195733E+02
   0.381262E-04   0.264534E+07   0.264534E+07   0.352427E+07   0.352421E+07   0.264574E+07   0.264536E+07   0.264534E+07   0.265378E+07  -0.600263E+00   0.263952E+07   0.263952E+07   0.216097E+02
   0.420968E-04   0.264534E+07   0.264534E+07   0.352363E+07   0.352357E+07   0.264573E+07   0.264535E+07   0.264534E+07   0.265377E+07  -0.600262E+00   0.263952E+07   0.263952E+07   0.238576E+02
   0.464808E-04   0.264533E+07   0.264533E+07   0.352286E+07   0.352278E+07   0.264572E+07   0.264534E+07   0.264533E+07   0.265376E+07  -0.600259E+00   0.263951E+07   0.263951E+07   0.263387E+02
   0.513214E-04   0.264532E+07   0.264532E+07   0.352192E+07   0.352182E+07   0.264571E+07   0.264534E+07   0.264532E+07   0.265375E+07  -0.600257E+00   0.263950E+07   0.263950E+07   0.290769E+02
   0.566662E-04   0.264531E+07   0.264531E+07   0.352077E+07   0.352065E+07   0.264570E+07   0.264533E+07   0.264531E+07   0.265374E+07  -0.600254E+00   0.263949E+07   0.263949E+07   0.320986E+02
   0.625675E-04   0.264530E+07   0.264530E+07   0.351937E+07   0.351923E+07   0.264568E+07   0.264531E+07   0.264530E+07   0.265372E+07  -0.600250E+00   0.263948E+07   0.263948E+07   0.354328E+02
   0.690835E-04   0.264529E+07   0.264528E+07   0.351766E+07   0.351749E+07   0.264566E+07   0.264530E+07   0.264529E+07   0.265371E+07  -0.600245E+00   0.263946E+07   0.263946E+07   0.391113E+02
   0.762780E-04   0.264527E+07   0.264527E+07   0.351559E+07   0.351538E+07   0.264563E+07   0.264528E+07   0.264527E+07   0.265368E+07  -0.600240E+00   0.263945E+07   0.263944E+07   0.431688E+02
   0.842218E-04   0.264524E+07   0.264524E+07   0.351305E+07   0.351280E+07   0.264560E+07   0.264526E+07   0.264524E+07   0.265365E+07  -0.600233E+00   0.263942E+07   0.263942E+07   0.476435E+02
   0.929929E-04   0.264522E+07   0.264522E+07   0.350997E+07   0.350966E+07   0.264557E+07   0.264523E+07   0.264522E+07   0.265362E+07  -0.600224E+00   0.263940E+07   0.263939E+07   0.525769E+02
   0.102677E-03   0.264518E+07   0.264518E+07   0.350621E+07   0.350584E+07   0.264552E+07   0.264519E+07   0.264518E+07   0.265357E+07  -0.600214E+00   0.263936E+07   0.263935E+07   0.580144E+02
   0.113370E-03   0.264514E+07   0.264514E+07   0.350164E+07   0.350118E+07   0.264546E+07   0.264515E+07   0.264514E+07   0.265352E+07  -0.600201E+00   0.263932E+07   0.263931E+07   0.640050E+02
   0.125177E-03   0.264509E+07   0.264509E+07   0.349607E+07   0.349551E+07   0.264540E+07   0.264510E+07   0.264509E+07   0.265346E+07  -0.600186E+00   0.263927E+07   0.263926E+07   0.706019E+02
   0.138213E-03   0.264503E+07   0.264503E+07   0.348929E+07   0.348861E+07   0.264531E+07   0.264504E+07   0.264503E+07   0.265338E+07  -0.600168E+00   0.263921E+07   0.263919E+07   0.778620E+02
   0.152607E-03   0.264496E+07   0.264495E+07   0.348104E+07   0.348022E+07   0.264521E+07   0.264496E+07   0.264496E+07   0.265329E+07  -0.600145E+00   0.263914E+07   0.263912E+07   0.858464E+02
   0.168500E-03   0.264487E+07   0.264486E+07   0.347101E+07   0.347001E+07   0.264509E+07   0.264487E+07   0.264487E+07   0.265317E+07  -0.600117E+00   0.263905E+07   0.263902E+07   0.946195E+02
   0.186048E-03   0.264476E+07   0.264475E+07   0.345881E+07   0.345760E+07   0.264494E+07   0.264476E+07   0.264476E+07   0.265303E+07  -0.600084E+00   0.263894E+07   0.263891E+07   0.104249E+03
   0.205424E-03   0.264462E+07   0.264461E+07   0.344400E+07   0.344253E+07   0.264476E+07   0.264463E+07   0.264462E+07   0.265286E+07  -0.600043E+00   0.263881E+07   0.263877E+07   0.114804E+03
   0.226817E-03   0.264446E+07   0.264445E+07   0.342603E+07   0.342424E+07   0.264454E+07   0.264446E+07   0.264446E+07   0.265265E+07  -0.599993E+00   0.263865E+07   0.263860E+07   0.126356E+03
   0.250438E-03   0.264426E+07   0.264425E+07   0.340423E+07   0.340207E+07   0.264427E+07   0.264426E+07   0.264426E+07   0.265240E+07  -0.599932E+00   0.263845E+07   0.263839E+07   0.138972E+03
   0.276520E-03   0.264402E+07   0.264400E+07   0.337783E+07   0.337522E+07   0.264394E+07   0.264401E+07   0.264402E+07   0.265209E+07  -0.599859E+00   0.263821E+07   0.263814E+07   0.152718E+03
   0.305317E-03   0.264372E+07   0.264370E+07   0.334591E+07   0.334275E+07   0.264353E+07   0.264372E+07   0.264372E+07   0.265171E+07  -0.599769E+00   0.263792E+07   0.263783E+07   0.167649E+03
   0.337113E-03   0.264337E+07   0.264334E+07   0.330737E+07   0.330357E+07   0.264304E+07   0.264335E+07   0.264336E+07   0.265126E+07  -0.599660E+00   0.263756E+07   0.263746E+07   0.183807E+03
   0.372221E-03   0.264293E+07   0.264290E+07   0.326095E+07   0.325638E+07   0.264245E+07   0.264291E+07   0.264292E+07   0.265070E+07  -0.599528E+00   0.263713E+07   0.263700E+07   0.201211E+03
   0.410985E-03   0.264240E+07   0.264236E+07   0.320519E+07   0.319971E+07   0.264173E+07   0.264237E+07   0.264239E+07   0.265003E+07  -0.599368E+00   0.263660E+07   0.263645E+07   0.219849E+03
   0.453786E-03   0.264176E+07   0.264170E+07   0.313841E+07   0.313188E+07   0.264085E+07   0.264172E+07   0.264175E+07   0.264922E+07  -0.599173E+00   0.263597E+07   0.263578E+07   0.239663E+03
   0.501045E-03   0.264097E+07   0.264091E+07   0.305877E+07   0.305102E+07   0.263978E+07   0.264093E+07   0.264096E+07   0.264823E+07  -0.598938E+00   0.263519E+07   0.263496E+07   0.260535E+03
   0.553225E-03   0.264002E+07   0.263995E+07   0.296425E+07   0.295511E+07   0.263848E+07   0.263996E+07   0.264001E+07   0.264704E+07  -0.598653E+00   0.263424E+07   0.263397E+07   0.282265E+03
   0.610839E-03   0.263887E+07   0.263878E+07   0.285275E+07   0.284204E+07   0.263690E+07   0.263880E+07   0.263886E+07   0.264561E+07  -0.598310E+00   0.263310E+07   0.263278E+07   0.304544E+03
   0.674453E-03   0.263748E+07   0.263737E+07   0.272218E+07   0.270975E+07   0.263499E+07   0.263739E+07   0.263746E+07   0.264388E+07  -0.597896E+00   0.263171E+07   0.263133E+07   0.326934E+03
   0.744692E-03   0.263579E+07   0.263566E+07   0.257068E+07   0.255641E+07   0.263267E+07   0.263568E+07   0.263577E+07   0.264181E+07  -0.597400E+00   0.263003E+07   0.262958E+07   0.348832E+03
   0.822246E-03   0.263376E+07   0.263360E+07   0.239685E+07   0.238070E+07   0.262987E+07   0.263362E+07   0.263373E+07   0.263934E+07  -0.596806E+00   0.262800E+07   0.262748E+07   0.369447E+03
   0.907877E-03   0.263131E+07   0.263113E+07   0.220019E+07   0.218221E+07   0.262648E+07   0.263114E+07   0.263128E+07   0.263638E+07  -0.596097E+00   0.262555E+07   0.262494E+07   0.387779E+03
   0.100243E-02   0.262837E+07   0.262815E+07   0.198154E+07   0.196196E+07   0.262241E+07   0.262816E+07   0.262833E+07   0.263288E+07  -0.595255E+00   0.262260E+07   0.262190E+07   0.402625E+03
   0.110682E-02   0.262484E+07   0.262459E+07   0.174371E+07   0.172292E+07   0.261750E+07   0.262458E+07   0.262480E+07   0.262874E+07  -0.594259E+00   0.261906E+07   0.261827E+07   0.412610E+03
   0.122209E-02   0.262064E+07   0.262034E+07   0.149203E+07   0.147069E+07   0.261162E+07   0.262032E+07   0.262059E+07   0.262387E+07  -0.593089E+00   0.261482E+07   0.261394E+07   0.416281E+03
   0.134936E-02   0.261563E+07   0.261529E+07   0.123489E+07   0.121387E+07   0.260455E+07   0.261525E+07   0.261558E+07   0.261818E+07  -0.591722E+00   0.260976E+07   0.260880E+07   0.412268E+03
   0.148988E-02   0.260971E+07   0.260931E+07   0.983777E+06   0.964116E+06   0.259612E+07   0.260924E+07   0.260965E+07   0.261158E+07  -0.590135E+00   0.260376E+07   0.260273E+07   0.399552E+03
   0.164504E-02   0.260273E+07   0.260227E+07   0.752640E+06   0.735356E+06   0.258612E+07   0.260216E+07   0.260266E+07   0.260395E+07  -0.588307E+00   0.259666E+07   0.259559E+07   0.377806E+03
   0.181636E-02   0.259456E+07   0.259403E+07   0.556067E+06   0.541902E+06   0.257433E+07   0.259387E+07   0.259447E+07   0.259519E+07  -0.586215E+00   0.258833E+07   0.258724E+07   0.347797E+03
   0.200552E-02   0.258504E+07   0.258443E+07   0.406104E+06   0.395157E+06   0.256047E+07   0.258421E+07   0.258494E+07   0.258517E+07  -0.583836E+00   0.257860E+07   0.257752E+07   0.311706E+03
   0.221438E-02   0.257402E+07   0.257333E+07   0.308012E+06   0.299450E+06   0.254426E+07   0.257302E+07   0.257391E+07   0.257375E+07  -0.581145E+00   0.256731E+07   0.256627E+07   0.273169E+03
   0.244500E-02   0.256134E+07   0.256054E+07   0.256345E+06   0.248413E+06   0.252538E+07   0.256014E+07   0.256121E+07   0.256075E+07  -0.578110E+00   0.255432E+07   0.255332E+07   0.236784E+03
   0.269962E-02   0.254683E+07   0.254591E+07   0.233988E+06   0.224611E+06   0.250351E+07   0.254539E+07   0.254669E+07   0.254595E+07  -0.574692E+00   0.253946E+07   0.253850E+07   0.206888E+03
   0.298077E-02   0.253032E+07   0.252924E+07   0.217194E+06   0.205188E+06   0.247829E+07   0.252860E+07   0.253015E+07   0.252911E+07  -0.570840E+00   0.252258E+07   0.252162E+07   0.185798E+03
   0.329119E-02   0.251161E+07   0.251033E+07   0.187290E+06   0.173561E+06   0.244935E+07   0.250955E+07   0.251141E+07   0.250999E+07  -0.566496E+00   0.250349E+07   0.250251E+07   0.172326E+03
   0.363395E-02   0.249049E+07   0.248897E+07   0.143325E+06   0.130686E+06   0.241628E+07   0.248804E+07   0.249025E+07   0.248837E+07  -0.561599E+00   0.248198E+07   0.248096E+07   0.162008E+03
   0.401240E-02   0.246674E+07   0.246491E+07   0.103091E+06   0.937858E+05   0.237870E+07   0.246382E+07   0.246645E+07   0.246406E+07  -0.556092E+00   0.245782E+07   0.245678E+07   0.149990E+03
   0.443026E-02   0.244010E+07   0.243793E+07   0.840417E+05   0.768246E+05   0.233625E+07   0.243666E+07   0.243976E+07   0.243685E+07  -0.549927E+00   0.243075E+07   0.242972E+07   0.135188E+03
   0.489163E-02   0.241035E+07   0.240776E+07   0.796275E+05   0.668084E+05   0.228860E+07   0.240631E+07   0.240994E+07   0.240649E+07  -0.543053E+00   0.240052E+07   0.239950E+07   0.121317E+03
   0.540106E-02   0.237724E+07   0.237415E+07   0.673939E+05   0.540323E+05   0.223552E+07   0.237252E+07   0.237675E+07   0.237267E+07  -0.535411E+00   0.236691E+07   0.236586E+07   0.111860E+03
   0.596354E-02   0.234054E+07   0.233684E+07   0.475828E+05   0.436210E+05   0.217689E+07   0.233507E+07   0.233995E+07   0.233518E+07  -0.526942E+00   0.232966E+07   0.232858E+07   0.104743E+03
   0.658460E-02   0.230000E+07   0.229557E+07   0.404189E+05   0.351448E+05   0.211269E+07   0.229371E+07   0.229929E+07   0.229380E+07  -0.517595E+00   0.228855E+07   0.228745E+07   0.964423E+02
   0.727033E-02   0.225542E+07   0.225013E+07   0.369051E+05   0.282534E+05   0.204305E+07   0.224824E+07   0.225457E+07   0.224833E+07  -0.507325E+00   0.224336E+07   0.224224E+07   0.888798E+02
   0.802749E-02   0.220659E+07   0.220027E+07   0.261801E+05   0.226593E+05   0.196819E+07   0.219848E+07   0.220559E+07   0.219854E+07  -0.496088E+00   0.219390E+07   0.219275E+07   0.835768E+02
   0.886349E-02   0.215336E+07   0.214582E+07   0.231812E+05   0.181250E+05   0.188840E+07   0.214427E+07   0.215216E+07   0.214432E+07  -0.483846E+00   0.214003E+07   0.213883E+07   0.782502E+02
   0.978655E-02   0.209558E+07   0.208660E+07   0.172037E+05   0.144565E+05   0.180395E+07   0.208547E+07   0.209415E+07   0.208551E+07  -0.470573E+00   0.208160E+07   0.208035E+07   0.738312E+02
   0.108057E-01   0.203315E+07   0.202248E+07   0.153153E+05   0.114941E+05   0.171516E+07   0.202198E+07   0.203145E+07   0.202202E+07  -0.456243E+00   0.201852E+07   0.201721E+07   0.700620E+02
   0.119311E-01   0.196598E+07   0.195335E+07   0.104135E+05   0.910732E+04   0.162234E+07   0.195375E+07   0.196397E+07   0.195377E+07  -0.440843E+00   0.195071E+07   0.194933E+07   0.669032E+02
   0.131736E-01   0.189405E+07   0.187915E+07   0.980476E+04   0.718870E+04   0.152600E+07   0.188074E+07   0.189168E+07   0.188076E+07  -0.424366E+00   0.187815E+07   0.187669E+07   0.641424E+02
   0.145456E-01   0.181736E+07   0.179986E+07   0.675649E+04   0.565061E+04   0.142683E+07   0.180297E+07   0.181458E+07   0.180299E+07  -0.406816E+00   0.180085E+07   0.179930E+07   0.618621E+02
   0.160604E-01   0.173597E+07   0.171556E+07   0.538339E+04   0.442113E+04   0.132557E+07   0.172054E+07   0.173272E+07   0.172055E+07  -0.388214E+00   0.171889E+07   0.171723E+07   0.598276E+02
   0.177329E-01   0.165002E+07   0.162638E+07   0.414758E+04   0.344153E+04   0.122270E+07   0.163358E+07   0.164626E+07   0.163359E+07  -0.368592E+00   0.163242E+07   0.163064E+07   0.579717E+02
   0.195797E-01   0.155973E+07   0.153261E+07   0.323965E+04   0.266383E+04   0.111837E+07   0.154233E+07   0.155541E+07   0.154234E+07  -0.348002E+00   0.154165E+07   0.153975E+07   0.561440E+02
   0.216188E-01   0.146594E+07   0.143517E+07   0.279868E+04   0.204939E+04   0.100942E+07   0.144753E+07   0.146104E+07   0.144753E+07  -0.326610E+00   0.144735E+07   0.144533E+07   0.541959E+02
   0.238702E-01   0.136835E+07   0.133393E+07   0.176320E+04   0.156576E+04   0.903994E+06   0.134914E+07   0.136287E+07   0.134915E+07  -0.304410E+00   0.134942E+07   0.134727E+07   0.519853E+02
   0.263561E-01   0.126842E+07   0.123056E+07   0.153504E+04   0.118781E+04   0.801713E+06   0.124861E+07   0.126240E+07   0.124862E+07  -0.281726E+00   0.124929E+07   0.124705E+07   0.493082E+02
   0.291009E-01   0.116742E+07   0.112665E+07   0.118217E+04   0.894563E+03   0.703761E+06   0.114726E+07   0.116094E+07   0.114726E+07  -0.258857E+00   0.114829E+07   0.114598E+07   0.460214E+02
   0.321315E-01   0.106754E+07   0.102475E+07   0.820606E+03   0.669313E+03   0.611361E+06   0.104728E+07   0.106073E+07   0.104728E+07  -0.236299E+00   0.104863E+07   0.104630E+07   0.420182E+02
   0.354778E-01   0.970953E+06   0.927478E+06   0.558945E+03   0.498103E+03   0.526001E+06   0.950929E+06   0.964036E+06   0.950930E+06  -0.214558E+00   0.952526E+06   0.950246E+06   0.372353E+02
   0.391725E-01   0.880081E+06   0.837637E+06   0.470455E+03   0.369488E+03   0.449366E+06   0.860642E+06   0.873329E+06   0.860643E+06  -0.194187E+00   0.862423E+06   0.860278E+06   0.317265E+02
   0.432520E-01   0.797409E+06   0.757966E+06   0.333380E+03   0.274080E+03   0.382507E+06   0.778906E+06   0.791134E+06   0.778907E+06  -0.175744E+00   0.780815E+06   0.778896E+06   0.256990E+02
   0.475772E-01   0.726995E+06   0.692260E+06   0.245216E+03   0.206228E+03   0.327031E+06   0.709666E+06   0.721469E+06   0.709666E+06  -0.160122E+00   0.711657E+06   0.710034E+06   0.197583E+02
   0.519024E-01   0.671576E+06   0.642342E+06   0.190232E+03   0.159955E+03   0.284051E+06   0.655468E+06   0.666925E+06   0.655468E+06  -0.147893E+00   0.657507E+06   0.656198E+06   0.146148E+02
   0.562276E-01   0.626564E+06   0.602824E+06   0.151193E+03   0.127106E+03   0.249773E+06   0.611625E+06   0.622787E+06   0.611626E+06  -0.138001E+00   0.613696E+06   0.612678E+06   0.104869E+02
   0.605528E-01   0.588451E+06   0.569518E+06   0.122420E+03   0.102899E+03   0.221444E+06   0.574547E+06   0.585439E+06   0.574547E+06  -0.129634E+00   0.576638E+06   0.575859E+06   0.745291E+01
   0.648780E-01   0.554709E+06   0.539437E+06   0.100503E+03   0.844636E+02   0.197407E+06   0.541660E+06   0.552279E+06   0.541660E+06  -0.122214E+00   0.543764E+06   0.543152E+06   0.546241E+01
   0.692032E-01   0.523123E+06   0.510152E+06   0.832602E+02   0.699633E+02   0.176278E+06   0.510742E+06   0.521059E+06   0.510742E+06  -0.115238E+00   0.512851E+06   0.512329E+06   0.436395E+01
   0.735284E-01   0.492185E+06   0.480192E+06   0.693317E+02   0.582524E+02   0.157215E+06   0.480310E+06   0.490277E+06   0.480310E+06  -0.108372E+00   0.482412E+06   0.481911E+06   0.394341E+01
   0.778536E-01   0.461394E+06   0.449296E+06   0.579037E+02   0.486458E+02   0.139875E+06   0.449906E+06   0.459469E+06   0.449906E+06  -0.101512E+00   0.451986E+06   0.451453E+06   0.396300E+01
   0.821788E-01   0.431103E+06   0.418189E+06   0.484852E+02   0.407299E+02   0.124157E+06   0.419925E+06   0.429049E+06   0.419925E+06  -0.947471E-01   0.421971E+06   0.421376E+06   0.419591E+01
   0.865040E-01   0.402101E+06   0.388086E+06   0.407476E+02   0.342274E+02   0.110144E+06   0.391202E+06   0.399871E+06   0.391202E+06  -0.882663E-01   0.393202E+06   0.392537E+06   0.445324E+01
   0.908292E-01   0.375161E+06   0.360153E+06   0.344272E+02   0.289164E+02   0.978623E+05   0.364547E+06   0.372773E+06   0.364547E+06  -0.822523E-01   0.366495E+06   0.365773E+06   0.460092E+01
   0.961876E-01   0.345518E+06   0.329873E+06   0.282237E+02   0.237039E+02   0.849801E+05   0.335307E+06   0.343029E+06   0.335308E+06  -0.756550E-01   0.337184E+06   0.336433E+06   0.452695E+01
   0.101546E+00   0.320691E+06   0.305330E+06   0.234762E+02   0.197150E+02   0.745341E+05   0.310954E+06   0.318247E+06   0.310954E+06  -0.701602E-01   0.312761E+06   0.312033E+06   0.415366E+01
   0.106904E+00   0.300855E+06   0.286680E+06   0.198616E+02   0.166779E+02   0.662124E+05   0.291646E+06   0.298600E+06   0.291646E+06  -0.658036E-01   0.293389E+06   0.292733E+06   0.355640E+01
   0.112263E+00   0.285336E+06   0.272973E+06   0.170833E+02   0.143435E+02   0.595879E+05   0.276673E+06   0.283369E+06   0.276673E+06  -0.624253E-01   0.278363E+06   0.277808E+06   0.286123E+01
   0.117621E+00   0.272756E+06   0.262419E+06   0.148826E+02   0.124944E+02   0.541391E+05   0.264619E+06   0.271112E+06   0.264619E+06  -0.597056E-01   0.266264E+06   0.265818E+06   0.219885E+01
   0.122980E+00   0.261595E+06   0.253084E+06   0.130627E+02   0.109655E+02   0.494214E+05   0.253933E+06   0.260241E+06   0.253933E+06  -0.572944E-01   0.255537E+06   0.255182E+06   0.166954E+01
   0.128338E+00   0.250671E+06   0.243478E+06   0.114960E+02   0.964958E+01   0.451197E+05   0.243410E+06   0.249527E+06   0.243410E+06  -0.549202E-01   0.244973E+06   0.244680E+06   0.132437E+01
   0.133696E+00   0.239321E+06   0.232804E+06   0.101113E+02   0.848670E+01   0.410776E+05   0.232383E+06   0.238284E+06   0.232383E+06  -0.524322E-01   0.233903E+06   0.233635E+06   0.116315E+01
   0.139055E+00   0.227393E+06   0.220955E+06   0.887554E+01   0.744910E+01   0.372469E+05   0.220709E+06   0.226369E+06   0.220709E+06  -0.497983E-01   0.222183E+06   0.221908E+06   0.114542E+01
   0.144413E+00   0.215134E+06   0.208359E+06   0.777778E+01   0.652752E+01   0.336559E+05   0.208658E+06   0.214056E+06   0.208658E+06  -0.470791E-01   0.210080E+06   0.209779E+06   0.120884E+01
   0.149771E+00   0.203024E+06   0.195748E+06   0.681618E+01   0.572031E+01   0.303606E+05   0.196734E+06   0.201866E+06   0.196734E+06  -0.443888E-01   0.198104E+06   0.197771E+06   0.128892E+01
   0.155130E+00   0.191639E+06   0.183946E+06   0.599037E+01   0.502713E+01   0.274219E+05   0.185538E+06   0.190415E+06   0.185538E+06  -0.418626E-01   0.186855E+06   0.186497E+06   0.133485E+01
   0.160488E+00   0.181524E+06   0.173675E+06   0.529690E+01   0.444503E+01   0.248833E+05   0.175625E+06   0.180275E+06   0.175625E+06  -0.396261E-01   0.176892E+06   0.176527E+06   0.131848E+01
   0.165847E+00   0.173000E+06   0.165333E+06   0.472491E+01   0.396486E+01   0.227468E+05   0.167321E+06   0.171781E+06   0.167321E+06  -0.377524E-01   0.168544E+06   0.168190E+06   0.123576E+01
   0.171205E+00   0.166026E+06   0.158851E+06   0.425468E+01   0.357011E+01   0.209650E+05   0.160578E+06   0.164884E+06   0.160578E+06  -0.362308E-01   0.161762E+06   0.161436E+06   0.110220E+01
   0.176563E+00   0.160253E+06   0.153775E+06   0.386221E+01   0.324061E+01   0.194556E+05   0.155040E+06   0.159223E+06   0.155040E+06  -0.349814E-01   0.156191E+06   0.155904E+06   0.944519E+00
   0.181922E+00   0.155237E+06   0.149513E+06   0.352555E+01   0.295798E+01   0.181371E+05   0.150251E+06   0.154326E+06   0.150251E+06  -0.339009E-01   0.151373E+06   0.151124E+06   0.791405E+00
   0.187280E+00   0.150564E+06   0.145509E+06   0.322771E+01   0.270796E+01   0.169410E+05   0.145785E+06   0.149760E+06   0.145785E+06  -0.328933E-01   0.146880E+06   0.146665E+06   0.665820E+00
   0.192639E+00   0.145880E+06   0.141310E+06   0.295625E+01   0.248011E+01   0.158172E+05   0.141283E+06   0.145153E+06   0.141283E+06  -0.318774E-01   0.142350E+06   0.142157E+06   0.580409E+00
   0.197997E+00   0.140940E+06   0.136628E+06   0.270339E+01   0.226790E+01   0.147324E+05   0.136498E+06   0.140254E+06   0.136498E+06  -0.307977E-01   0.137537E+06   0.137354E+06   0.536426E+00
   0.203355E+00   0.135693E+06   0.131432E+06   0.246651E+01   0.206913E+01   0.136809E+05   0.131384E+06   0.135015E+06   0.131384E+06  -0.296440E-01   0.132394E+06   0.132209E+06   0.525679E+00
   0.208714E+00   0.130286E+06   0.125933E+06   0.224691E+01   0.188488E+01   0.126756E+05   0.126095E+06   0.129594E+06   0.126095E+06  -0.284506E-01   0.127073E+06   0.126881E+06   0.534391E+00
   0.214072E+00   0.124954E+06   0.120455E+06   0.204706E+01   0.171721E+01   0.117376E+05   0.120871E+06   0.124238E+06   0.120871E+06  -0.272720E-01   0.121818E+06   0.121616E+06   0.547640E+00
   0.219430E+00   0.119912E+06   0.115299E+06   0.186853E+01   0.156742E+01   0.108823E+05   0.115937E+06   0.119178E+06   0.115937E+06  -0.261587E-01   0.116854E+06   0.116644E+06   0.553155E+00
   0.224789E+00   0.115324E+06   0.110688E+06   0.171157E+01   0.143573E+01   0.101189E+05   0.111461E+06   0.114587E+06   0.111461E+06  -0.251487E-01   0.112349E+06   0.112138E+06   0.543686E+00
   0.230147E+00   0.111286E+06   0.106745E+06   0.157520E+01   0.132131E+01   0.944759E+04   0.107538E+06   0.110563E+06   0.107538E+06  -0.242635E-01   0.108400E+06   0.108194E+06   0.517687E+00
   0.235506E+00   0.107797E+06   0.103462E+06   0.145712E+01   0.122223E+01   0.886117E+04   0.104168E+06   0.107108E+06   0.104168E+06  -0.235032E-01   0.105007E+06   0.104812E+06   0.478490E+00
   0.240864E+00   0.104766E+06   0.100710E+06   0.135402E+01   0.113572E+01   0.834445E+04   0.101255E+06   0.104121E+06   0.101255E+06  -0.228459E-01   0.102073E+06   0.101893E+06   0.432451E+00
   0.246222E+00   0.102040E+06   0.982852E+05   0.126228E+01   0.105874E+01   0.787961E+04   0.986431E+05   0.101443E+06   0.986431E+05  -0.222567E-01   0.994423E+05   0.992780E+05   0.386751E+00
   0.251581E+00   0.994578E+05   0.959776E+05   0.117872E+01   0.988626E+00   0.744969E+04   0.961674E+05   0.989041E+05   0.961674E+05  -0.216981E-01   0.969488E+05   0.967979E+05   0.347439E+00
   0.256939E+00   0.968824E+05   0.936145E+05   0.110092E+01   0.923350E+00   0.704171E+04   0.936897E+05   0.963625E+05   0.936897E+05  -0.211390E-01   0.944533E+05   0.943122E+05   0.318173E+00
   0.262297E+00   0.942324E+05   0.910979E+05   0.102746E+01   0.861726E+00   0.664850E+04   0.911278E+05   0.937338E+05   0.911278E+05  -0.205610E-01   0.918735E+05   0.917378E+05   0.299772E+00
   0.267656E+00   0.914957E+05   0.884202E+05   0.957902E+00   0.803376E+00   0.626834E+04   0.884707E+05   0.910064E+05   0.884707E+05  -0.199615E-01   0.891980E+05   0.890638E+05   0.290552E+00
   0.273014E+00   0.887179E+05   0.856481E+05   0.892456E+00   0.748480E+00   0.590399E+04   0.857660E+05   0.882295E+05   0.857660E+05  -0.193512E-01   0.864746E+05   0.863393E+05   0.287196E+00
   0.278373E+00   0.859718E+05   0.828840E+05   0.831570E+00   0.697410E+00   0.555939E+04   0.830890E+05   0.854806E+05   0.830890E+05  -0.187472E-01   0.837790E+05   0.836417E+05   0.285862E+00
   0.283731E+00   0.833329E+05   0.802327E+05   0.775627E+00   0.650487E+00   0.523864E+04   0.805175E+05   0.828396E+05   0.805175E+05  -0.181670E-01   0.811894E+05   0.810507E+05   0.283196E+00
   0.289089E+00   0.808657E+05   0.777816E+05   0.724827E+00   0.607878E+00   0.494410E+04   0.781179E+05   0.803751E+05   0.781179E+05  -0.176256E-01   0.787725E+05   0.786343E+05   0.277029E+00
   0.294448E+00   0.786120E+05   0.755831E+05   0.679104E+00   0.569525E+00   0.467684E+04   0.759321E+05   0.781301E+05   0.759321E+05  -0.171324E-01   0.765707E+05   0.764352E+05   0.266643E+00
   0.299806E+00   0.765766E+05   0.736412E+05   0.638053E+00   0.535090E+00   0.443502E+04   0.739648E+05   0.761096E+05   0.739648E+05  -0.166885E-01   0.745886E+05   0.744578E+05   0.252647E+00
   0.305165E+00   0.747274E+05   0.719126E+05   0.600994E+00   0.504003E+00   0.421520E+04   0.721830E+05   0.742796E+05   0.721830E+05  -0.162865E-01   0.727931E+05   0.726685E+05   0.236563E+00
   0.310523E+00   0.730118E+05   0.703280E+05   0.567153E+00   0.475616E+00   0.401267E+04   0.705328E+05   0.725848E+05   0.705328E+05  -0.159142E-01   0.711300E+05   0.710120E+05   0.220272E+00
   0.315881E+00   0.713752E+05   0.688161E+05   0.535835E+00   0.449346E+00   0.382343E+04   0.689588E+05   0.709681E+05   0.689588E+05  -0.155591E-01   0.695438E+05   0.694317E+05   0.205483E+00
   0.321240E+00   0.697719E+05   0.673176E+05   0.506494E+00   0.424735E+00   0.364398E+04   0.674144E+05   0.693815E+05   0.674144E+05  -0.152106E-01   0.679873E+05   0.678801E+05   0.193339E+00
   0.326598E+00   0.681695E+05   0.657931E+05   0.478748E+00   0.401463E+00   0.347215E+04   0.658667E+05   0.677914E+05   0.658667E+05  -0.148614E-01   0.664278E+05   0.663240E+05   0.184252E+00
   0.331956E+00   0.665543E+05   0.642289E+05   0.452397E+00   0.379362E+00   0.330679E+04   0.643028E+05   0.661843E+05   0.643028E+05  -0.145085E-01   0.648519E+05   0.647500E+05   0.177931E+00
   0.337315E+00   0.649347E+05   0.626395E+05   0.427415E+00   0.358410E+00   0.314809E+04   0.627316E+05   0.645696E+05   0.627316E+05  -0.141540E-01   0.632688E+05   0.631678E+05   0.173583E+00
   0.342673E+00   0.633358E+05   0.610594E+05   0.403884E+00   0.338676E+00   0.299692E+04   0.611789E+05   0.629736E+05   0.611789E+05  -0.138037E-01   0.617043E+05   0.616037E+05   0.170193E+00
   0.348032E+00   0.617865E+05   0.595279E+05   0.381898E+00   0.320238E+00   0.285435E+04   0.596745E+05   0.614272E+05   0.596745E+05  -0.134642E-01   0.601884E+05   0.600882E+05   0.166795E+00
   0.353390E+00   0.603098E+05   0.580759E+05   0.361498E+00   0.303130E+00   0.272098E+04   0.582418E+05   0.599544E+05   0.582418E+05  -0.131410E-01   0.587446E+05   0.586454E+05   0.162694E+00
   0.358748E+00   0.589184E+05   0.567213E+05   0.342651E+00   0.287324E+00   0.259684E+04   0.568939E+05   0.585688E+05   0.568939E+05  -0.128369E-01   0.573863E+05   0.572887E+05   0.157569E+00
   0.364107E+00   0.576155E+05   0.554679E+05   0.325267E+00   0.272744E+00   0.248162E+04   0.556343E+05   0.572739E+05   0.556343E+05  -0.125527E-01   0.561166E+05   0.560214E+05   0.151478E+00
   0.369465E+00   0.563952E+05   0.543069E+05   0.309207E+00   0.259275E+00   0.237449E+04   0.544564E+05   0.560630E+05   0.544564E+05  -0.122869E-01   0.549293E+05   0.548370E+05   0.144764E+00
   0.374823E+00   0.552427E+05   0.532185E+05   0.294295E+00   0.246769E+00   0.227439E+04   0.533453E+05   0.549207E+05   0.533453E+05  -0.120362E-01   0.538091E+05   0.537199E+05   0.137916E+00
   0.380182E+00   0.541381E+05   0.521769E+05   0.280345E+00   0.235069E+00   0.218001E+04   0.522806E+05   0.538261E+05   0.522806E+05  -0.117960E-01   0.527358E+05   0.526496E+05   0.131421E+00
   0.385540E+00   0.530627E+05   0.511587E+05   0.267194E+00   0.224040E+00   0.209037E+04   0.512435E+05   0.527598E+05   0.512435E+05  -0.115620E-01   0.516903E+05   0.516067E+05   0.125644E+00
   0.390899E+00   0.520040E+05   0.501483E+05   0.254730E+00   0.213588E+00   0.200465E+04   0.502214E+05   0.517088E+05   0.502214E+05  -0.113314E-01   0.506599E+05   0.505785E+05   0.120767E+00
   0.396257E+00   0.509566E+05   0.491394E+05   0.242884E+00   0.203654E+00   0.192252E+04   0.492088E+05   0.506675E+05   0.492088E+05  -0.111029E-01   0.496392E+05   0.495593E+05   0.116773E+00
   0.401615E+00   0.499203E+05   0.481335E+05   0.231622E+00   0.194209E+00   0.184373E+04   0.482059E+05   0.496361E+05   0.482059E+05  -0.108766E-01   0.486282E+05   0.485495E+05   0.113484E+00
   0.406974E+00   0.489001E+05   0.471382E+05   0.220933E+00   0.185246E+00   0.176840E+04   0.472178E+05   0.486198E+05   0.472178E+05  -0.106537E-01   0.476321E+05   0.475544E+05   0.110635E+00
   0.412332E+00   0.479042E+05   0.461652E+05   0.210826E+00   0.176770E+00   0.169661E+04   0.462531E+05   0.476276E+05   0.462531E+05  -0.104360E-01   0.466597E+05   0.465828E+05   0.107946E+00
   0.417691E+00   0.469419E+05   0.452267E+05   0.201307E+00   0.168788E+00   0.162859E+04   0.453212E+05   0.466690E+05   0.453212E+05  -0.102257E-01   0.457202E+05   0.456444E+05   0.105192E+00
   0.423049E+00   0.460188E+05   0.443306E+05   0.192368E+00   0.161293E+00   0.156431E+04   0.444280E+05   0.457502E+05   0.444280E+05  -0.100242E-01   0.448197E+05   0.447451E+05   0.102242E+00
   0.428407E+00   0.451365E+05   0.434790E+05   0.183981E+00   0.154260E+00   0.150368E+04   0.435751E+05   0.448728E+05   0.435751E+05  -0.983176E-02   0.439597E+05   0.438865E+05   0.990690E-01
   0.433766E+00   0.442931E+05   0.426696E+05   0.176106E+00   0.147656E+00   0.144642E+04   0.427604E+05   0.440348E+05   0.427604E+05  -0.964795E-02   0.431383E+05   0.430667E+05   0.957353E-01
   0.439124E+00   0.434845E+05   0.418968E+05   0.168695E+00   0.141442E+00   0.139226E+04   0.419799E+05   0.432319E+05   0.419799E+05  -0.947184E-02   0.423513E+05   0.422813E+05   0.923602E-01
   0.444482E+00   0.427050E+05   0.411533E+05   0.161701E+00   0.135576E+00   0.134085E+04   0.412277E+05   0.424581E+05   0.412277E+05  -0.930213E-02   0.415928E+05   0.415245E+05   0.890795E-01
   0.449841E+00   0.419482E+05   0.404308E+05   0.155073E+00   0.130018E+00   0.129183E+04   0.404974E+05   0.417068E+05   0.404974E+05  -0.913735E-02   0.408564E+05   0.407896E+05   0.860086E-01
   0.455199E+00   0.412084E+05   0.397224E+05   0.148771E+00   0.124734E+00   0.124497E+04   0.397832E+05   0.409720E+05   0.397832E+05  -0.897621E-02   0.401363E+05   0.400709E+05   0.832175E-01
   0.460558E+00   0.404822E+05   0.390241E+05   0.142764E+00   0.119697E+00   0.120001E+04   0.390817E+05   0.402503E+05   0.390817E+05  -0.881794E-02   0.394289E+05   0.393647E+05   0.807225E-01
   0.465916E+00   0.397685E+05   0.383350E+05   0.137035E+00   0.114893E+00   0.115687E+04   0.383919E+05   0.395405E+05   0.383919E+05  -0.866229E-02   0.387333E+05   0.386702E+05   0.784913E-01
   0.471274E+00   0.390684E+05   0.376570E+05   0.131572E+00   0.110313E+00   0.111549E+04   0.377148E+05   0.388438E+05   0.377148E+05  -0.850953E-02   0.380506E+05   0.379884E+05   0.764589E-01
   0.476633E+00   0.383839E+05   0.369931E+05   0.126371E+00   0.105951E+00   0.107589E+04   0.370529E+05   0.381627E+05   0.370529E+05  -0.836017E-02   0.373831E+05   0.373218E+05   0.745467E-01
   0.481991E+00   0.377174E+05   0.363468E+05   0.121425E+00   0.101804E+00   0.103801E+04   0.364083E+05   0.374993E+05   0.364083E+05  -0.821473E-02   0.367331E+05   0.366727E+05   0.726824E-01
   0.487350E+00   0.370705E+05   0.357206E+05   0.116728E+00   0.978656E-01   0.100187E+04   0.357829E+05   0.368558E+05   0.357829E+05  -0.807362E-02   0.361024E+05   0.360429E+05   0.708153E-01
   0.492708E+00   0.364443E+05   0.351158E+05   0.112270E+00   0.941275E-01   0.967399E+03   0.351777E+05   0.362329E+05   0.351777E+05  -0.793707E-02   0.354921E+05   0.354335E+05   0.689227E-01
   0.498066E+00   0.358391E+05   0.345329E+05   0.108040E+00   0.905807E-01   0.934554E+03   0.345930E+05   0.356313E+05   0.345930E+05  -0.780516E-02   0.349025E+05   0.348449E+05   0.670100E-01
   0.503425E+00   0.352537E+05   0.339704E+05   0.104023E+00   0.872126E-01   0.903207E+03   0.340277E+05   0.350495E+05   0.340277E+05  -0.767762E-02   0.343324E+05   0.342759E+05   0.651020E-01
   0.508783E+00   0.346858E+05   0.334255E+05   0.100201E+00   0.840083E-01   0.873262E+03   0.334795E+05   0.344853E+05   0.334795E+05  -0.755391E-02   0.337795E+05   0.337240E+05   0.632328E-01
   0.514141E+00   0.341329E+05   0.328950E+05   0.965583E-01   0.809537E-01   0.844579E+03   0.329457E+05   0.339360E+05   0.329457E+05  -0.743349E-02   0.332412E+05   0.331867E+05   0.614362E-01
   0.519500E+00   0.335934E+05   0.323769E+05   0.930804E-01   0.780376E-01   0.817072E+03   0.324249E+05   0.333999E+05   0.324249E+05  -0.731596E-02   0.327159E+05   0.326623E+05   0.597372E-01
   0.524858E+00   0.330659E+05   0.318696E+05   0.897562E-01   0.752504E-01   0.790660E+03   0.319155E+05   0.328756E+05   0.319155E+05  -0.720104E-02   0.322022E+05   0.321495E+05   0.581468E-01
   0.530217E+00   0.325493E+05   0.313718E+05   0.865751E-01   0.725831E-01   0.765266E+03   0.314165E+05   0.323620E+05   0.314165E+05  -0.708845E-02   0.316989E+05   0.316470E+05   0.566618E-01
   0.535575E+00   0.320428E+05   0.308830E+05   0.835287E-01   0.700289E-01   0.740838E+03   0.309271E+05   0.318583E+05   0.309271E+05  -0.697802E-02   0.312053E+05   0.311542E+05   0.552671E-01
   0.540933E+00   0.315466E+05   0.304036E+05   0.806118E-01   0.675832E-01   0.717341E+03   0.304477E+05   0.313648E+05   0.304477E+05  -0.686985E-02   0.307218E+05   0.306714E+05   0.539417E-01
   0.546292E+00   0.310618E+05   0.299350E+05   0.778212E-01   0.652434E-01   0.694774E+03   0.299792E+05   0.308825E+05   0.299792E+05  -0.676414E-02   0.302492E+05   0.301996E+05   0.526638E-01
   0.551650E+00   0.305890E+05   0.294783E+05   0.751531E-01   0.630064E-01   0.673097E+03   0.295224E+05   0.304123E+05   0.295224E+05  -0.666108E-02   0.297885E+05   0.297396E+05   0.514157E-01
   0.557009E+00   0.301283E+05   0.290337E+05   0.726022E-01   0.608676E-01   0.652302E+03   0.290773E+05   0.299542E+05   0.290773E+05  -0.656067E-02   0.293397E+05   0.292914E+05   0.501858E-01
   0.562367E+00   0.296794E+05   0.286009E+05   0.701626E-01   0.588221E-01   0.632327E+03   0.286438E+05   0.295078E+05   0.286438E+05  -0.646284E-02   0.289023E+05   0.288548E+05   0.489704E-01
   0.567725E+00   0.292421E+05   0.281798E+05   0.678288E-01   0.568654E-01   0.613157E+03   0.282215E+05   0.290731E+05   0.282215E+05  -0.636756E-02   0.284764E+05   0.284296E+05   0.477727E-01
   0.573084E+00   0.288161E+05   0.277699E+05   0.655956E-01   0.549930E-01   0.594731E+03   0.278102E+05   0.286497E+05   0.278102E+05  -0.627475E-02   0.280615E+05   0.280154E+05   0.466002E-01
   0.578442E+00   0.284007E+05   0.273703E+05   0.634569E-01   0.531999E-01   0.577037E+03   0.274091E+05   0.282368E+05   0.274091E+05  -0.618427E-02   0.276570E+05   0.276116E+05   0.454619E-01
   0.629704E+00   0.248477E+05   0.239460E+05   0.468396E-01   0.392676E-01   0.436992E+03   0.239781E+05   0.247043E+05   0.239781E+05  -0.541013E-02   0.241960E+05   0.241563E+05   0.365464E-01
   0.769122E+00   0.180707E+05   0.174156E+05   0.228275E-01   0.191364E-01   0.224564E+03   0.174356E+05   0.179665E+05   0.174356E+05  -0.393396E-02   0.175956E+05   0.175668E+05   0.217316E-01
   0.939408E+00   0.130777E+05   0.126037E+05   0.110714E-01   0.928089E-02   0.113727E+03   0.126166E+05   0.130023E+05   0.126166E+05  -0.284666E-02   0.127332E+05   0.127123E+05   0.128709E-01
   0.114740E+01   0.942330E+04   0.908183E+04   0.534674E-02   0.448195E-02   0.568459E+02   0.909032E+04   0.936897E+04   0.909032E+04  -0.205103E-02   0.917476E+04   0.915972E+04   0.759224E-02
   0.140143E+01   0.676212E+04   0.651713E+04   0.257160E-02   0.215564E-02   0.280798E+02   0.652280E+04   0.672314E+04   0.652280E+04  -0.147173E-02   0.658360E+04   0.657281E+04   0.446116E-02
   0.171171E+01   0.483500E+04   0.465985E+04   0.123244E-02   0.103308E-02   0.137306E+02   0.466370E+04   0.480714E+04   0.466370E+04  -0.105226E-02   0.470728E+04   0.469956E+04   0.261283E-02
   0.209069E+01   0.344561E+04   0.332080E+04   0.588701E-03   0.493467E-03   0.665695E+01   0.332344E+04   0.342575E+04   0.332344E+04  -0.749861E-03   0.335455E+04   0.334904E+04   0.152592E-02
   0.255358E+01   0.244788E+04   0.235922E+04   0.280340E-03   0.234988E-03   0.320409E+01   0.236104E+04   0.243378E+04   0.236104E+04  -0.532718E-03   0.238317E+04   0.237925E+04   0.888981E-03
   0.311895E+01   0.173413E+04   0.167132E+04   0.133122E-03   0.111586E-03   0.153303E+01   0.167259E+04   0.172414E+04   0.167259E+04  -0.377384E-03   0.168828E+04   0.168550E+04   0.516930E-03
   0.380949E+01   0.122537E+04   0.118098E+04   0.630530E-04   0.528524E-04   0.729975E+00   0.118187E+04   0.121830E+04   0.118187E+04  -0.266663E-03   0.119296E+04   0.119099E+04   0.300239E-03
   0.465292E+01   0.863769E+03   0.832472E+03   0.297929E-04   0.249731E-04   0.346183E+00   0.833102E+03   0.858790E+03   0.833102E+03  -0.187971E-03   0.840924E+03   0.839524E+03   0.174315E-03
   0.568309E+01   0.607552E+03   0.585530E+03   0.140467E-04   0.117743E-04   0.163622E+00   0.585978E+03   0.604048E+03   0.585978E+03  -0.132213E-03   0.591481E+03   0.590488E+03   0.101286E-03
   0.694134E+01   0.426458E+03   0.410991E+03   0.660912E-05   0.553992E-05   0.771171E-01   0.411312E+03   0.423997E+03   0.411312E+03  -0.928035E-04   0.415176E+03   0.414469E+03   0.589884E-04
   0.847817E+01   0.298777E+03   0.287931E+03   0.310377E-05   0.260166E-05   0.362577E-01   0.288163E+03   0.297051E+03   0.288163E+03  -0.650177E-04   0.290871E+03   0.290367E+03   0.345064E-04
   0.103553E+02   0.208956E+03   0.201360E+03   0.145502E-05   0.121965E-05   0.170105E-01   0.201531E+03   0.207747E+03   0.201531E+03  -0.454711E-04   0.203426E+03   0.203062E+03   0.203325E-04
   0.126479E+02   0.145897E+03   0.140582E+03   0.680973E-06   0.570819E-06   0.796560E-02   0.140711E+03   0.145051E+03   0.140711E+03  -0.317484E-04   0.142035E+03   0.141770E+03   0.121136E-04
   0.154482E+02   0.101713E+03   0.979953E+02   0.318215E-06   0.266745E-06   0.372358E-02   0.980956E+02   0.101121E+03   0.980956E+02  -0.221331E-04   0.990189E+02   0.988234E+02   0.733221E-05
   0.188685E+02   0.708078E+02   0.682073E+02   0.148483E-06   0.124469E-06   0.173792E-02   0.682877E+02   0.703941E+02   0.682877E+02  -0.154076E-04   0.689311E+02   0.687834E+02   0.453457E-05
   0.230461E+02   0.492265E+02   0.474055E+02   0.691880E-07   0.580004E-07   0.810092E-03   0.474724E+02   0.489368E+02   0.474724E+02  -0.107111E-04   0.479203E+02   0.478057E+02   0.288286E-05
   0.281485E+02   0.341790E+02   0.329011E+02   0.321963E-07   0.269916E-07   0.376993E-03   0.329591E+02   0.339757E+02   0.329591E+02  -0.743649E-05   0.332707E+02   0.331787E+02   0.189463E-05
   0.343807E+02   0.237024E+02   0.228021E+02   0.149630E-07   0.125451E-07   0.175237E-03   0.228542E+02   0.235591E+02   0.228542E+02  -0.515654E-05   0.230710E+02   0.229943E+02   0.129220E-05
   0.419926E+02   0.164177E+02   0.157797E+02   0.694499E-08   0.582338E-08   0.813738E-04   0.158280E+02   0.163162E+02   0.158280E+02  -0.357123E-05   0.159788E+02   0.159125E+02   0.915678E-06
   0.512900E+02   0.113588E+02   0.109024E+02   0.321921E-08   0.269976E-08   0.377325E-04   0.109485E+02   0.112862E+02   0.109485E+02  -0.247028E-05   0.110536E+02   0.109940E+02   0.672848E-06
   0.626457E+02   0.784974E+01   0.751901E+01   0.149011E-08   0.124998E-08   0.174710E-04   0.756380E+01   0.779712E+01   0.756380E+01  -0.170661E-05   0.763717E+01   0.758199E+01   0.510352E-06
   0.765156E+02   0.541833E+01   0.517433E+01   0.688678E-09   0.577910E-09   0.807876E-05   0.521854E+01   0.537952E+01   0.521854E+01  -0.117745E-05   0.526994E+01   0.521749E+01   0.397136E-06
   0.934564E+02   0.373536E+01   0.355109E+01   0.317709E-09   0.266754E-09   0.373163E-05   0.359515E+01   0.370604E+01   0.359515E+01  -0.811166E-06   0.363135E+01   0.358055E+01   0.314961E-06
   0.114148E+03   0.257156E+01   0.242840E+01   0.146247E-09   0.122892E-09   0.172059E-05   0.247251E+01   0.254878E+01   0.247251E+01  -0.557868E-06   0.249821E+01   0.244838E+01   0.252965E-06
