#           k/h    P           
    0.10000E-03    0.68477E+00
    0.10202E-03    0.69813E+00
    0.10408E-03    0.71175E+00
    0.10618E-03    0.72563E+00
    0.10833E-03    0.73978E+00
    0.11052E-03    0.75421E+00
    0.11275E-03    0.76892E+00
    0.11503E-03    0.78391E+00
    0.11735E-03    0.79920E+00
    0.11972E-03    0.81479E+00
    0.12214E-03    0.83068E+00
    0.12461E-03    0.84688E+00
    0.12712E-03    0.86340E+00
    0.12969E-03    0.88024E+00
    0.13231E-03    0.89740E+00
    0.13499E-03    0.91490E+00
    0.13771E-03    0.93274E+00
    0.14049E-03    0.95093E+00
    0.14333E-03    0.96948E+00
    0.14623E-03    0.98838E+00
    0.14918E-03    0.10077E+01
    0.15220E-03    0.10273E+01
    0.15527E-03    0.10473E+01
    0.15841E-03    0.10678E+01
    0.16161E-03    0.10886E+01
    0.16487E-03    0.11098E+01
    0.16820E-03    0.11314E+01
    0.17160E-03    0.11535E+01
    0.17507E-03    0.11760E+01
    0.17860E-03    0.11989E+01
    0.18221E-03    0.12223E+01
    0.18589E-03    0.12461E+01
    0.18965E-03    0.12704E+01
    0.19348E-03    0.12952E+01
    0.19739E-03    0.13204E+01
    0.20138E-03    0.13462E+01
    0.20544E-03    0.13724E+01
    0.20959E-03    0.13992E+01
    0.21383E-03    0.14264E+01
    0.21815E-03    0.14543E+01
    0.22255E-03    0.14826E+01
    0.22705E-03    0.15115E+01
    0.23164E-03    0.15410E+01
    0.23632E-03    0.15710E+01
    0.24109E-03    0.16016E+01
    0.24596E-03    0.16328E+01
    0.25093E-03    0.16646E+01
    0.25600E-03    0.16971E+01
    0.26117E-03    0.17301E+01
    0.26645E-03    0.17638E+01
    0.27183E-03    0.17982E+01
    0.27732E-03    0.18332E+01
    0.28292E-03    0.18689E+01
    0.28864E-03    0.19054E+01
    0.29447E-03    0.19425E+01
    0.30042E-03    0.19803E+01
    0.30649E-03    0.20189E+01
    0.31268E-03    0.20582E+01
    0.31899E-03    0.20983E+01
    0.32544E-03    0.21391E+01
    0.33201E-03    0.21808E+01
    0.33872E-03    0.22232E+01
    0.34556E-03    0.22665E+01
    0.35254E-03    0.23106E+01
    0.35966E-03    0.23556E+01
    0.36693E-03    0.24014E+01
    0.37434E-03    0.24482E+01
    0.38190E-03    0.24958E+01
    0.38962E-03    0.25444E+01
    0.39749E-03    0.25939E+01
    0.40552E-03    0.26443E+01
    0.41371E-03    0.26958E+01
    0.42207E-03    0.27482E+01
    0.43060E-03    0.28016E+01
    0.43929E-03    0.28561E+01
    0.44817E-03    0.29116E+01
    0.45722E-03    0.29682E+01
    0.46646E-03    0.30259E+01
    0.47588E-03    0.30847E+01
    0.48550E-03    0.31446E+01
    0.49530E-03    0.32057E+01
    0.50531E-03    0.32680E+01
    0.51552E-03    0.33314E+01
    0.52593E-03    0.33961E+01
    0.53656E-03    0.34620E+01
    0.54739E-03    0.35292E+01
    0.55845E-03    0.35977E+01
    0.56973E-03    0.36675E+01
    0.58124E-03    0.37386E+01
    0.59299E-03    0.38111E+01
    0.60496E-03    0.38850E+01
    0.61719E-03    0.39602E+01
    0.62965E-03    0.40370E+01
    0.64237E-03    0.41152E+01
    0.65535E-03    0.41948E+01
    0.66859E-03    0.42761E+01
    0.68210E-03    0.43588E+01
    0.69588E-03    0.44431E+01
    0.70993E-03    0.45290E+01
    0.72427E-03    0.46166E+01
    0.73891E-03    0.47058E+01
    0.75383E-03    0.47967E+01
    0.76906E-03    0.48893E+01
    0.78460E-03    0.49837E+01
    0.80045E-03    0.50799E+01
    0.81662E-03    0.51778E+01
    0.83311E-03    0.52776E+01
    0.84994E-03    0.53793E+01
    0.86711E-03    0.54829E+01
    0.88463E-03    0.55884E+01
    0.90250E-03    0.56959E+01
    0.92073E-03    0.58054E+01
    0.93933E-03    0.59170E+01
    0.95831E-03    0.60306E+01
    0.97767E-03    0.61463E+01
    0.99742E-03    0.62642E+01
    0.10176E-02    0.63842E+01
    0.10381E-02    0.65065E+01
    0.10591E-02    0.66310E+01
    0.10805E-02    0.67578E+01
    0.11023E-02    0.68869E+01
    0.11246E-02    0.70184E+01
    0.11473E-02    0.71523E+01
    0.11705E-02    0.72886E+01
    0.11941E-02    0.74274E+01
    0.12182E-02    0.75686E+01
    0.12429E-02    0.77125E+01
    0.12680E-02    0.78589E+01
    0.12936E-02    0.80079E+01
    0.13197E-02    0.81596E+01
    0.13464E-02    0.83139E+01
    0.13736E-02    0.84710E+01
    0.14013E-02    0.86309E+01
    0.14296E-02    0.87936E+01
    0.14585E-02    0.89591E+01
    0.14880E-02    0.91275E+01
    0.15180E-02    0.92988E+01
    0.15487E-02    0.94731E+01
    0.15800E-02    0.96503E+01
    0.16119E-02    0.98306E+01
    0.16445E-02    0.10014E+02
    0.16777E-02    0.10200E+02
    0.17116E-02    0.10390E+02
    0.17462E-02    0.10583E+02
    0.17814E-02    0.10778E+02
    0.18174E-02    0.10978E+02
    0.18541E-02    0.11180E+02
    0.18916E-02    0.11386E+02
    0.19298E-02    0.11595E+02
    0.19688E-02    0.11807E+02
    0.20086E-02    0.12023E+02
    0.20491E-02    0.12242E+02
    0.20905E-02    0.12464E+02
    0.21328E-02    0.12690E+02
    0.21758E-02    0.12919E+02
    0.22198E-02    0.13152E+02
    0.22646E-02    0.13389E+02
    0.23104E-02    0.13629E+02
    0.23571E-02    0.13872E+02
    0.24047E-02    0.14119E+02
    0.24533E-02    0.14369E+02
    0.25028E-02    0.14624E+02
    0.25534E-02    0.14881E+02
    0.26050E-02    0.15142E+02
    0.26576E-02    0.15407E+02
    0.27113E-02    0.15675E+02
    0.27660E-02    0.15947E+02
    0.28219E-02    0.16223E+02
    0.28789E-02    0.16502E+02
    0.29371E-02    0.16784E+02
    0.29964E-02    0.17070E+02
    0.30569E-02    0.17360E+02
    0.31187E-02    0.17653E+02
    0.31817E-02    0.17949E+02
    0.32460E-02    0.18249E+02
    0.33115E-02    0.18553E+02
    0.33784E-02    0.18859E+02
    0.34467E-02    0.19169E+02
    0.35163E-02    0.19483E+02
    0.35874E-02    0.19799E+02
    0.36598E-02    0.20119E+02
    0.37338E-02    0.20442E+02
    0.38092E-02    0.20768E+02
    0.38861E-02    0.21096E+02
    0.39646E-02    0.21428E+02
    0.40447E-02    0.21763E+02
    0.41264E-02    0.22101E+02
    0.42098E-02    0.22441E+02
    0.42948E-02    0.22784E+02
    0.43816E-02    0.23130E+02
    0.44701E-02    0.23478E+02
    0.45604E-02    0.23828E+02
    0.46525E-02    0.24181E+02
    0.47465E-02    0.24535E+02
    0.48424E-02    0.24892E+02
    0.49402E-02    0.25251E+02
    0.50400E-02    0.25612E+02
    0.51419E-02    0.25974E+02
    0.52457E-02    0.26338E+02
    0.53517E-02    0.26703E+02
    0.54598E-02    0.27070E+02
    0.55701E-02    0.27438E+02
    0.56826E-02    0.27806E+02
    0.57974E-02    0.28176E+02
    0.59145E-02    0.28546E+02
    0.60340E-02    0.28916E+02
    0.61559E-02    0.29286E+02
    0.62803E-02    0.29657E+02
    0.64072E-02    0.30027E+02
    0.65366E-02    0.30397E+02
    0.66686E-02    0.30766E+02
    0.68033E-02    0.31135E+02
    0.69408E-02    0.31502E+02
    0.70810E-02    0.31868E+02
    0.72240E-02    0.32232E+02
    0.73700E-02    0.32594E+02
    0.75189E-02    0.32953E+02
    0.76708E-02    0.33311E+02
    0.78257E-02    0.33665E+02
    0.79838E-02    0.34016E+02
    0.81451E-02    0.34364E+02
    0.83096E-02    0.34708E+02
    0.84775E-02    0.35048E+02
    0.86488E-02    0.35384E+02
    0.88235E-02    0.35715E+02
    0.90017E-02    0.36041E+02
    0.91836E-02    0.36361E+02
    0.93691E-02    0.36675E+02
    0.95583E-02    0.36984E+02
    0.97514E-02    0.37285E+02
    0.99484E-02    0.37580E+02
    0.10149E-01    0.37868E+02
    0.10354E-01    0.38148E+02
    0.10564E-01    0.38420E+02
    0.10777E-01    0.38683E+02
    0.10995E-01    0.38937E+02
    0.11217E-01    0.39183E+02
    0.11443E-01    0.39418E+02
    0.11675E-01    0.39643E+02
    0.11910E-01    0.39858E+02
    0.12151E-01    0.40062E+02
    0.12397E-01    0.40254E+02
    0.12647E-01    0.40434E+02
    0.12902E-01    0.40603E+02
    0.13163E-01    0.40758E+02
    0.13429E-01    0.40901E+02
    0.13700E-01    0.41030E+02
    0.13977E-01    0.41145E+02
    0.14259E-01    0.41245E+02
    0.14547E-01    0.41331E+02
    0.14841E-01    0.41401E+02
    0.15141E-01    0.41456E+02
    0.15447E-01    0.41495E+02
    0.15759E-01    0.41518E+02
    0.16077E-01    0.41524E+02
    0.16402E-01    0.41514E+02
    0.16734E-01    0.41485E+02
    0.17072E-01    0.41439E+02
    0.17416E-01    0.41375E+02
    0.17768E-01    0.41291E+02
    0.18127E-01    0.41189E+02
    0.18493E-01    0.41067E+02
    0.18867E-01    0.40928E+02
    0.19248E-01    0.40770E+02
    0.19637E-01    0.40596E+02
    0.20034E-01    0.40404E+02
    0.20438E-01    0.40195E+02
    0.20851E-01    0.39966E+02
    0.21272E-01    0.39716E+02
    0.21702E-01    0.39446E+02
    0.22141E-01    0.39154E+02
    0.22588E-01    0.38841E+02
    0.23044E-01    0.38508E+02
    0.23510E-01    0.38155E+02
    0.23985E-01    0.37785E+02
    0.24469E-01    0.37398E+02
    0.24964E-01    0.36993E+02
    0.25468E-01    0.36572E+02
    0.25982E-01    0.36134E+02
    0.26507E-01    0.35679E+02
    0.27043E-01    0.35209E+02
    0.27589E-01    0.34725E+02
    0.28146E-01    0.34228E+02
    0.28715E-01    0.33719E+02
    0.29295E-01    0.33199E+02
    0.29887E-01    0.32671E+02
    0.30490E-01    0.32134E+02
    0.31106E-01    0.31591E+02
    0.31735E-01    0.31043E+02
    0.32376E-01    0.30490E+02
    0.33030E-01    0.29933E+02
    0.33697E-01    0.29376E+02
    0.34378E-01    0.28818E+02
    0.35072E-01    0.28261E+02
    0.35781E-01    0.27706E+02
    0.36504E-01    0.27155E+02
    0.37241E-01    0.26610E+02
    0.37993E-01    0.26072E+02
    0.38761E-01    0.25543E+02
    0.39544E-01    0.25024E+02
    0.40343E-01    0.24516E+02
    0.41158E-01    0.24021E+02
    0.41989E-01    0.23538E+02
    0.42838E-01    0.23068E+02
    0.43703E-01    0.22612E+02
    0.44586E-01    0.22170E+02
    0.45486E-01    0.21745E+02
    0.46405E-01    0.21338E+02
    0.47343E-01    0.20950E+02
    0.48299E-01    0.20582E+02
    0.49275E-01    0.20233E+02
    0.50270E-01    0.19902E+02
    0.51286E-01    0.19587E+02
    0.52322E-01    0.19286E+02
    0.53379E-01    0.18998E+02
    0.54457E-01    0.18722E+02
    0.55557E-01    0.18455E+02
    0.56680E-01    0.18197E+02
    0.57825E-01    0.17945E+02
    0.58993E-01    0.17700E+02
    0.60184E-01    0.17458E+02
    0.61400E-01    0.17218E+02
    0.62641E-01    0.16978E+02
    0.63906E-01    0.16736E+02
    0.65197E-01    0.16488E+02
    0.66514E-01    0.16231E+02
    0.67858E-01    0.15964E+02
    0.69229E-01    0.15684E+02
    0.70627E-01    0.15387E+02
    0.72054E-01    0.15073E+02
    0.73510E-01    0.14741E+02
    0.74994E-01    0.14390E+02
    0.76509E-01    0.14020E+02
    0.78055E-01    0.13634E+02
    0.79632E-01    0.13233E+02
    0.81241E-01    0.12820E+02
    0.82882E-01    0.12398E+02
    0.84556E-01    0.11972E+02
    0.86264E-01    0.11545E+02
    0.88007E-01    0.11121E+02
    0.89785E-01    0.10705E+02
    0.91598E-01    0.10298E+02
    0.93449E-01    0.99066E+01
    0.95337E-01    0.95328E+01
    0.97263E-01    0.91801E+01
    0.99227E-01    0.88515E+01
    0.10123E+00    0.85494E+01
    0.10328E+00    0.82759E+01
    0.10536E+00    0.80313E+01
    0.10749E+00    0.78153E+01
    0.10966E+00    0.76263E+01
    0.11188E+00    0.74608E+01
    0.11414E+00    0.73149E+01
    0.11644E+00    0.71834E+01
    0.11880E+00    0.70605E+01
    0.12120E+00    0.69406E+01
    0.12365E+00    0.68180E+01
    0.12614E+00    0.66877E+01
    0.12869E+00    0.65453E+01
    0.13129E+00    0.63878E+01
    0.13394E+00    0.62134E+01
    0.13665E+00    0.60217E+01
    0.13941E+00    0.58143E+01
    0.14223E+00    0.55936E+01
    0.14510E+00    0.53637E+01
    0.14803E+00    0.51295E+01
    0.15102E+00    0.48966E+01
    0.15407E+00    0.46711E+01
    0.15718E+00    0.44590E+01
    0.16036E+00    0.42655E+01
    0.16360E+00    0.40946E+01
    0.16690E+00    0.39475E+01
    0.17028E+00    0.38231E+01
    0.17371E+00    0.37182E+01
    0.17722E+00    0.36282E+01
    0.18080E+00    0.35478E+01
    0.18446E+00    0.34717E+01
    0.18818E+00    0.33944E+01
    0.19198E+00    0.33108E+01
    0.19586E+00    0.32163E+01
    0.19982E+00    0.31090E+01
    0.20386E+00    0.29898E+01
    0.20797E+00    0.28623E+01
    0.21218E+00    0.27318E+01
    0.21646E+00    0.26038E+01
    0.22083E+00    0.24831E+01
    0.22530E+00    0.23735E+01
    0.22985E+00    0.22777E+01
    0.23449E+00    0.21961E+01
    0.23923E+00    0.21270E+01
    0.24406E+00    0.20668E+01
    0.24899E+00    0.20107E+01
    0.25402E+00    0.19542E+01
    0.25915E+00    0.18932E+01
    0.26439E+00    0.18260E+01
    0.26973E+00    0.17530E+01
    0.27518E+00    0.16769E+01
    0.28074E+00    0.16010E+01
    0.28641E+00    0.15288E+01
    0.29219E+00    0.14633E+01
    0.29810E+00    0.14058E+01
    0.30412E+00    0.13557E+01
    0.31026E+00    0.13105E+01
    0.31653E+00    0.12676E+01
    0.32292E+00    0.12242E+01
    0.32945E+00    0.11786E+01
    0.33610E+00    0.11308E+01
    0.34289E+00    0.10821E+01
    0.34982E+00    0.10348E+01
    0.35689E+00    0.99068E+00
    0.36409E+00    0.95059E+00
    0.37145E+00    0.91433E+00
    0.37895E+00    0.88068E+00
    0.38661E+00    0.84797E+00
    0.39442E+00    0.81506E+00
    0.40239E+00    0.78174E+00
    0.41052E+00    0.74855E+00
    0.41881E+00    0.71659E+00
    0.42727E+00    0.68669E+00
    0.43590E+00    0.65893E+00
    0.44471E+00    0.63289E+00
    0.45369E+00    0.60782E+00
    0.46286E+00    0.58314E+00
    0.47221E+00    0.55876E+00
    0.48174E+00    0.53506E+00
    0.49148E+00    0.51244E+00
    0.50141E+00    0.49111E+00
    0.51153E+00    0.47092E+00
    0.52187E+00    0.45150E+00
    0.53241E+00    0.43265E+00
    0.54317E+00    0.41429E+00
    0.55414E+00    0.39665E+00
    0.56533E+00    0.37981E+00
    0.57675E+00    0.36377E+00
    0.58840E+00    0.34839E+00
    0.60029E+00    0.33356E+00
    0.61242E+00    0.31929E+00
    0.62479E+00    0.30559E+00
    0.63741E+00    0.29244E+00
    0.65029E+00    0.27984E+00
    0.66342E+00    0.26777E+00
    0.67683E+00    0.25619E+00
    0.69050E+00    0.24510E+00
    0.70445E+00    0.23447E+00
    0.71868E+00    0.22427E+00
    0.73320E+00    0.21450E+00
    0.74801E+00    0.20514E+00
    0.76312E+00    0.19616E+00
    0.77854E+00    0.18756E+00
    0.79426E+00    0.17931E+00
    0.81031E+00    0.17141E+00
    0.82668E+00    0.16384E+00
    0.84338E+00    0.15659E+00
    0.86041E+00    0.14964E+00
    0.87780E+00    0.14299E+00
    0.89553E+00    0.13662E+00
    0.91362E+00    0.13053E+00
    0.93208E+00    0.12469E+00
    0.95091E+00    0.11911E+00
    0.97011E+00    0.11376E+00
    0.98971E+00    0.10865E+00
    0.10097E+01    0.10376E+00
    0.10301E+01    0.99082E-01
    0.10509E+01    0.94606E-01
    0.10721E+01    0.90325E-01
    0.10938E+01    0.86230E-01
    0.11159E+01    0.82314E-01
    0.11384E+01    0.78569E-01
    0.11614E+01    0.74988E-01
    0.11849E+01    0.71564E-01
    0.12088E+01    0.68291E-01
    0.12333E+01    0.65162E-01
    0.12582E+01    0.62171E-01
    0.12836E+01    0.59313E-01
    0.13095E+01    0.56582E-01
    0.13360E+01    0.53972E-01
    0.13630E+01    0.51480E-01
    0.13905E+01    0.49098E-01
    0.14186E+01    0.46824E-01
    0.14472E+01    0.44652E-01
    0.14765E+01    0.42577E-01
    0.15063E+01    0.40597E-01
    0.15367E+01    0.38705E-01
    0.15678E+01    0.36900E-01
    0.15994E+01    0.35176E-01
    0.16318E+01    0.33530E-01
    0.16647E+01    0.31959E-01
    0.16984E+01    0.30460E-01
    0.17327E+01    0.29029E-01
    0.17677E+01    0.27663E-01
    0.18034E+01    0.26360E-01
    0.18398E+01    0.25117E-01
    0.18770E+01    0.23931E-01
    0.19149E+01    0.22799E-01
    0.19536E+01    0.21720E-01
    0.19930E+01    0.20690E-01
    0.20333E+01    0.19708E-01
    0.20744E+01    0.18771E-01
    0.21163E+01    0.17878E-01
    0.21590E+01    0.17026E-01
    0.22026E+01    0.16214E-01
    0.22471E+01    0.15439E-01
    0.22925E+01    0.14701E-01
    0.23388E+01    0.13997E-01
    0.23861E+01    0.13326E-01
    0.24343E+01    0.12687E-01
    0.24835E+01    0.12077E-01
    0.25336E+01    0.11496E-01
    0.25848E+01    0.10943E-01
    0.26370E+01    0.10415E-01
    0.26903E+01    0.99124E-02
    0.27447E+01    0.94334E-02
    0.28001E+01    0.89772E-02
    0.28567E+01    0.85425E-02
    0.29144E+01    0.81284E-02
    0.29733E+01    0.77340E-02
    0.30333E+01    0.73584E-02
    0.30946E+01    0.70007E-02
    0.31571E+01    0.66600E-02
    0.32209E+01    0.63355E-02
    0.32860E+01    0.60266E-02
    0.33523E+01    0.57325E-02
    0.34201E+01    0.54524E-02
    0.34892E+01    0.51858E-02
    0.35596E+01    0.49319E-02
    0.36316E+01    0.46903E-02
    0.37049E+01    0.44602E-02
    0.37798E+01    0.42413E-02
    0.38561E+01    0.40329E-02
    0.39340E+01    0.38345E-02
    0.40135E+01    0.36457E-02
    0.40946E+01    0.34661E-02
    0.41773E+01    0.32951E-02
    0.42617E+01    0.31325E-02
    0.43478E+01    0.29777E-02
    0.44356E+01    0.28304E-02
    0.45252E+01    0.26904E-02
    0.46166E+01    0.25571E-02
    0.47099E+01    0.24303E-02
    0.48050E+01    0.23097E-02
    0.49021E+01    0.21950E-02
    0.50011E+01    0.20860E-02
    0.51021E+01    0.19822E-02
    0.52052E+01    0.18835E-02
    0.53104E+01    0.17897E-02
    0.54176E+01    0.17005E-02
    0.55271E+01    0.16156E-02
    0.56387E+01    0.15350E-02
    0.57526E+01    0.14582E-02
    0.58689E+01    0.13853E-02
    0.59874E+01    0.13160E-02
    0.61084E+01    0.12500E-02
    0.62318E+01    0.11874E-02
    0.63577E+01    0.11278E-02
    0.64861E+01    0.10712E-02
    0.66171E+01    0.10174E-02
    0.67508E+01    0.96622E-03
    0.68872E+01    0.91760E-03
    0.70263E+01    0.87140E-03
    0.71682E+01    0.82749E-03
    0.73130E+01    0.78577E-03
    0.74608E+01    0.74612E-03
    0.76115E+01    0.70845E-03
    0.77653E+01    0.67265E-03
    0.79221E+01    0.63864E-03
    0.80822E+01    0.60633E-03
    0.82454E+01    0.57563E-03
    0.84120E+01    0.54646E-03
    0.85819E+01    0.51876E-03
    0.87553E+01    0.49244E-03
    0.89322E+01    0.46745E-03
    0.91126E+01    0.44370E-03
    0.92967E+01    0.42115E-03
    0.94845E+01    0.39973E-03
    0.96761E+01    0.37938E-03
    0.98716E+01    0.36006E-03
    0.10071E+02    0.34172E-03
    0.10274E+02    0.32429E-03
    0.10482E+02    0.30775E-03
    0.10694E+02    0.29204E-03
    0.10910E+02    0.27712E-03
    0.11130E+02    0.26295E-03
    0.11355E+02    0.24951E-03
    0.11584E+02    0.23674E-03
    0.11818E+02    0.22462E-03
    0.12057E+02    0.21311E-03
    0.12301E+02    0.20218E-03
    0.12549E+02    0.19181E-03
    0.12803E+02    0.18197E-03
    0.13061E+02    0.17262E-03
    0.13325E+02    0.16376E-03
    0.13594E+02    0.15534E-03
    0.13869E+02    0.14735E-03
    0.14149E+02    0.13976E-03
    0.14435E+02    0.13257E-03
    0.14727E+02    0.12574E-03
    0.15024E+02    0.11926E-03
    0.15328E+02    0.11311E-03
    0.15637E+02    0.10727E-03
    0.15953E+02    0.10173E-03
    0.16275E+02    0.96476E-04
    0.16604E+02    0.91490E-04
    0.16940E+02    0.86759E-04
    0.17282E+02    0.82270E-04
    0.17631E+02    0.78012E-04
    0.17987E+02    0.73972E-04
    0.18351E+02    0.70139E-04
    0.18721E+02    0.66503E-04
    0.19099E+02    0.63053E-04
    0.19485E+02    0.59781E-04
    0.19879E+02    0.56678E-04
    0.20280E+02    0.53734E-04
    0.20690E+02    0.50941E-04
    0.21108E+02    0.48292E-04
    0.21535E+02    0.45780E-04
    0.21970E+02    0.43398E-04
    0.22413E+02    0.41138E-04
    0.22866E+02    0.38995E-04
    0.23328E+02    0.36963E-04
    0.23799E+02    0.35035E-04
    0.24280E+02    0.33208E-04
    0.24771E+02    0.31474E-04
    0.25271E+02    0.29831E-04
    0.25782E+02    0.28273E-04
    0.26302E+02    0.26795E-04
    0.26834E+02    0.25394E-04
    0.27376E+02    0.24066E-04
    0.27929E+02    0.22806E-04
    0.28493E+02    0.21612E-04
    0.29069E+02    0.20480E-04
    0.29656E+02    0.19407E-04
    0.30255E+02    0.18390E-04
    0.30866E+02    0.17425E-04
    0.31490E+02    0.16511E-04
    0.32126E+02    0.15644E-04
    0.32775E+02    0.14822E-04
    0.33437E+02    0.14044E-04
    0.34112E+02    0.13305E-04
    0.34801E+02    0.12606E-04
    0.35504E+02    0.11943E-04
    0.36222E+02    0.11314E-04
    0.36953E+02    0.10718E-04
    0.37700E+02    0.10154E-04
    0.38462E+02    0.96186E-05
    0.39239E+02    0.91115E-05
    0.40031E+02    0.86309E-05
    0.40840E+02    0.81755E-05
    0.41665E+02    0.77439E-05
    0.42507E+02    0.73349E-05
    0.43365E+02    0.69474E-05
    0.44241E+02    0.65802E-05
    0.45135E+02    0.62323E-05
    0.46047E+02    0.59026E-05
    0.46977E+02    0.55902E-05
    0.47926E+02    0.52942E-05
    0.48894E+02    0.50138E-05
    0.49882E+02    0.47481E-05
    0.50890E+02    0.44964E-05
    0.51918E+02    0.42580E-05
    0.52966E+02    0.40320E-05
    0.54036E+02    0.38180E-05
    0.55128E+02    0.36153E-05
    0.56242E+02    0.34232E-05
    0.57378E+02    0.32413E-05
    0.58537E+02    0.30689E-05
    0.59720E+02    0.29057E-05
    0.60926E+02    0.27510E-05
    0.62157E+02    0.26046E-05
    0.63412E+02    0.24658E-05
    0.64693E+02    0.23344E-05
    0.66000E+02    0.22100E-05
    0.67334E+02    0.20921E-05
    0.68694E+02    0.19805E-05
    0.70082E+02    0.18747E-05
    0.71497E+02    0.17746E-05
    0.72942E+02    0.16798E-05
    0.74415E+02    0.15900E-05
    0.75918E+02    0.15050E-05
    0.77452E+02    0.14244E-05
    0.79017E+02    0.13482E-05
    0.80613E+02    0.12760E-05
    0.82241E+02    0.12076E-05
    0.83903E+02    0.11429E-05
    0.85598E+02    0.10816E-05
    0.87327E+02    0.10236E-05
    0.89091E+02    0.96859E-06
    0.90891E+02    0.91654E-06
    0.92727E+02    0.86726E-06
    0.94600E+02    0.82059E-06
    0.96511E+02    0.77641E-06
    0.98461E+02    0.73458E-06
    0.10045E+03    0.69499E-06
    0.10248E+03    0.65751E-06
    0.10455E+03    0.62204E-06
    0.10666E+03    0.58847E-06
    0.10882E+03    0.55671E-06
    0.11101E+03    0.52665E-06
    0.11326E+03    0.49822E-06
