#          k/h    CDM            baryon         photon         nu             mass_nu        total          no_nu          total_de       Weyl           v_CDM          v_b            v_b-v_c     
   0.105171E-04   0.125633E+08   0.125633E+08   0.167459E+08   0.167457E+08   0.125635E+08   0.125633E+08   0.125633E+08   0.125713E+08  -0.570211E+00   0.108206E+08   0.108206E+08   0.913222E+01
   0.116124E-04   0.125633E+08   0.125633E+08   0.167448E+08   0.167446E+08   0.125635E+08   0.125633E+08   0.125633E+08   0.125713E+08  -0.570211E+00   0.108206E+08   0.108206E+08   0.100830E+02
   0.128218E-04   0.125633E+08   0.125633E+08   0.167434E+08   0.167432E+08   0.125635E+08   0.125633E+08   0.125633E+08   0.125713E+08  -0.570211E+00   0.108206E+08   0.108206E+08   0.111328E+02
   0.141570E-04   0.125632E+08   0.125632E+08   0.167418E+08   0.167414E+08   0.125635E+08   0.125633E+08   0.125632E+08   0.125713E+08  -0.570210E+00   0.108206E+08   0.108206E+08   0.122918E+02
   0.156314E-04   0.125632E+08   0.125632E+08   0.167398E+08   0.167393E+08   0.125635E+08   0.125633E+08   0.125632E+08   0.125713E+08  -0.570210E+00   0.108206E+08   0.108206E+08   0.135714E+02
   0.172593E-04   0.125632E+08   0.125632E+08   0.167373E+08   0.167368E+08   0.125635E+08   0.125632E+08   0.125632E+08   0.125713E+08  -0.570210E+00   0.108206E+08   0.108206E+08   0.149840E+02
   0.190567E-04   0.125632E+08   0.125632E+08   0.167343E+08   0.167337E+08   0.125635E+08   0.125632E+08   0.125632E+08   0.125713E+08  -0.570209E+00   0.108206E+08   0.108206E+08   0.165435E+02
   0.210413E-04   0.125632E+08   0.125632E+08   0.167306E+08   0.167299E+08   0.125635E+08   0.125632E+08   0.125632E+08   0.125713E+08  -0.570209E+00   0.108206E+08   0.108206E+08   0.182650E+02
   0.232326E-04   0.125632E+08   0.125632E+08   0.167261E+08   0.167252E+08   0.125635E+08   0.125632E+08   0.125632E+08   0.125712E+08  -0.570208E+00   0.108206E+08   0.108206E+08   0.201654E+02
   0.256521E-04   0.125632E+08   0.125632E+08   0.167207E+08   0.167196E+08   0.125634E+08   0.125632E+08   0.125632E+08   0.125712E+08  -0.570207E+00   0.108206E+08   0.108206E+08   0.222631E+02
   0.283236E-04   0.125632E+08   0.125632E+08   0.167140E+08   0.167127E+08   0.125634E+08   0.125632E+08   0.125632E+08   0.125712E+08  -0.570206E+00   0.108206E+08   0.108206E+08   0.245783E+02
   0.312733E-04   0.125632E+08   0.125631E+08   0.167059E+08   0.167043E+08   0.125634E+08   0.125632E+08   0.125632E+08   0.125712E+08  -0.570205E+00   0.108206E+08   0.108206E+08   0.271336E+02
   0.345301E-04   0.125631E+08   0.125631E+08   0.166961E+08   0.166941E+08   0.125634E+08   0.125631E+08   0.125631E+08   0.125711E+08  -0.570203E+00   0.108205E+08   0.108205E+08   0.299535E+02
   0.381262E-04   0.125631E+08   0.125631E+08   0.166841E+08   0.166816E+08   0.125633E+08   0.125631E+08   0.125631E+08   0.125711E+08  -0.570201E+00   0.108205E+08   0.108205E+08   0.330651E+02
   0.420968E-04   0.125630E+08   0.125630E+08   0.166694E+08   0.166665E+08   0.125633E+08   0.125631E+08   0.125630E+08   0.125711E+08  -0.570199E+00   0.108205E+08   0.108205E+08   0.364979E+02
   0.464808E-04   0.125630E+08   0.125630E+08   0.166516E+08   0.166480E+08   0.125632E+08   0.125630E+08   0.125630E+08   0.125710E+08  -0.570196E+00   0.108204E+08   0.108204E+08   0.402846E+02
   0.513214E-04   0.125629E+08   0.125629E+08   0.166299E+08   0.166255E+08   0.125632E+08   0.125629E+08   0.125629E+08   0.125709E+08  -0.570193E+00   0.108204E+08   0.108204E+08   0.444607E+02
   0.566662E-04   0.125629E+08   0.125629E+08   0.166034E+08   0.165981E+08   0.125631E+08   0.125629E+08   0.125629E+08   0.125708E+08  -0.570189E+00   0.108203E+08   0.108203E+08   0.490651E+02
   0.625675E-04   0.125628E+08   0.125628E+08   0.165713E+08   0.165647E+08   0.125630E+08   0.125628E+08   0.125628E+08   0.125707E+08  -0.570184E+00   0.108202E+08   0.108202E+08   0.541400E+02
   0.690835E-04   0.125627E+08   0.125626E+08   0.165321E+08   0.165242E+08   0.125629E+08   0.125627E+08   0.125627E+08   0.125706E+08  -0.570177E+00   0.108201E+08   0.108201E+08   0.597315E+02
   0.762780E-04   0.125625E+08   0.125625E+08   0.164845E+08   0.164749E+08   0.125627E+08   0.125625E+08   0.125625E+08   0.125705E+08  -0.570170E+00   0.108200E+08   0.108200E+08   0.658891E+02
   0.842218E-04   0.125624E+08   0.125623E+08   0.164266E+08   0.164149E+08   0.125626E+08   0.125624E+08   0.125624E+08   0.125703E+08  -0.570161E+00   0.108199E+08   0.108199E+08   0.726664E+02
   0.929929E-04   0.125622E+08   0.125621E+08   0.163564E+08   0.163421E+08   0.125623E+08   0.125622E+08   0.125622E+08   0.125700E+08  -0.570150E+00   0.108197E+08   0.108197E+08   0.801203E+02
   0.102677E-03   0.125619E+08   0.125619E+08   0.162711E+08   0.162538E+08   0.125621E+08   0.125619E+08   0.125619E+08   0.125697E+08  -0.570136E+00   0.108195E+08   0.108195E+08   0.883115E+02
   0.113370E-03   0.125616E+08   0.125616E+08   0.161677E+08   0.161467E+08   0.125618E+08   0.125616E+08   0.125616E+08   0.125694E+08  -0.570120E+00   0.108193E+08   0.108192E+08   0.973034E+02
   0.125177E-03   0.125613E+08   0.125612E+08   0.160424E+08   0.160170E+08   0.125614E+08   0.125613E+08   0.125613E+08   0.125690E+08  -0.570099E+00   0.108190E+08   0.108189E+08   0.107162E+03
   0.138213E-03   0.125609E+08   0.125608E+08   0.158910E+08   0.158602E+08   0.125609E+08   0.125608E+08   0.125608E+08   0.125685E+08  -0.570075E+00   0.108186E+08   0.108185E+08   0.117953E+03
   0.152607E-03   0.125603E+08   0.125602E+08   0.157083E+08   0.156711E+08   0.125603E+08   0.125603E+08   0.125603E+08   0.125679E+08  -0.570045E+00   0.108181E+08   0.108181E+08   0.129742E+03
   0.168500E-03   0.125597E+08   0.125596E+08   0.154882E+08   0.154434E+08   0.125596E+08   0.125597E+08   0.125597E+08   0.125671E+08  -0.570009E+00   0.108176E+08   0.108175E+08   0.142592E+03
   0.186048E-03   0.125589E+08   0.125588E+08   0.152239E+08   0.151700E+08   0.125588E+08   0.125589E+08   0.125589E+08   0.125662E+08  -0.569965E+00   0.108169E+08   0.108168E+08   0.156556E+03
   0.205424E-03   0.125580E+08   0.125578E+08   0.149075E+08   0.148428E+08   0.125578E+08   0.125579E+08   0.125579E+08   0.125651E+08  -0.569912E+00   0.108161E+08   0.108160E+08   0.171678E+03
   0.226817E-03   0.125568E+08   0.125566E+08   0.145303E+08   0.144530E+08   0.125565E+08   0.125568E+08   0.125568E+08   0.125637E+08  -0.569848E+00   0.108151E+08   0.108149E+08   0.187982E+03
   0.250438E-03   0.125554E+08   0.125551E+08   0.140828E+08   0.139909E+08   0.125550E+08   0.125553E+08   0.125554E+08   0.125621E+08  -0.569769E+00   0.108139E+08   0.108137E+08   0.205465E+03
   0.276520E-03   0.125537E+08   0.125534E+08   0.135553E+08   0.134466E+08   0.125531E+08   0.125536E+08   0.125536E+08   0.125601E+08  -0.569675E+00   0.108124E+08   0.108122E+08   0.224084E+03
   0.305317E-03   0.125516E+08   0.125513E+08   0.129379E+08   0.128102E+08   0.125509E+08   0.125516E+08   0.125516E+08   0.125578E+08  -0.569561E+00   0.108106E+08   0.108104E+08   0.243748E+03
   0.337113E-03   0.125491E+08   0.125487E+08   0.122221E+08   0.120733E+08   0.125482E+08   0.125490E+08   0.125491E+08   0.125549E+08  -0.569424E+00   0.108085E+08   0.108082E+08   0.264296E+03
   0.372221E-03   0.125461E+08   0.125456E+08   0.114016E+08   0.112299E+08   0.125449E+08   0.125460E+08   0.125460E+08   0.125514E+08  -0.569259E+00   0.108059E+08   0.108055E+08   0.285482E+03
   0.410985E-03   0.125425E+08   0.125418E+08   0.104743E+08   0.102788E+08   0.125409E+08   0.125423E+08   0.125424E+08   0.125473E+08  -0.569061E+00   0.108027E+08   0.108023E+08   0.306953E+03
   0.453786E-03   0.125381E+08   0.125373E+08   0.944462E+07   0.922524E+07   0.125361E+08   0.125379E+08   0.125379E+08   0.125424E+08  -0.568825E+00   0.107989E+08   0.107984E+08   0.328232E+03
   0.501045E-03   0.125328E+08   0.125319E+08   0.832593E+07   0.808457E+07   0.125304E+08   0.125326E+08   0.125326E+08   0.125365E+08  -0.568545E+00   0.107943E+08   0.107937E+08   0.348700E+03
   0.553225E-03   0.125264E+08   0.125253E+08   0.714362E+07   0.688435E+07   0.125234E+08   0.125262E+08   0.125263E+08   0.125296E+08  -0.568212E+00   0.107888E+08   0.107881E+08   0.367593E+03
   0.610839E-03   0.125189E+08   0.125176E+08   0.593682E+07   0.566656E+07   0.125151E+08   0.125186E+08   0.125187E+08   0.125214E+08  -0.567820E+00   0.107822E+08   0.107814E+08   0.384016E+03
   0.674453E-03   0.125098E+08   0.125083E+08   0.475854E+07   0.448732E+07   0.125052E+08   0.125095E+08   0.125096E+08   0.125117E+08  -0.567360E+00   0.107743E+08   0.107734E+08   0.396977E+03
   0.744692E-03   0.124991E+08   0.124974E+08   0.367214E+07   0.341282E+07   0.124935E+08   0.124987E+08   0.124988E+08   0.125004E+08  -0.566823E+00   0.107650E+08   0.107640E+08   0.405466E+03
   0.822246E-03   0.124864E+08   0.124844E+08   0.274255E+07   0.250967E+07   0.124795E+08   0.124859E+08   0.124861E+08   0.124872E+08  -0.566199E+00   0.107539E+08   0.107528E+08   0.408569E+03
   0.907877E-03   0.124715E+08   0.124693E+08   0.202155E+07   0.182906E+07   0.124630E+08   0.124709E+08   0.124711E+08   0.124718E+08  -0.565478E+00   0.107409E+08   0.107396E+08   0.405615E+03
   0.100243E-02   0.124540E+08   0.124515E+08   0.152921E+07   0.138715E+07   0.124436E+08   0.124533E+08   0.124536E+08   0.124540E+08  -0.564646E+00   0.107256E+08   0.107243E+08   0.396338E+03
   0.110682E-02   0.124336E+08   0.124308E+08   0.123840E+07   0.114934E+07   0.124209E+08   0.124328E+08   0.124332E+08   0.124334E+08  -0.563688E+00   0.107078E+08   0.107063E+08   0.380989E+03
   0.122209E-02   0.124099E+08   0.124069E+08   0.107421E+07   0.103119E+07   0.123943E+08   0.124089E+08   0.124094E+08   0.124095E+08  -0.562588E+00   0.106871E+08   0.106856E+08   0.360361E+03
   0.134936E-02   0.123824E+08   0.123792E+08   0.940258E+06   0.928086E+06   0.123634E+08   0.123813E+08   0.123819E+08   0.123818E+08  -0.561322E+00   0.106631E+08   0.106616E+08   0.335659E+03
   0.148988E-02   0.123507E+08   0.123474E+08   0.769954E+06   0.770678E+06   0.123275E+08   0.123495E+08   0.123502E+08   0.123499E+08  -0.559867E+00   0.106356E+08   0.106340E+08   0.308261E+03
   0.164504E-02   0.123142E+08   0.123108E+08   0.572072E+06   0.572240E+06   0.122860E+08   0.123128E+08   0.123137E+08   0.123131E+08  -0.558196E+00   0.106039E+08   0.106024E+08   0.279504E+03
   0.181636E-02   0.122723E+08   0.122689E+08   0.418077E+06   0.412507E+06   0.122380E+08   0.122708E+08   0.122718E+08   0.122710E+08  -0.556280E+00   0.105676E+08   0.105661E+08   0.250641E+03
   0.200552E-02   0.122244E+08   0.122210E+08   0.353991E+06   0.343097E+06   0.121828E+08   0.122226E+08   0.122239E+08   0.122228E+08  -0.554090E+00   0.105261E+08   0.105246E+08   0.222982E+03
   0.221438E-02   0.121697E+08   0.121662E+08   0.327132E+06   0.245453E+06   0.121193E+08   0.121676E+08   0.121691E+08   0.121678E+08  -0.551591E+00   0.104787E+08   0.104772E+08   0.197905E+03
   0.244500E-02   0.121073E+08   0.121039E+08   0.259263E+06   0.200306E+06   0.120465E+08   0.121050E+08   0.121068E+08   0.121051E+08  -0.548747E+00   0.104247E+08   0.104233E+08   0.176409E+03
   0.269962E-02   0.120365E+08   0.120330E+08   0.182120E+06   0.163340E+06   0.119633E+08   0.120338E+08   0.120360E+08   0.120339E+08  -0.545516E+00   0.103634E+08   0.103620E+08   0.158575E+03
   0.298077E-02   0.119563E+08   0.119526E+08   0.157528E+06   0.133085E+06   0.118683E+08   0.119531E+08   0.119557E+08   0.119532E+08  -0.541856E+00   0.102939E+08   0.102925E+08   0.143675E+03
   0.329119E-02   0.118657E+08   0.118617E+08   0.131376E+06   0.108331E+06   0.117603E+08   0.118619E+08   0.118651E+08   0.118620E+08  -0.537720E+00   0.102155E+08   0.102140E+08   0.130702E+03
   0.363395E-02   0.117636E+08   0.117594E+08   0.991935E+05   0.880892E+05   0.116379E+08   0.117592E+08   0.117629E+08   0.117592E+08  -0.533061E+00   0.101270E+08   0.101256E+08   0.118606E+03
   0.401240E-02   0.116489E+08   0.116444E+08   0.913218E+05   0.715454E+05   0.114996E+08   0.116438E+08   0.116482E+08   0.116438E+08  -0.527827E+00   0.100277E+08   0.100263E+08   0.106873E+03
   0.443026E-02   0.115205E+08   0.115157E+08   0.625981E+05   0.580328E+05   0.113441E+08   0.115145E+08   0.115198E+08   0.115145E+08  -0.521967E+00   0.991653E+07   0.991510E+07   0.958678E+02
   0.489163E-02   0.113773E+08   0.113720E+08   0.545933E+05   0.470037E+05   0.111698E+08   0.113702E+08   0.113764E+08   0.113703E+08  -0.515426E+00   0.979242E+07   0.979101E+07   0.860986E+02
   0.540106E-02   0.112179E+08   0.112122E+08   0.402203E+05   0.380092E+05   0.109755E+08   0.112098E+08   0.112170E+08   0.112098E+08  -0.508151E+00   0.965439E+07   0.965297E+07   0.776757E+02
   0.596354E-02   0.110413E+08   0.110350E+08   0.316982E+05   0.306809E+05   0.107601E+08   0.110319E+08   0.110403E+08   0.110320E+08  -0.500089E+00   0.950143E+07   0.950002E+07   0.700982E+02
   0.658460E-02   0.108465E+08   0.108394E+08   0.298889E+05   0.247167E+05   0.105224E+08   0.108357E+08   0.108453E+08   0.108357E+08  -0.491192E+00   0.933263E+07   0.933123E+07   0.630294E+02
   0.727033E-02   0.106323E+08   0.106243E+08   0.242702E+05   0.198687E+05   0.102618E+08   0.106200E+08   0.106310E+08   0.106200E+08  -0.481413E+00   0.914710E+07   0.914571E+07   0.566793E+02
   0.802749E-02   0.103979E+08   0.103889E+08   0.174816E+05   0.159336E+05   0.997766E+07   0.103839E+08   0.103964E+08   0.103839E+08  -0.470712E+00   0.894408E+07   0.894270E+07   0.511122E+02
   0.886349E-02   0.101425E+08   0.101322E+08   0.143542E+05   0.127444E+05   0.966942E+07   0.101267E+08   0.101408E+08   0.101267E+08  -0.459054E+00   0.872292E+07   0.872155E+07   0.460690E+02
   0.978655E-02   0.986547E+07   0.985379E+07   0.118614E+05   0.101644E+05   0.933685E+07   0.984785E+07   0.986361E+07   0.984785E+07  -0.446411E+00   0.848308E+07   0.848172E+07   0.415456E+02
   0.108057E-01   0.956636E+07   0.955297E+07   0.908125E+04   0.808115E+04   0.897989E+07   0.954675E+07   0.956423E+07   0.954675E+07  -0.432762E+00   0.822416E+07   0.822279E+07   0.375450E+02
   0.119311E-01   0.924484E+07   0.922945E+07   0.744470E+04   0.640270E+04   0.859877E+07   0.922313E+07   0.924239E+07   0.922313E+07  -0.418092E+00   0.794587E+07   0.794450E+07   0.339622E+02
   0.131736E-01   0.890075E+07   0.888305E+07   0.522249E+04   0.505359E+04   0.819441E+07   0.887688E+07   0.889793E+07   0.887688E+07  -0.402396E+00   0.764812E+07   0.764675E+07   0.307904E+02
   0.145456E-01   0.853418E+07   0.851384E+07   0.470284E+04   0.397205E+04   0.776814E+07   0.850812E+07   0.853095E+07   0.850812E+07  -0.385680E+00   0.733100E+07   0.732963E+07   0.279636E+02
   0.160604E-01   0.814552E+07   0.812220E+07   0.347125E+04   0.310754E+04   0.732149E+07   0.811726E+07   0.814181E+07   0.811726E+07  -0.367962E+00   0.699487E+07   0.699349E+07   0.254468E+02
   0.177329E-01   0.773543E+07   0.770883E+07   0.258669E+04   0.241874E+04   0.685599E+07   0.770501E+07   0.773120E+07   0.770501E+07  -0.349274E+00   0.664032E+07   0.663894E+07   0.231924E+02
   0.195797E-01   0.730503E+07   0.727487E+07   0.206909E+04   0.187193E+04   0.637351E+07   0.727250E+07   0.730023E+07   0.727251E+07  -0.329668E+00   0.626833E+07   0.626694E+07   0.211522E+02
   0.216188E-01   0.685790E+07   0.682402E+07   0.140032E+04   0.144000E+04   0.587414E+07   0.682324E+07   0.685251E+07   0.682324E+07  -0.309303E+00   0.588190E+07   0.588050E+07   0.192817E+02
   0.238702E-01   0.639362E+07   0.635601E+07   0.126572E+04   0.109998E+04   0.536950E+07   0.635717E+07   0.638763E+07   0.635717E+07  -0.288175E+00   0.548095E+07   0.547954E+07   0.175273E+02
   0.263561E-01   0.591898E+07   0.587789E+07   0.940348E+03   0.834272E+03   0.486442E+07   0.588109E+07   0.591244E+07   0.588109E+07  -0.266594E+00   0.507133E+07   0.506992E+07   0.158440E+02
   0.291009E-01   0.544020E+07   0.539619E+07   0.611513E+03   0.628130E+03   0.436571E+07   0.540126E+07   0.543320E+07   0.540126E+07  -0.244843E+00   0.465842E+07   0.465703E+07   0.141871E+02
   0.321315E-01   0.496769E+07   0.492171E+07   0.514009E+03   0.469805E+03   0.388322E+07   0.492815E+07   0.496038E+07   0.492815E+07  -0.223396E+00   0.425123E+07   0.424988E+07   0.125264E+02
   0.354778E-01   0.451198E+07   0.446543E+07   0.348757E+03   0.349482E+03   0.342692E+07   0.447233E+07   0.450458E+07   0.447233E+07  -0.202734E+00   0.385887E+07   0.385758E+07   0.108397E+02
   0.391725E-01   0.408458E+07   0.403927E+07   0.280204E+03   0.259107E+03   0.300668E+07   0.404534E+07   0.407738E+07   0.404534E+07  -0.183378E+00   0.349127E+07   0.349006E+07   0.912761E+01
   0.432520E-01   0.369723E+07   0.365521E+07   0.189897E+03   0.192077E+03   0.263036E+07   0.365882E+07   0.369055E+07   0.365882E+07  -0.165857E+00   0.315849E+07   0.315741E+07   0.742025E+01
   0.475772E-01   0.336869E+07   0.333174E+07   0.148055E+03   0.144420E+03   0.231286E+07   0.333140E+07   0.336281E+07   0.333140E+07  -0.151015E+00   0.287658E+07   0.287565E+07   0.583933E+01
   0.519024E-01   0.311119E+07   0.308012E+07   0.114747E+03   0.111927E+03   0.206280E+07   0.307503E+07   0.310625E+07   0.307503E+07  -0.139393E+00   0.265587E+07   0.265508E+07   0.451956E+01
   0.562276E-01   0.290269E+07   0.287745E+07   0.911108E+02   0.888693E+02   0.185958E+07   0.286758E+07   0.289867E+07   0.286758E+07  -0.129990E+00   0.247730E+07   0.247665E+07   0.347097E+01
   0.605528E-01   0.272630E+07   0.270616E+07   0.737016E+02   0.718867E+02   0.168848E+07   0.269214E+07   0.272310E+07   0.269214E+07  -0.122037E+00   0.232629E+07   0.232574E+07   0.268742E+01
   0.648780E-01   0.256994E+07   0.255365E+07   0.604512E+02   0.589611E+02   0.153947E+07   0.253659E+07   0.256735E+07   0.253659E+07  -0.114985E+00   0.219238E+07   0.219191E+07   0.214476E+01
   0.692032E-01   0.242310E+07   0.240923E+07   0.500370E+02   0.488025E+02   0.140452E+07   0.239048E+07   0.242089E+07   0.239048E+07  -0.108362E+00   0.206655E+07   0.206613E+07   0.180266E+01
   0.735284E-01   0.227876E+07   0.226591E+07   0.416330E+02   0.406049E+02   0.127866E+07   0.224685E+07   0.227671E+07   0.224685E+07  -0.101851E+00   0.194281E+07   0.194241E+07   0.161182E+01
   0.778536E-01   0.213470E+07   0.212174E+07   0.347447E+02   0.338860E+02   0.116004E+07   0.210354E+07   0.213264E+07   0.210354E+07  -0.953549E-01   0.181927E+07   0.181887E+07   0.152123E+01
   0.821788E-01   0.199276E+07   0.197893E+07   0.290731E+02   0.283540E+02   0.104919E+07   0.196239E+07   0.199056E+07   0.196239E+07  -0.889567E-01   0.169755E+07   0.169714E+07   0.148406E+01
   0.865040E-01   0.185681E+07   0.184183E+07   0.244174E+02   0.238130E+02   0.947616E+06   0.182730E+07   0.185443E+07   0.182730E+07  -0.828326E-01   0.158100E+07   0.158058E+07   0.146201E+01
   0.908292E-01   0.173064E+07   0.171462E+07   0.206168E+02   0.201061E+02   0.856522E+06   0.170201E+07   0.172809E+07   0.170201E+07  -0.771535E-01   0.147289E+07   0.147245E+07   0.142782E+01
   0.961876E-01   0.159215E+07   0.157548E+07   0.168884E+02   0.164696E+02   0.759114E+06   0.156465E+07   0.158950E+07   0.156465E+07  -0.709267E-01   0.135433E+07   0.135389E+07   0.134676E+01
   0.101546E+00   0.147666E+07   0.146031E+07   0.140360E+02   0.136877E+02   0.678798E+06   0.145026E+07   0.147406E+07   0.145026E+07  -0.657413E-01   0.125558E+07   0.125517E+07   0.121862E+01
   0.106904E+00   0.138492E+07   0.136985E+07   0.118647E+02   0.115700E+02   0.614296E+06   0.135954E+07   0.138252E+07   0.135954E+07  -0.616288E-01   0.117728E+07   0.117690E+07   0.105675E+01
   0.112263E+00   0.131363E+07   0.130049E+07   0.101960E+02   0.994256E+01   0.562665E+06   0.128913E+07   0.131154E+07   0.128913E+07  -0.584373E-01   0.111653E+07   0.111619E+07   0.884064E+00
   0.117621E+00   0.125614E+07   0.124515E+07   0.887460E+01   0.865385E+01   0.519930E+06   0.123242E+07   0.125440E+07   0.123242E+07  -0.558664E-01   0.106760E+07   0.106732E+07   0.724097E+00
   0.122980E+00   0.120517E+07   0.119611E+07   0.778277E+01   0.758904E+01   0.482333E+06   0.118214E+07   0.120373E+07   0.118214E+07  -0.535874E-01   0.102423E+07   0.102398E+07   0.594595E+00
   0.128338E+00   0.115506E+07   0.114739E+07   0.684399E+01   0.667350E+01   0.447229E+06   0.113269E+07   0.115384E+07   0.113269E+07  -0.513458E-01   0.981551E+06   0.981333E+06   0.504169E+00
   0.133696E+00   0.110266E+07   0.109570E+07   0.601533E+01   0.586538E+01   0.413245E+06   0.108096E+07   0.110155E+07   0.108096E+07  -0.490005E-01   0.936872E+06   0.936669E+06   0.451903E+00
   0.139055E+00   0.104730E+07   0.104042E+07   0.527679E+01   0.514518E+01   0.380083E+06   0.102627E+07   0.104620E+07   0.102627E+07  -0.465217E-01   0.889619E+06   0.889418E+06   0.429399E+00
   0.144413E+00   0.990216E+06   0.982980E+06   0.462149E+01   0.450614E+01   0.348161E+06   0.969888E+06   0.989065E+06   0.969888E+06  -0.439657E-01   0.840872E+06   0.840665E+06   0.424267E+00
   0.149771E+00   0.933768E+06   0.926005E+06   0.404795E+01   0.394687E+01   0.318228E+06   0.914152E+06   0.932533E+06   0.914152E+06  -0.414392E-01   0.792669E+06   0.792455E+06   0.423865E+00
   0.155130E+00   0.880755E+06   0.872556E+06   0.355569E+01   0.346685E+01   0.291087E+06   0.861846E+06   0.879451E+06   0.861846E+06  -0.390681E-01   0.747420E+06   0.747202E+06   0.418333E+00
   0.160488E+00   0.833783E+06   0.825425E+06   0.314243E+01   0.306387E+01   0.267375E+06   0.815545E+06   0.832453E+06   0.815545E+06  -0.369692E-01   0.707363E+06   0.707146E+06   0.402276E+00
   0.165847E+00   0.794378E+06   0.786220E+06   0.280156E+01   0.273148E+01   0.247305E+06   0.776750E+06   0.793080E+06   0.776750E+06  -0.352106E-01   0.673801E+06   0.673592E+06   0.374940E+00
   0.171205E+00   0.762320E+06   0.754690E+06   0.252131E+01   0.245822E+01   0.230524E+06   0.745230E+06   0.761106E+06   0.745230E+06  -0.337818E-01   0.646539E+06   0.646343E+06   0.339211E+00
   0.176563E+00   0.735946E+06   0.729056E+06   0.228741E+01   0.223013E+01   0.216280E+06   0.719333E+06   0.734850E+06   0.719333E+06  -0.326079E-01   0.624144E+06   0.623965E+06   0.300037E+00
   0.181922E+00   0.713109E+06   0.707019E+06   0.208682E+01   0.203455E+01   0.203759E+06   0.696929E+06   0.712140E+06   0.696929E+06  -0.315923E-01   0.604771E+06   0.604610E+06   0.262739E+00
   0.187280E+00   0.691821E+06   0.686439E+06   0.190948E+01   0.186163E+01   0.192275E+06   0.676044E+06   0.690965E+06   0.676044E+06  -0.306455E-01   0.586711E+06   0.586565E+06   0.231561E+00
   0.192639E+00   0.670390E+06   0.665519E+06   0.174800E+01   0.170418E+01   0.181294E+06   0.655004E+06   0.669615E+06   0.655004E+06  -0.296918E-01   0.568510E+06   0.568375E+06   0.208757E+00
   0.197997E+00   0.647658E+06   0.643059E+06   0.159775E+01   0.155768E+01   0.170482E+06   0.632671E+06   0.646927E+06   0.632671E+06  -0.286794E-01   0.549183E+06   0.549053E+06   0.194399E+00
   0.203355E+00   0.623407E+06   0.618860E+06   0.145715E+01   0.142058E+01   0.159779E+06   0.608833E+06   0.622684E+06   0.608833E+06  -0.275988E-01   0.528543E+06   0.528415E+06   0.186803E+00
   0.208714E+00   0.598346E+06   0.593703E+06   0.132692E+01   0.129361E+01   0.149369E+06   0.584196E+06   0.597608E+06   0.584196E+06  -0.264820E-01   0.507204E+06   0.507075E+06   0.183288E+00
   0.214072E+00   0.573606E+06   0.568810E+06   0.120847E+01   0.117812E+01   0.139517E+06   0.559877E+06   0.572843E+06   0.559877E+06  -0.253796E-01   0.486136E+06   0.486006E+06   0.180986E+00
   0.219430E+00   0.550233E+06   0.545318E+06   0.110269E+01   0.107499E+01   0.130444E+06   0.536914E+06   0.549451E+06   0.536914E+06  -0.243387E-01   0.466240E+06   0.466108E+06   0.177538E+00
   0.224789E+00   0.529014E+06   0.524078E+06   0.100971E+01   0.984333E+00   0.122284E+06   0.516083E+06   0.528229E+06   0.516083E+06  -0.233944E-01   0.448189E+06   0.448059E+06   0.171554E+00
   0.230147E+00   0.510399E+06   0.505566E+06   0.928922E+00   0.905571E+00   0.115079E+06   0.497824E+06   0.509630E+06   0.497824E+06  -0.225667E-01   0.432369E+06   0.432242E+06   0.162743E+00
   0.235506E+00   0.494388E+06   0.489775E+06   0.858969E+00   0.837370E+00   0.108768E+06   0.482138E+06   0.493654E+06   0.482138E+06  -0.218556E-01   0.418777E+06   0.418657E+06   0.151740E+00
   0.240864E+00   0.480530E+06   0.476213E+06   0.797888E+00   0.777819E+00   0.103194E+06   0.468573E+06   0.479843E+06   0.468573E+06  -0.212408E-01   0.407027E+06   0.406913E+06   0.139741E+00
   0.246222E+00   0.468097E+06   0.464100E+06   0.743554E+00   0.724845E+00   0.981541E+05   0.456411E+06   0.467461E+06   0.456411E+06  -0.206894E-01   0.396490E+06   0.396384E+06   0.128084E+00
   0.251581E+00   0.456313E+06   0.452608E+06   0.694080E+00   0.676611E+00   0.934553E+05   0.444884E+06   0.455724E+06   0.444884E+06  -0.201669E-01   0.386504E+06   0.386404E+06   0.117883E+00
   0.256939E+00   0.444531E+06   0.441049E+06   0.648049E+00   0.631734E+00   0.889466E+05   0.433354E+06   0.443977E+06   0.433354E+06  -0.196442E-01   0.376513E+06   0.376418E+06   0.109794E+00
   0.262297E+00   0.432363E+06   0.429023E+06   0.604622E+00   0.589396E+00   0.845425E+05   0.421441E+06   0.431832E+06   0.421441E+06  -0.191042E-01   0.366187E+06   0.366095E+06   0.103937E+00
   0.267656E+00   0.419757E+06   0.416479E+06   0.563528E+00   0.549333E+00   0.802290E+05   0.409092E+06   0.419236E+06   0.409092E+06  -0.185444E-01   0.355481E+06   0.355391E+06   0.999656E-01
   0.273014E+00   0.406935E+06   0.403663E+06   0.524888E+00   0.511663E+00   0.760454E+05   0.396529E+06   0.406414E+06   0.396529E+06  -0.179750E-01   0.344586E+06   0.344497E+06   0.972326E-01
   0.278373E+00   0.394249E+06   0.390958E+06   0.488956E+00   0.476633E+00   0.720515E+05   0.384100E+06   0.393725E+06   0.384100E+06  -0.174115E-01   0.333806E+06   0.333717E+06   0.949972E-01
   0.283731E+00   0.382061E+06   0.378759E+06   0.455951E+00   0.444457E+00   0.683038E+05   0.372164E+06   0.381536E+06   0.372164E+06  -0.168704E-01   0.323452E+06   0.323364E+06   0.926153E-01
   0.289089E+00   0.370684E+06   0.367400E+06   0.425984E+00   0.415243E+00   0.648440E+05   0.361026E+06   0.370161E+06   0.361026E+06  -0.163656E-01   0.313790E+06   0.313703E+06   0.896734E-01
   0.294448E+00   0.360314E+06   0.357089E+06   0.399013E+00   0.388950E+00   0.616905E+05   0.350881E+06   0.359801E+06   0.350881E+06  -0.159057E-01   0.304990E+06   0.304904E+06   0.860376E-01
   0.299806E+00   0.350973E+06   0.347848E+06   0.374799E+00   0.365345E+00   0.588297E+05   0.341749E+06   0.350475E+06   0.341749E+06  -0.154917E-01   0.297068E+06   0.296986E+06   0.818240E-01
   0.305165E+00   0.342506E+06   0.339509E+06   0.352940E+00   0.344035E+00   0.562196E+05   0.333477E+06   0.342029E+06   0.333477E+06  -0.151168E-01   0.289893E+06   0.289814E+06   0.773168E-01
   0.310523E+00   0.334662E+06   0.331804E+06   0.332983E+00   0.324580E+00   0.538055E+05   0.325817E+06   0.334207E+06   0.325817E+06  -0.147695E-01   0.283248E+06   0.283172E+06   0.728654E-01
   0.315881E+00   0.327180E+06   0.324454E+06   0.314520E+00   0.306581E+00   0.515354E+05   0.318511E+06   0.326746E+06   0.318511E+06  -0.144383E-01   0.276910E+06   0.276837E+06   0.687858E-01
   0.321240E+00   0.319841E+06   0.317227E+06   0.297228E+00   0.289724E+00   0.493680E+05   0.311345E+06   0.319425E+06   0.311345E+06  -0.141135E-01   0.270692E+06   0.270622E+06   0.652861E-01
   0.326598E+00   0.312492E+06   0.309961E+06   0.280885E+00   0.273792E+00   0.472749E+05   0.304166E+06   0.312089E+06   0.304166E+06  -0.137880E-01   0.264463E+06   0.264395E+06   0.624336E-01
   0.331956E+00   0.305071E+06   0.302593E+06   0.265370E+00   0.258668E+00   0.452437E+05   0.296914E+06   0.304676E+06   0.296914E+06  -0.134593E-01   0.258170E+06   0.258102E+06   0.601634E-01
   0.337315E+00   0.297619E+06   0.295173E+06   0.250668E+00   0.244336E+00   0.432782E+05   0.289631E+06   0.297230E+06   0.289631E+06  -0.131292E-01   0.251848E+06   0.251782E+06   0.583185E-01
   0.342673E+00   0.290256E+06   0.287831E+06   0.236824E+00   0.230840E+00   0.413931E+05   0.282436E+06   0.289870E+06   0.282436E+06  -0.128030E-01   0.245602E+06   0.245537E+06   0.567029E-01
   0.348032E+00   0.283123E+06   0.280717E+06   0.223892E+00   0.218235E+00   0.396045E+05   0.275465E+06   0.282740E+06   0.275465E+06  -0.124870E-01   0.239551E+06   0.239486E+06   0.551321E-01
   0.353390E+00   0.276328E+06   0.273949E+06   0.211895E+00   0.206539E+00   0.379232E+05   0.268828E+06   0.275950E+06   0.268828E+06  -0.121861E-01   0.233788E+06   0.233725E+06   0.534723E-01
   0.358748E+00   0.269934E+06   0.267594E+06   0.200812E+00   0.195736E+00   0.363525E+05   0.262584E+06   0.269562E+06   0.262584E+06  -0.119031E-01   0.228367E+06   0.228305E+06   0.516616E-01
   0.364107E+00   0.263955E+06   0.261669E+06   0.190590E+00   0.185772E+00   0.348891E+05   0.256748E+06   0.263592E+06   0.256748E+06  -0.116386E-01   0.223301E+06   0.223240E+06   0.497105E-01
   0.369465E+00   0.258363E+06   0.256139E+06   0.181147E+00   0.176567E+00   0.335240E+05   0.251292E+06   0.258009E+06   0.251292E+06  -0.113913E-01   0.218564E+06   0.218504E+06   0.476833E-01
   0.374823E+00   0.253086E+06   0.250931E+06   0.172381E+00   0.168022E+00   0.322434E+05   0.246145E+06   0.252743E+06   0.246145E+06  -0.111579E-01   0.214095E+06   0.214037E+06   0.456710E-01
   0.380182E+00   0.248029E+06   0.245941E+06   0.164182E+00   0.160029E+00   0.310313E+05   0.241214E+06   0.247697E+06   0.241214E+06  -0.109344E-01   0.209813E+06   0.209757E+06   0.437627E-01
   0.385540E+00   0.243105E+06   0.241077E+06   0.156454E+00   0.152497E+00   0.298736E+05   0.236412E+06   0.242782E+06   0.236412E+06  -0.107167E-01   0.205643E+06   0.205588E+06   0.420246E-01
   0.390899E+00   0.238252E+06   0.236276E+06   0.149132E+00   0.145359E+00   0.287609E+05   0.231679E+06   0.237938E+06   0.231679E+06  -0.105022E-01   0.201533E+06   0.201480E+06   0.404877E-01
   0.396257E+00   0.233447E+06   0.231511E+06   0.142176E+00   0.138578E+00   0.276880E+05   0.226992E+06   0.233139E+06   0.226992E+06  -0.102897E-01   0.197462E+06   0.197410E+06   0.391461E-01
   0.401615E+00   0.228689E+06   0.226786E+06   0.135563E+00   0.132133E+00   0.266537E+05   0.222350E+06   0.228386E+06   0.222350E+06  -0.100793E-01   0.193430E+06   0.193379E+06   0.379636E-01
   0.406974E+00   0.224002E+06   0.222125E+06   0.129290E+00   0.126017E+00   0.256590E+05   0.217777E+06   0.223703E+06   0.217777E+06  -0.987200E-02   0.189458E+06   0.189408E+06   0.368875E-01
   0.412332E+00   0.219426E+06   0.217574E+06   0.123358E+00   0.120236E+00   0.247071E+05   0.213314E+06   0.219132E+06   0.213314E+06  -0.966968E-02   0.185581E+06   0.185531E+06   0.358639E-01
   0.417691E+00   0.215006E+06   0.213179E+06   0.117773E+00   0.114792E+00   0.238010E+05   0.209003E+06   0.214715E+06   0.209003E+06  -0.947424E-02   0.181836E+06   0.181787E+06   0.348494E-01
   0.423049E+00   0.210769E+06   0.208971E+06   0.112529E+00   0.109680E+00   0.229420E+05   0.204871E+06   0.210483E+06   0.204871E+06  -0.928695E-02   0.178246E+06   0.178198E+06   0.338188E-01
   0.428407E+00   0.206721E+06   0.204956E+06   0.107609E+00   0.104884E+00   0.221287E+05   0.200926E+06   0.206440E+06   0.200926E+06  -0.910810E-02   0.174819E+06   0.174771E+06   0.327662E-01
   0.433766E+00   0.202855E+06   0.201126E+06   0.102989E+00   0.100381E+00   0.213584E+05   0.197157E+06   0.202580E+06   0.197157E+06  -0.893728E-02   0.171545E+06   0.171498E+06   0.317027E-01
   0.439124E+00   0.199150E+06   0.197459E+06   0.986429E-01   0.961446E-01   0.206271E+05   0.193547E+06   0.198881E+06   0.193547E+06  -0.877364E-02   0.168408E+06   0.168363E+06   0.306502E-01
   0.444482E+00   0.195580E+06   0.193927E+06   0.945408E-01   0.921461E-01   0.199305E+05   0.190069E+06   0.195317E+06   0.190069E+06  -0.861595E-02   0.165386E+06   0.165341E+06   0.296338E-01
   0.449841E+00   0.192113E+06   0.190497E+06   0.906547E-01   0.883582E-01   0.192641E+05   0.186692E+06   0.191856E+06   0.186692E+06  -0.846285E-02   0.162451E+06   0.162408E+06   0.286741E-01
   0.455199E+00   0.188723E+06   0.187141E+06   0.869603E-01   0.847572E-01   0.186241E+05   0.183389E+06   0.188471E+06   0.183389E+06  -0.831317E-02   0.159582E+06   0.159539E+06   0.277831E-01
   0.460558E+00   0.185394E+06   0.183841E+06   0.834400E-01   0.813258E-01   0.180078E+05   0.180146E+06   0.185147E+06   0.180146E+06  -0.816615E-02   0.156763E+06   0.156722E+06   0.269627E-01
   0.465916E+00   0.182121E+06   0.180594E+06   0.800826E-01   0.780533E-01   0.174138E+05   0.176957E+06   0.181878E+06   0.176957E+06  -0.802160E-02   0.153992E+06   0.153951E+06   0.262058E-01
   0.471274E+00   0.178909E+06   0.177406E+06   0.768821E-01   0.749337E-01   0.168419E+05   0.173828E+06   0.178670E+06   0.173828E+06  -0.787974E-02   0.151272E+06   0.151232E+06   0.254991E-01
   0.476633E+00   0.175769E+06   0.174288E+06   0.738351E-01   0.719637E-01   0.162923E+05   0.170769E+06   0.175533E+06   0.170769E+06  -0.774105E-02   0.148613E+06   0.148574E+06   0.248272E-01
   0.481991E+00   0.172711E+06   0.171251E+06   0.709381E-01   0.691400E-01   0.157650E+05   0.167790E+06   0.172479E+06   0.167790E+06  -0.760602E-02   0.146024E+06   0.145985E+06   0.241759E-01
   0.487350E+00   0.169744E+06   0.168306E+06   0.681870E-01   0.664585E-01   0.152601E+05   0.164900E+06   0.169515E+06   0.164900E+06  -0.747502E-02   0.143512E+06   0.143474E+06   0.235351E-01
   0.492708E+00   0.166873E+06   0.165458E+06   0.655763E-01   0.639138E-01   0.147772E+05   0.162103E+06   0.166648E+06   0.162103E+06  -0.734825E-02   0.141082E+06   0.141044E+06   0.229001E-01
   0.498066E+00   0.164098E+06   0.162707E+06   0.630994E-01   0.614996E-01   0.143155E+05   0.159402E+06   0.163877E+06   0.159402E+06  -0.722580E-02   0.138734E+06   0.138696E+06   0.222717E-01
   0.503425E+00   0.161416E+06   0.160049E+06   0.607476E-01   0.592073E-01   0.138738E+05   0.156790E+06   0.161199E+06   0.156790E+06  -0.710742E-02   0.136463E+06   0.136427E+06   0.216543E-01
   0.508783E+00   0.158814E+06   0.157472E+06   0.585104E-01   0.570267E-01   0.134505E+05   0.154258E+06   0.158601E+06   0.154258E+06  -0.699260E-02   0.134262E+06   0.134226E+06   0.210538E-01
   0.514141E+00   0.156281E+06   0.154963E+06   0.563780E-01   0.549482E-01   0.130438E+05   0.151792E+06   0.156072E+06   0.151792E+06  -0.688084E-02   0.132118E+06   0.132083E+06   0.204761E-01
   0.519500E+00   0.153810E+06   0.152514E+06   0.543424E-01   0.529642E-01   0.126525E+05   0.149386E+06   0.153604E+06   0.149386E+06  -0.677178E-02   0.130027E+06   0.129992E+06   0.199256E-01
   0.524858E+00   0.151393E+06   0.150119E+06   0.523971E-01   0.510681E-01   0.122755E+05   0.147034E+06   0.151190E+06   0.147034E+06  -0.666514E-02   0.127981E+06   0.127947E+06   0.194040E-01
   0.530217E+00   0.149025E+06   0.147771E+06   0.505357E-01   0.492538E-01   0.119120E+05   0.144729E+06   0.148826E+06   0.144729E+06  -0.656066E-02   0.125978E+06   0.125944E+06   0.189100E-01
   0.535575E+00   0.146703E+06   0.145468E+06   0.487534E-01   0.475167E-01   0.115612E+05   0.142469E+06   0.146507E+06   0.142469E+06  -0.645822E-02   0.124013E+06   0.123979E+06   0.184403E-01
   0.540933E+00   0.144429E+06   0.143211E+06   0.470471E-01   0.458535E-01   0.112227E+05   0.140255E+06   0.144235E+06   0.140255E+06  -0.635786E-02   0.122088E+06   0.122055E+06   0.179906E-01
   0.546292E+00   0.142206E+06   0.141006E+06   0.454148E-01   0.442626E-01   0.108966E+05   0.138092E+06   0.142015E+06   0.138092E+06  -0.625981E-02   0.120207E+06   0.120175E+06   0.175566E-01
   0.551650E+00   0.140039E+06   0.138856E+06   0.438544E-01   0.427416E-01   0.105826E+05   0.135983E+06   0.139851E+06   0.135983E+06  -0.616420E-02   0.118373E+06   0.118341E+06   0.171346E-01
   0.557009E+00   0.137928E+06   0.136762E+06   0.423626E-01   0.412876E-01   0.102804E+05   0.133928E+06   0.137742E+06   0.133928E+06  -0.607107E-02   0.116587E+06   0.116555E+06   0.167222E-01
   0.562367E+00   0.135871E+06   0.134722E+06   0.409360E-01   0.398972E-01   0.998952E+04   0.131927E+06   0.135688E+06   0.131927E+06  -0.598034E-02   0.114846E+06   0.114815E+06   0.163185E-01
   0.567725E+00   0.133867E+06   0.132736E+06   0.395714E-01   0.385672E-01   0.970945E+04   0.129977E+06   0.133687E+06   0.129977E+06  -0.589197E-02   0.113151E+06   0.113120E+06   0.159238E-01
   0.573084E+00   0.131915E+06   0.130801E+06   0.382658E-01   0.372946E-01   0.943976E+04   0.128079E+06   0.131738E+06   0.128079E+06  -0.580590E-02   0.111500E+06   0.111470E+06   0.155395E-01
   0.578442E+00   0.130013E+06   0.128915E+06   0.370155E-01   0.360760E-01   0.917986E+04   0.126228E+06   0.129838E+06   0.126228E+06  -0.572199E-02   0.109890E+06   0.109860E+06   0.151670E-01
   0.629704E+00   0.113735E+06   0.112775E+06   0.273055E-01   0.266121E-01   0.709728E+04   0.110396E+06   0.113582E+06   0.110396E+06  -0.500432E-02   0.961199E+05   0.960940E+05   0.122045E-01
   0.769122E+00   0.826974E+05   0.819996E+05   0.132910E-01   0.129531E-01   0.382129E+04   0.802296E+05   0.825864E+05   0.802296E+05  -0.363686E-02   0.698730E+05   0.698542E+05   0.728613E-02
   0.939408E+00   0.598383E+05   0.593334E+05   0.643998E-02   0.627612E-02   0.202195E+04   0.580304E+05   0.597580E+05   0.580304E+05  -0.263056E-02   0.505498E+05   0.505361E+05   0.433845E-02
   0.114740E+01   0.431124E+05   0.427485E+05   0.310779E-02   0.302867E-02   0.105285E+04   0.417977E+05   0.430545E+05   0.417977E+05  -0.189472E-02   0.364153E+05   0.364054E+05   0.257909E-02
   0.140143E+01   0.309347E+05   0.306736E+05   0.149392E-02   0.145586E-02   0.539988E+03   0.299850E+05   0.308932E+05   0.299850E+05  -0.135924E-02   0.261268E+05   0.261196E+05   0.153279E-02
   0.171171E+01   0.221174E+05   0.219307E+05   0.715666E-03   0.697430E-03   0.273111E+03   0.214350E+05   0.220877E+05   0.214350E+05  -0.971662E-03   0.186786E+05   0.186733E+05   0.912777E-03
   0.209069E+01   0.157611E+05   0.156279E+05   0.341749E-03   0.333039E-03   0.136359E+03   0.152730E+05   0.157399E+05   0.152730E+05  -0.692335E-03   0.133098E+05   0.133060E+05   0.546117E-03
   0.255358E+01   0.111969E+05   0.111022E+05   0.162706E-03   0.158558E-03   0.672841E+02   0.108493E+05   0.111818E+05   0.108493E+05  -0.491805E-03   0.945516E+04   0.945233E+04   0.329445E-03
   0.311895E+01   0.793197E+04   0.786479E+04   0.772497E-04   0.752801E-04   0.328543E+02   0.768525E+04   0.792128E+04   0.768525E+04  -0.348378E-03   0.669793E+04   0.669582E+04   0.201304E-03
   0.380949E+01   0.560477E+04   0.555719E+04   0.365850E-04   0.356522E-04   0.158979E+02   0.543020E+04   0.559720E+04   0.543020E+04  -0.246155E-03   0.473270E+04   0.473109E+04   0.125292E-03
   0.465292E+01   0.395079E+04   0.391715E+04   0.172852E-04   0.168444E-04   0.763330E+01   0.382762E+04   0.394544E+04   0.382762E+04  -0.173508E-03   0.333603E+04   0.333478E+04   0.799186E-04
   0.568309E+01   0.277886E+04   0.275507E+04   0.814904E-05   0.794124E-05   0.364157E+01   0.269215E+04   0.277507E+04   0.269215E+04  -0.122037E-03   0.234642E+04   0.234542E+04   0.525617E-04
   0.694134E+01   0.195054E+04   0.193371E+04   0.383396E-05   0.373620E-05   0.172799E+01   0.188963E+04   0.194786E+04   0.188963E+04  -0.856582E-04   0.164699E+04   0.164615E+04   0.358133E-04
   0.847817E+01   0.136653E+04   0.135461E+04   0.180039E-05   0.175449E-05   0.816390E+00   0.132383E+04   0.136464E+04   0.132383E+04  -0.600102E-04   0.115385E+04   0.115313E+04   0.253402E-04
   0.103553E+02   0.955701E+03   0.947224E+03   0.843950E-06   0.822434E-06   0.384327E+00   0.925809E+03   0.954353E+03   0.925809E+03  -0.419675E-04   0.806949E+03   0.806301E+03   0.186074E-04
   0.126479E+02   0.667277E+03   0.661213E+03   0.394946E-06   0.384879E-06   0.180392E+00   0.646381E+03   0.666313E+03   0.646381E+03  -0.293009E-04   0.563407E+03   0.562805E+03   0.141307E-04
   0.154482E+02   0.465183E+03   0.460803E+03   0.184532E-06   0.179830E-06   0.844626E-01   0.450591E+03   0.464486E+03   0.450591E+03  -0.204256E-04   0.392760E+03   0.392186E+03   0.110392E-04
   0.188685E+02   0.323826E+03   0.320620E+03   0.860892E-07   0.838964E-07   0.394632E-01   0.313643E+03   0.323316E+03   0.313643E+03  -0.142176E-04   0.273399E+03   0.272839E+03   0.881876E-05
   0.230461E+02   0.225114E+03   0.222722E+03   0.401038E-07   0.390829E-07   0.184043E-01   0.218010E+03   0.224734E+03   0.218010E+03  -0.988254E-05   0.190048E+03   0.189492E+03   0.716310E-05
   0.281485E+02   0.156288E+03   0.154458E+03   0.186547E-07   0.181802E-07   0.856883E-02   0.151330E+03   0.155997E+03   0.151330E+03  -0.685987E-05   0.131931E+03   0.131373E+03   0.588711E-05
   0.343807E+02   0.108368E+03   0.106924E+03   0.866446E-08   0.844441E-08   0.398339E-02   0.104903E+03   0.108138E+03   0.104903E+03  -0.475531E-05   0.914668E+02   0.909022E+02   0.487663E-05
   0.419926E+02   0.750474E+02   0.738676E+02   0.401799E-08   0.391616E-08   0.184898E-02   0.726199E+02   0.748597E+02   0.726199E+02  -0.329191E-05   0.633305E+02   0.627565E+02   0.405919E-05
   0.512900E+02   0.519074E+02   0.509061E+02   0.186001E-08   0.181301E-08   0.856936E-03   0.501998E+02   0.517481E+02   0.501998E+02  -0.227559E-05   0.437904E+02   0.432054E+02   0.338718E-05
   0.626457E+02   0.358561E+02   0.349744E+02   0.859281E-09   0.837671E-09   0.396521E-03   0.346472E+02   0.357158E+02   0.346472E+02  -0.157058E-05   0.302358E+02   0.296393E+02   0.282803E-05
   0.765156E+02   0.247339E+02   0.239316E+02   0.395978E-09   0.386088E-09   0.183141E-03   0.238700E+02   0.246063E+02   0.238700E+02  -0.108205E-05   0.208435E+02   0.202358E+02   0.235841E-05
   0.934564E+02   0.170351E+02   0.162851E+02   0.181894E-09   0.177398E-09   0.844046E-04   0.164097E+02   0.169158E+02   0.164097E+02  -0.743861E-06   0.143419E+02   0.137248E+02   0.196094E-05
   0.114148E+03   0.117111E+02   0.109962E+02   0.832006E-10   0.811753E-10   0.387941E-04   0.112503E+02   0.115973E+02   0.112503E+02  -0.509986E-06   0.984564E+01   0.922212E+01   0.162213E-05
