#          k/h    CDM            baryon         photon         nu             mass_nu        total          no_nu          total_de       Weyl           v_CDM          v_b            v_b-v_c     
   0.105171E-04   0.134446E+08   0.134446E+08   0.179203E+08   0.179201E+08   0.134449E+08   0.134446E+08   0.134446E+08   0.134526E+08  -0.563281E+00   0.111876E+08   0.111876E+08   0.875292E+01
   0.116124E-04   0.134446E+08   0.134446E+08   0.179190E+08   0.179187E+08   0.134449E+08   0.134446E+08   0.134446E+08   0.134525E+08  -0.563281E+00   0.111876E+08   0.111876E+08   0.966425E+01
   0.128218E-04   0.134446E+08   0.134446E+08   0.179174E+08   0.179171E+08   0.134448E+08   0.134446E+08   0.134446E+08   0.134525E+08  -0.563281E+00   0.111876E+08   0.111876E+08   0.106704E+02
   0.141570E-04   0.134446E+08   0.134446E+08   0.179155E+08   0.179151E+08   0.134448E+08   0.134446E+08   0.134446E+08   0.134525E+08  -0.563281E+00   0.111876E+08   0.111876E+08   0.117812E+02
   0.156314E-04   0.134446E+08   0.134446E+08   0.179132E+08   0.179127E+08   0.134448E+08   0.134446E+08   0.134446E+08   0.134525E+08  -0.563280E+00   0.111876E+08   0.111876E+08   0.130076E+02
   0.172593E-04   0.134446E+08   0.134446E+08   0.179103E+08   0.179098E+08   0.134448E+08   0.134446E+08   0.134446E+08   0.134525E+08  -0.563280E+00   0.111876E+08   0.111876E+08   0.143615E+02
   0.190567E-04   0.134446E+08   0.134446E+08   0.179068E+08   0.179062E+08   0.134448E+08   0.134446E+08   0.134446E+08   0.134525E+08  -0.563280E+00   0.111876E+08   0.111876E+08   0.158562E+02
   0.210413E-04   0.134446E+08   0.134446E+08   0.179026E+08   0.179018E+08   0.134448E+08   0.134446E+08   0.134446E+08   0.134525E+08  -0.563279E+00   0.111876E+08   0.111876E+08   0.175062E+02
   0.232326E-04   0.134445E+08   0.134445E+08   0.178975E+08   0.178964E+08   0.134448E+08   0.134445E+08   0.134445E+08   0.134525E+08  -0.563278E+00   0.111876E+08   0.111876E+08   0.193275E+02
   0.256521E-04   0.134445E+08   0.134445E+08   0.178912E+08   0.178899E+08   0.134448E+08   0.134445E+08   0.134445E+08   0.134525E+08  -0.563277E+00   0.111876E+08   0.111876E+08   0.213379E+02
   0.283236E-04   0.134445E+08   0.134445E+08   0.178835E+08   0.178820E+08   0.134448E+08   0.134445E+08   0.134445E+08   0.134524E+08  -0.563276E+00   0.111876E+08   0.111876E+08   0.235568E+02
   0.312733E-04   0.134445E+08   0.134445E+08   0.178742E+08   0.178724E+08   0.134447E+08   0.134445E+08   0.134445E+08   0.134524E+08  -0.563275E+00   0.111876E+08   0.111875E+08   0.260057E+02
   0.345301E-04   0.134445E+08   0.134444E+08   0.178628E+08   0.178606E+08   0.134447E+08   0.134445E+08   0.134445E+08   0.134524E+08  -0.563274E+00   0.111875E+08   0.111875E+08   0.287082E+02
   0.381262E-04   0.134444E+08   0.134444E+08   0.178490E+08   0.178463E+08   0.134447E+08   0.134444E+08   0.134444E+08   0.134523E+08  -0.563272E+00   0.111875E+08   0.111875E+08   0.316900E+02
   0.420968E-04   0.134444E+08   0.134444E+08   0.178321E+08   0.178288E+08   0.134446E+08   0.134444E+08   0.134444E+08   0.134523E+08  -0.563269E+00   0.111875E+08   0.111875E+08   0.349796E+02
   0.464808E-04   0.134443E+08   0.134443E+08   0.178116E+08   0.178075E+08   0.134446E+08   0.134443E+08   0.134443E+08   0.134522E+08  -0.563267E+00   0.111874E+08   0.111874E+08   0.386081E+02
   0.513214E-04   0.134443E+08   0.134442E+08   0.177866E+08   0.177816E+08   0.134445E+08   0.134443E+08   0.134442E+08   0.134521E+08  -0.563263E+00   0.111874E+08   0.111874E+08   0.426096E+02
   0.566662E-04   0.134442E+08   0.134442E+08   0.177561E+08   0.177501E+08   0.134444E+08   0.134442E+08   0.134442E+08   0.134520E+08  -0.563259E+00   0.111873E+08   0.111873E+08   0.470212E+02
   0.625675E-04   0.134441E+08   0.134441E+08   0.177191E+08   0.177118E+08   0.134443E+08   0.134441E+08   0.134441E+08   0.134519E+08  -0.563254E+00   0.111872E+08   0.111872E+08   0.518832E+02
   0.690835E-04   0.134440E+08   0.134439E+08   0.176740E+08   0.176651E+08   0.134442E+08   0.134440E+08   0.134440E+08   0.134518E+08  -0.563248E+00   0.111871E+08   0.111871E+08   0.572395E+02
   0.762780E-04   0.134438E+08   0.134438E+08   0.176192E+08   0.176084E+08   0.134440E+08   0.134438E+08   0.134438E+08   0.134516E+08  -0.563240E+00   0.111870E+08   0.111870E+08   0.631375E+02
   0.842218E-04   0.134436E+08   0.134436E+08   0.175526E+08   0.175394E+08   0.134438E+08   0.134436E+08   0.134436E+08   0.134514E+08  -0.563231E+00   0.111868E+08   0.111868E+08   0.696281E+02
   0.929929E-04   0.134434E+08   0.134434E+08   0.174717E+08   0.174558E+08   0.134436E+08   0.134434E+08   0.134434E+08   0.134512E+08  -0.563220E+00   0.111867E+08   0.111866E+08   0.767655E+02
   0.102677E-03   0.134432E+08   0.134431E+08   0.173736E+08   0.173542E+08   0.134433E+08   0.134432E+08   0.134432E+08   0.134509E+08  -0.563206E+00   0.111865E+08   0.111864E+08   0.846070E+02
   0.113370E-03   0.134428E+08   0.134428E+08   0.172547E+08   0.172312E+08   0.134430E+08   0.134428E+08   0.134428E+08   0.134505E+08  -0.563190E+00   0.111862E+08   0.111862E+08   0.932129E+02
   0.125177E-03   0.134425E+08   0.134424E+08   0.171108E+08   0.170823E+08   0.134425E+08   0.134425E+08   0.134424E+08   0.134500E+08  -0.563170E+00   0.111859E+08   0.111858E+08   0.102645E+03
   0.138213E-03   0.134420E+08   0.134419E+08   0.169370E+08   0.169025E+08   0.134420E+08   0.134420E+08   0.134420E+08   0.134495E+08  -0.563145E+00   0.111855E+08   0.111854E+08   0.112965E+03
   0.152607E-03   0.134414E+08   0.134413E+08   0.167272E+08   0.166856E+08   0.134414E+08   0.134414E+08   0.134414E+08   0.134488E+08  -0.563115E+00   0.111850E+08   0.111849E+08   0.124235E+03
   0.168500E-03   0.134407E+08   0.134406E+08   0.164749E+08   0.164248E+08   0.134407E+08   0.134407E+08   0.134407E+08   0.134480E+08  -0.563079E+00   0.111844E+08   0.111843E+08   0.136510E+03
   0.186048E-03   0.134399E+08   0.134397E+08   0.161722E+08   0.161120E+08   0.134398E+08   0.134398E+08   0.134398E+08   0.134470E+08  -0.563035E+00   0.111837E+08   0.111836E+08   0.149842E+03
   0.205424E-03   0.134388E+08   0.134387E+08   0.158103E+08   0.157383E+08   0.134386E+08   0.134388E+08   0.134388E+08   0.134458E+08  -0.562982E+00   0.111829E+08   0.111827E+08   0.164266E+03
   0.226817E-03   0.134376E+08   0.134374E+08   0.153797E+08   0.152937E+08   0.134373E+08   0.134375E+08   0.134376E+08   0.134444E+08  -0.562918E+00   0.111818E+08   0.111817E+08   0.179799E+03
   0.250438E-03   0.134361E+08   0.134358E+08   0.148698E+08   0.147678E+08   0.134356E+08   0.134360E+08   0.134360E+08   0.134426E+08  -0.562840E+00   0.111805E+08   0.111804E+08   0.196434E+03
   0.276520E-03   0.134342E+08   0.134339E+08   0.142702E+08   0.141498E+08   0.134336E+08   0.134342E+08   0.134342E+08   0.134405E+08  -0.562745E+00   0.111790E+08   0.111788E+08   0.214121E+03
   0.305317E-03   0.134320E+08   0.134316E+08   0.135707E+08   0.134298E+08   0.134312E+08   0.134319E+08   0.134319E+08   0.134379E+08  -0.562632E+00   0.111771E+08   0.111769E+08   0.232762E+03
   0.337113E-03   0.134293E+08   0.134288E+08   0.127629E+08   0.125992E+08   0.134283E+08   0.134292E+08   0.134292E+08   0.134348E+08  -0.562495E+00   0.111749E+08   0.111746E+08   0.252191E+03
   0.372221E-03   0.134260E+08   0.134254E+08   0.118412E+08   0.116534E+08   0.134248E+08   0.134259E+08   0.134259E+08   0.134311E+08  -0.562330E+00   0.111721E+08   0.111718E+08   0.272160E+03
   0.410985E-03   0.134221E+08   0.134214E+08   0.108057E+08   0.105931E+08   0.134205E+08   0.134219E+08   0.134220E+08   0.134267E+08  -0.562134E+00   0.111688E+08   0.111684E+08   0.292315E+03
   0.453786E-03   0.134173E+08   0.134165E+08   0.966425E+07   0.942763E+07   0.134153E+08   0.134171E+08   0.134172E+08   0.134214E+08  -0.561899E+00   0.111648E+08   0.111644E+08   0.312187E+03
   0.501045E-03   0.134116E+08   0.134106E+08   0.843556E+07   0.817775E+07   0.134091E+08   0.134114E+08   0.134114E+08   0.134151E+08  -0.561620E+00   0.111600E+08   0.111595E+08   0.331172E+03
   0.553225E-03   0.134047E+08   0.134036E+08   0.715200E+07   0.687847E+07   0.134017E+08   0.134045E+08   0.134046E+08   0.134076E+08  -0.561291E+00   0.111543E+08   0.111536E+08   0.348535E+03
   0.610839E-03   0.133966E+08   0.133952E+08   0.586111E+07   0.558046E+07   0.133928E+08   0.133962E+08   0.133963E+08   0.133988E+08  -0.560902E+00   0.111474E+08   0.111467E+08   0.363426E+03
   0.674453E-03   0.133868E+08   0.133852E+08   0.462450E+07   0.434856E+07   0.133821E+08   0.133864E+08   0.133866E+08   0.133884E+08  -0.560447E+00   0.111392E+08   0.111383E+08   0.374923E+03
   0.744692E-03   0.133753E+08   0.133734E+08   0.351224E+07   0.325549E+07   0.133695E+08   0.133748E+08   0.133750E+08   0.133763E+08  -0.559917E+00   0.111295E+08   0.111285E+08   0.382109E+03
   0.822246E-03   0.133616E+08   0.133595E+08   0.259115E+07   0.236900E+07   0.133545E+08   0.133611E+08   0.133613E+08   0.133622E+08  -0.559302E+00   0.111180E+08   0.111169E+08   0.384187E+03
   0.907877E-03   0.133456E+08   0.133432E+08   0.190704E+07   0.173289E+07   0.133369E+08   0.133450E+08   0.133452E+08   0.133458E+08  -0.558590E+00   0.111044E+08   0.111032E+08   0.380614E+03
   0.100243E-02   0.133268E+08   0.133242E+08   0.146481E+07   0.134630E+07   0.133162E+08   0.133261E+08   0.133264E+08   0.133267E+08  -0.557770E+00   0.110885E+08   0.110873E+08   0.371242E+03
   0.110682E-02   0.133049E+08   0.133020E+08   0.121591E+07   0.115141E+07   0.132919E+08   0.133041E+08   0.133044E+08   0.133046E+08  -0.556826E+00   0.110701E+08   0.110687E+08   0.356393E+03
   0.122209E-02   0.132795E+08   0.132764E+08   0.106695E+07   0.104451E+07   0.132636E+08   0.132785E+08   0.132790E+08   0.132790E+08  -0.555741E+00   0.110487E+08   0.110473E+08   0.336846E+03
   0.134936E-02   0.132500E+08   0.132467E+08   0.918960E+06   0.919528E+06   0.132307E+08   0.132489E+08   0.132495E+08   0.132493E+08  -0.554492E+00   0.110239E+08   0.110225E+08   0.313684E+03
   0.148988E-02   0.132161E+08   0.132126E+08   0.725544E+06   0.730386E+06   0.131924E+08   0.132148E+08   0.132155E+08   0.132151E+08  -0.553054E+00   0.109954E+08   0.109940E+08   0.288091E+03
   0.164504E-02   0.131770E+08   0.131735E+08   0.525603E+06   0.523855E+06   0.131482E+08   0.131756E+08   0.131764E+08   0.131758E+08  -0.551403E+00   0.109627E+08   0.109612E+08   0.261209E+03
   0.181636E-02   0.131321E+08   0.131286E+08   0.398088E+06   0.388490E+06   0.130972E+08   0.131305E+08   0.131316E+08   0.131307E+08  -0.549511E+00   0.109251E+08   0.109237E+08   0.234190E+03
   0.200552E-02   0.130808E+08   0.130773E+08   0.356542E+06   0.270867E+06   0.130384E+08   0.130790E+08   0.130802E+08   0.130791E+08  -0.547347E+00   0.108822E+08   0.108808E+08   0.208333E+03
   0.221438E-02   0.130222E+08   0.130187E+08   0.317308E+06   0.221190E+06   0.129709E+08   0.130201E+08   0.130217E+08   0.130203E+08  -0.544879E+00   0.108332E+08   0.108318E+08   0.184962E+03
   0.244500E-02   0.129555E+08   0.129519E+08   0.230986E+06   0.180505E+06   0.128935E+08   0.129531E+08   0.129549E+08   0.129532E+08  -0.542070E+00   0.107774E+08   0.107760E+08   0.164927E+03
   0.269962E-02   0.128797E+08   0.128760E+08   0.169189E+06   0.147193E+06   0.128051E+08   0.128769E+08   0.128791E+08   0.128770E+08  -0.538878E+00   0.107140E+08   0.107126E+08   0.148233E+03
   0.298077E-02   0.127938E+08   0.127900E+08   0.154808E+06   0.119928E+06   0.127042E+08   0.127905E+08   0.127932E+08   0.127906E+08  -0.535262E+00   0.106422E+08   0.106408E+08   0.134278E+03
   0.329119E-02   0.126968E+08   0.126927E+08   0.118252E+06   0.976214E+05   0.125895E+08   0.126930E+08   0.126962E+08   0.126930E+08  -0.531177E+00   0.105610E+08   0.105596E+08   0.122149E+03
   0.363395E-02   0.125875E+08   0.125832E+08   0.978731E+05   0.793803E+05   0.124595E+08   0.125830E+08   0.125868E+08   0.125831E+08  -0.526574E+00   0.104696E+08   0.104682E+08   0.110816E+03
   0.401240E-02   0.124648E+08   0.124601E+08   0.814776E+05   0.644719E+05   0.123127E+08   0.124595E+08   0.124640E+08   0.124595E+08  -0.521404E+00   0.103669E+08   0.103656E+08   0.998569E+02
   0.443026E-02   0.123273E+08   0.123224E+08   0.587892E+05   0.522950E+05   0.121475E+08   0.123212E+08   0.123265E+08   0.123212E+08  -0.515614E+00   0.102519E+08   0.102506E+08   0.895670E+02
   0.489163E-02   0.121740E+08   0.121686E+08   0.481489E+05   0.423562E+05   0.119625E+08   0.121668E+08   0.121731E+08   0.121668E+08  -0.509153E+00   0.101236E+08   0.101223E+08   0.804382E+02
   0.540106E-02   0.120034E+08   0.119975E+08   0.392641E+05   0.342508E+05   0.117563E+08   0.119951E+08   0.120024E+08   0.119951E+08  -0.501966E+00   0.998089E+07   0.997956E+07   0.725558E+02
   0.596354E-02   0.118144E+08   0.118079E+08   0.289289E+05   0.276470E+05   0.115275E+08   0.118048E+08   0.118133E+08   0.118048E+08  -0.494002E+00   0.982274E+07   0.982141E+07   0.654697E+02
   0.658460E-02   0.116057E+08   0.115985E+08   0.266723E+05   0.222725E+05   0.112752E+08   0.115947E+08   0.116046E+08   0.115948E+08  -0.485212E+00   0.964820E+07   0.964688E+07   0.588607E+02
   0.727033E-02   0.113765E+08   0.113684E+08   0.231562E+05   0.179038E+05   0.109984E+08   0.113639E+08   0.113752E+08   0.113639E+08  -0.475552E+00   0.945637E+07   0.945506E+07   0.529216E+02
   0.802749E-02   0.111255E+08   0.111164E+08   0.167986E+05   0.143577E+05   0.106964E+08   0.111113E+08   0.111241E+08   0.111113E+08  -0.464980E+00   0.924646E+07   0.924516E+07   0.477136E+02
   0.886349E-02   0.108521E+08   0.108418E+08   0.143684E+05   0.114838E+05   0.103688E+08   0.108361E+08   0.108505E+08   0.108361E+08  -0.453463E+00   0.901778E+07   0.901649E+07   0.429959E+02
   0.978655E-02   0.105556E+08   0.105438E+08   0.109527E+05   0.915885E+04   0.100152E+08   0.105376E+08   0.105537E+08   0.105376E+08  -0.440973E+00   0.876979E+07   0.876850E+07   0.387648E+02
   0.108057E-01   0.102354E+08   0.102220E+08   0.766337E+04   0.728161E+04   0.963539E+07   0.102154E+08   0.102333E+08   0.102154E+08  -0.427489E+00   0.850207E+07   0.850078E+07   0.350216E+02
   0.119311E-01   0.989128E+07   0.987578E+07   0.670047E+04   0.576912E+04   0.922971E+07   0.986909E+07   0.988881E+07   0.986910E+07  -0.412997E+00   0.821432E+07   0.821304E+07   0.316687E+02
   0.131736E-01   0.952296E+07   0.950516E+07   0.495321E+04   0.455341E+04   0.879906E+07   0.949856E+07   0.952013E+07   0.949856E+07  -0.397490E+00   0.790645E+07   0.790517E+07   0.287000E+02
   0.145456E-01   0.913060E+07   0.911015E+07   0.398643E+04   0.357883E+04   0.834479E+07   0.910393E+07   0.912735E+07   0.910393E+07  -0.380976E+00   0.757856E+07   0.757728E+07   0.260542E+02
   0.160604E-01   0.871458E+07   0.869116E+07   0.305733E+04   0.279982E+04   0.786848E+07   0.868565E+07   0.871086E+07   0.868565E+07  -0.363472E+00   0.723101E+07   0.722972E+07   0.236982E+02
   0.177329E-01   0.827565E+07   0.824894E+07   0.231184E+04   0.217916E+04   0.737172E+07   0.824448E+07   0.827140E+07   0.824448E+07  -0.345010E+00   0.686442E+07   0.686312E+07   0.215880E+02
   0.195797E-01   0.781499E+07   0.778471E+07   0.182574E+04   0.168645E+04   0.685654E+07   0.778164E+07   0.781017E+07   0.778164E+07  -0.325641E+00   0.647980E+07   0.647849E+07   0.196788E+02
   0.216188E-01   0.733642E+07   0.730242E+07   0.139678E+04   0.129727E+04   0.632334E+07   0.730086E+07   0.733101E+07   0.730086E+07  -0.305522E+00   0.608024E+07   0.607893E+07   0.179291E+02
   0.238702E-01   0.683951E+07   0.680179E+07   0.107923E+04   0.990903E+03   0.578382E+07   0.680210E+07   0.683351E+07   0.680210E+07  -0.284650E+00   0.566569E+07   0.566437E+07   0.162895E+02
   0.263561E-01   0.633154E+07   0.629034E+07   0.887004E+03   0.751499E+03   0.524334E+07   0.629263E+07   0.632499E+07   0.629263E+07  -0.263330E+00   0.524217E+07   0.524085E+07   0.147178E+02
   0.291009E-01   0.581917E+07   0.577505E+07   0.617181E+03   0.565774E+03   0.470924E+07   0.577915E+07   0.581215E+07   0.577915E+07  -0.241843E+00   0.481526E+07   0.481396E+07   0.131729E+02
   0.321315E-01   0.531353E+07   0.526744E+07   0.473217E+03   0.423137E+03   0.419210E+07   0.527286E+07   0.530620E+07   0.527286E+07  -0.220656E+00   0.439427E+07   0.439300E+07   0.116266E+02
   0.354778E-01   0.482590E+07   0.477925E+07   0.371699E+03   0.314741E+03   0.370267E+07   0.478509E+07   0.481848E+07   0.478509E+07  -0.200244E+00   0.398862E+07   0.398741E+07   0.100584E+02
   0.391725E-01   0.436859E+07   0.432318E+07   0.226440E+03   0.233330E+03   0.325159E+07   0.432816E+07   0.436137E+07   0.432816E+07  -0.181122E+00   0.360857E+07   0.360744E+07   0.846852E+01
   0.432520E-01   0.395417E+07   0.391206E+07   0.171149E+03   0.172952E+03   0.284742E+07   0.391455E+07   0.394747E+07   0.391455E+07  -0.163814E+00   0.326453E+07   0.326352E+07   0.688472E+01
   0.475772E-01   0.360269E+07   0.356567E+07   0.133202E+03   0.130027E+03   0.250627E+07   0.356417E+07   0.359680E+07   0.356417E+07  -0.149151E+00   0.297308E+07   0.297220E+07   0.541932E+01
   0.519024E-01   0.332723E+07   0.329610E+07   0.103226E+03   0.100763E+03   0.223750E+07   0.328982E+07   0.332228E+07   0.328982E+07  -0.137671E+00   0.274489E+07   0.274415E+07   0.419655E+01
   0.562276E-01   0.310420E+07   0.307891E+07   0.819549E+02   0.799977E+02   0.201900E+07   0.306783E+07   0.310018E+07   0.306783E+07  -0.128381E+00   0.256027E+07   0.255966E+07   0.322517E+01
   0.605528E-01   0.291553E+07   0.289534E+07   0.662891E+02   0.647043E+02   0.183496E+07   0.288008E+07   0.291232E+07   0.288008E+07  -0.120524E+00   0.240414E+07   0.240363E+07   0.249915E+01
   0.648780E-01   0.274827E+07   0.273195E+07   0.543663E+02   0.530653E+02   0.167453E+07   0.271362E+07   0.274567E+07   0.271362E+07  -0.113558E+00   0.226569E+07   0.226525E+07   0.199600E+01
   0.692032E-01   0.259119E+07   0.257730E+07   0.449963E+02   0.439184E+02   0.152908E+07   0.255727E+07   0.258898E+07   0.255727E+07  -0.107015E+00   0.213561E+07   0.213522E+07   0.167832E+01
   0.735284E-01   0.243679E+07   0.242391E+07   0.374356E+02   0.365380E+02   0.139324E+07   0.240357E+07   0.243474E+07   0.240357E+07  -0.100583E+00   0.200769E+07   0.200731E+07   0.150052E+01
   0.778536E-01   0.228268E+07   0.226969E+07   0.312391E+02   0.304894E+02   0.126501E+07   0.225023E+07   0.228061E+07   0.225023E+07  -0.941661E-01   0.187999E+07   0.187961E+07   0.141543E+01
   0.821788E-01   0.213084E+07   0.211698E+07   0.261375E+02   0.255096E+02   0.114502E+07   0.209920E+07   0.212863E+07   0.209920E+07  -0.878461E-01   0.175417E+07   0.175378E+07   0.137984E+01
   0.865040E-01   0.198541E+07   0.197039E+07   0.219499E+02   0.214223E+02   0.103495E+07   0.195465E+07   0.198302E+07   0.195465E+07  -0.817971E-01   0.163370E+07   0.163330E+07   0.135835E+01
   0.908292E-01   0.185044E+07   0.183438E+07   0.185319E+02   0.180860E+02   0.936131E+06   0.182061E+07   0.184789E+07   0.182061E+07  -0.761876E-01   0.152195E+07   0.152154E+07   0.132581E+01
   0.961876E-01   0.170230E+07   0.168560E+07   0.151789E+02   0.148134E+02   0.830378E+06   0.167364E+07   0.169965E+07   0.167364E+07  -0.700373E-01   0.139941E+07   0.139900E+07   0.124996E+01
   0.101546E+00   0.157878E+07   0.156240E+07   0.126141E+02   0.123100E+02   0.743132E+06   0.155125E+07   0.157617E+07   0.155125E+07  -0.649157E-01   0.129735E+07   0.129696E+07   0.113085E+01
   0.106904E+00   0.148068E+07   0.146557E+07   0.106617E+02   0.104044E+02   0.673049E+06   0.145418E+07   0.147827E+07   0.145418E+07  -0.608536E-01   0.121641E+07   0.121606E+07   0.980781E+00
   0.112263E+00   0.140444E+07   0.139128E+07   0.916132E+01   0.894009E+01   0.616951E+06   0.137885E+07   0.140235E+07   0.137885E+07  -0.577012E-01   0.115362E+07   0.115331E+07   0.820862E+00
   0.117621E+00   0.134297E+07   0.133196E+07   0.797332E+01   0.778061E+01   0.570514E+06   0.131816E+07   0.134122E+07   0.131816E+07  -0.551616E-01   0.110305E+07   0.110278E+07   0.672775E+00
   0.122980E+00   0.128847E+07   0.127939E+07   0.699176E+01   0.682264E+01   0.529636E+06   0.126436E+07   0.128703E+07   0.126436E+07  -0.529104E-01   0.105821E+07   0.105798E+07   0.552869E+00
   0.128338E+00   0.123489E+07   0.122720E+07   0.614787E+01   0.599905E+01   0.491429E+06   0.121146E+07   0.123366E+07   0.121146E+07  -0.506962E-01   0.101410E+07   0.101390E+07   0.469069E+00
   0.133696E+00   0.117886E+07   0.117188E+07   0.540305E+01   0.527216E+01   0.454390E+06   0.115610E+07   0.117775E+07   0.115610E+07  -0.483798E-01   0.967925E+06   0.967734E+06   0.420515E+00
   0.139055E+00   0.111965E+07   0.111276E+07   0.473931E+01   0.462443E+01   0.418198E+06   0.109760E+07   0.111855E+07   0.109760E+07  -0.459316E-01   0.919091E+06   0.918902E+06   0.399450E+00
   0.144413E+00   0.105860E+07   0.105135E+07   0.415043E+01   0.404975E+01   0.383314E+06   0.103728E+07   0.105745E+07   0.103728E+07  -0.434074E-01   0.868715E+06   0.868521E+06   0.394440E+00
   0.149771E+00   0.998235E+06   0.990455E+06   0.363509E+01   0.354685E+01   0.350573E+06   0.977655E+06   0.996997E+06   0.977655E+06  -0.409123E-01   0.818903E+06   0.818702E+06   0.393817E+00
   0.155130E+00   0.941541E+06   0.933325E+06   0.319280E+01   0.311525E+01   0.320863E+06   0.921702E+06   0.940234E+06   0.921702E+06  -0.385708E-01   0.772145E+06   0.771941E+06   0.388484E+00
   0.160488E+00   0.891311E+06   0.882936E+06   0.282152E+01   0.275295E+01   0.294895E+06   0.872173E+06   0.889978E+06   0.872173E+06  -0.364981E-01   0.730753E+06   0.730549E+06   0.373467E+00
   0.165847E+00   0.849176E+06   0.841002E+06   0.251529E+01   0.245412E+01   0.272911E+06   0.830672E+06   0.847875E+06   0.830672E+06  -0.347614E-01   0.696072E+06   0.695875E+06   0.348068E+00
   0.171205E+00   0.814900E+06   0.807255E+06   0.226353E+01   0.220846E+01   0.254530E+06   0.796954E+06   0.813684E+06   0.796954E+06  -0.333504E-01   0.667899E+06   0.667716E+06   0.314949E+00
   0.176563E+00   0.786704E+06   0.779801E+06   0.205341E+01   0.200342E+01   0.238929E+06   0.769249E+06   0.785606E+06   0.769249E+06  -0.321910E-01   0.644757E+06   0.644589E+06   0.278670E+00
   0.181922E+00   0.762292E+06   0.756189E+06   0.187323E+01   0.182760E+01   0.225213E+06   0.745280E+06   0.761321E+06   0.745280E+06  -0.311880E-01   0.624737E+06   0.624586E+06   0.244138E+00
   0.187280E+00   0.739535E+06   0.734142E+06   0.171393E+01   0.167217E+01   0.212626E+06   0.722937E+06   0.738677E+06   0.722937E+06  -0.302530E-01   0.606074E+06   0.605937E+06   0.215265E+00
   0.192639E+00   0.716623E+06   0.711742E+06   0.156890E+01   0.153065E+01   0.200581E+06   0.700429E+06   0.715847E+06   0.700429E+06  -0.293111E-01   0.587266E+06   0.587139E+06   0.194127E+00
   0.197997E+00   0.692320E+06   0.687711E+06   0.143397E+01   0.139899E+01   0.188707E+06   0.676540E+06   0.691587E+06   0.676540E+06  -0.283114E-01   0.567295E+06   0.567173E+06   0.180788E+00
   0.203355E+00   0.666390E+06   0.661833E+06   0.130770E+01   0.127579E+01   0.176942E+06   0.651042E+06   0.665665E+06   0.651042E+06  -0.272444E-01   0.545969E+06   0.545849E+06   0.173693E+00
   0.208714E+00   0.639594E+06   0.634941E+06   0.119076E+01   0.116169E+01   0.165488E+06   0.624690E+06   0.638853E+06   0.624690E+06  -0.261416E-01   0.523921E+06   0.523800E+06   0.170368E+00
   0.214072E+00   0.613140E+06   0.608334E+06   0.108441E+01   0.105793E+01   0.154642E+06   0.598679E+06   0.612375E+06   0.598679E+06  -0.250531E-01   0.502154E+06   0.502032E+06   0.168167E+00
   0.219430E+00   0.588149E+06   0.583224E+06   0.989439E+00   0.965265E+00   0.144647E+06   0.574119E+06   0.587365E+06   0.574119E+06  -0.240254E-01   0.481597E+06   0.481474E+06   0.164914E+00
   0.224789E+00   0.565462E+06   0.560515E+06   0.905964E+00   0.883821E+00   0.135655E+06   0.551838E+06   0.564675E+06   0.551838E+06  -0.230930E-01   0.462948E+06   0.462826E+06   0.159328E+00
   0.230147E+00   0.545559E+06   0.540717E+06   0.833441E+00   0.813062E+00   0.127715E+06   0.532310E+06   0.544789E+06   0.532310E+06  -0.222758E-01   0.446603E+06   0.446484E+06   0.151139E+00
   0.235506E+00   0.528443E+06   0.523821E+06   0.770643E+00   0.751793E+00   0.120759E+06   0.515531E+06   0.527708E+06   0.515531E+06  -0.215736E-01   0.432560E+06   0.432448E+06   0.140934E+00
   0.240864E+00   0.513630E+06   0.509304E+06   0.715811E+00   0.698296E+00   0.114615E+06   0.501023E+06   0.512942E+06   0.501023E+06  -0.209665E-01   0.420420E+06   0.420313E+06   0.129815E+00
   0.246222E+00   0.500340E+06   0.496335E+06   0.667037E+00   0.650710E+00   0.109059E+06   0.488014E+06   0.499703E+06   0.488014E+06  -0.204221E-01   0.409534E+06   0.409434E+06   0.119016E+00
   0.251581E+00   0.487744E+06   0.484030E+06   0.622628E+00   0.607383E+00   0.103877E+06   0.475685E+06   0.487153E+06   0.475685E+06  -0.199062E-01   0.399216E+06   0.399122E+06   0.109564E+00
   0.256939E+00   0.475149E+06   0.471660E+06   0.581311E+00   0.567074E+00   0.989014E+05   0.463352E+06   0.474594E+06   0.463352E+06  -0.193901E-01   0.388893E+06   0.388804E+06   0.102063E+00
   0.262297E+00   0.462141E+06   0.458794E+06   0.542335E+00   0.529048E+00   0.940379E+05   0.450611E+06   0.461609E+06   0.450611E+06  -0.188569E-01   0.378225E+06   0.378139E+06   0.966229E-01
   0.267656E+00   0.448665E+06   0.445380E+06   0.505455E+00   0.493068E+00   0.892711E+05   0.437404E+06   0.448142E+06   0.437404E+06  -0.183042E-01   0.367164E+06   0.367080E+06   0.929242E-01
   0.273014E+00   0.434956E+06   0.431678E+06   0.470779E+00   0.459238E+00   0.846450E+05   0.423969E+06   0.434435E+06   0.423969E+06  -0.177420E-01   0.355909E+06   0.355826E+06   0.903698E-01
   0.278373E+00   0.421393E+06   0.418096E+06   0.438535E+00   0.427782E+00   0.802263E+05   0.410676E+06   0.420869E+06   0.410676E+06  -0.171857E-01   0.344773E+06   0.344689E+06   0.882761E-01
   0.283731E+00   0.408364E+06   0.405055E+06   0.408918E+00   0.398888E+00   0.760783E+05   0.397911E+06   0.407837E+06   0.397911E+06  -0.166515E-01   0.334076E+06   0.333993E+06   0.860491E-01
   0.289089E+00   0.396201E+06   0.392910E+06   0.382030E+00   0.372657E+00   0.722479E+05   0.386000E+06   0.395677E+06   0.386000E+06  -0.161531E-01   0.324095E+06   0.324014E+06   0.833073E-01
   0.294448E+00   0.385115E+06   0.381884E+06   0.357830E+00   0.349048E+00   0.687559E+05   0.375150E+06   0.384601E+06   0.375150E+06  -0.156991E-01   0.315004E+06   0.314924E+06   0.799272E-01
   0.299806E+00   0.375129E+06   0.371998E+06   0.336103E+00   0.327853E+00   0.655876E+05   0.365384E+06   0.374631E+06   0.365384E+06  -0.152904E-01   0.306821E+06   0.306743E+06   0.760160E-01
   0.305165E+00   0.366079E+06   0.363077E+06   0.316491E+00   0.308721E+00   0.626967E+05   0.356538E+06   0.365602E+06   0.356538E+06  -0.149202E-01   0.299408E+06   0.299334E+06   0.718357E-01
   0.310523E+00   0.357695E+06   0.354831E+06   0.298586E+00   0.291253E+00   0.600222E+05   0.348346E+06   0.357239E+06   0.348346E+06  -0.145774E-01   0.292544E+06   0.292472E+06   0.677084E-01
   0.315881E+00   0.349697E+06   0.346966E+06   0.282021E+00   0.275093E+00   0.575066E+05   0.340533E+06   0.349263E+06   0.340533E+06  -0.142504E-01   0.285996E+06   0.285928E+06   0.639253E-01
   0.321240E+00   0.341853E+06   0.339233E+06   0.266508E+00   0.259960E+00   0.551037E+05   0.332869E+06   0.341436E+06   0.332869E+06  -0.139297E-01   0.279573E+06   0.279507E+06   0.606784E-01
   0.326598E+00   0.333997E+06   0.331461E+06   0.251846E+00   0.245657E+00   0.527822E+05   0.325192E+06   0.333594E+06   0.325192E+06  -0.136084E-01   0.273138E+06   0.273074E+06   0.580295E-01
   0.331956E+00   0.326064E+06   0.323581E+06   0.237929E+00   0.232081E+00   0.505282E+05   0.317436E+06   0.325669E+06   0.317436E+06  -0.132839E-01   0.266637E+06   0.266574E+06   0.559184E-01
   0.337315E+00   0.318098E+06   0.315648E+06   0.224741E+00   0.219215E+00   0.483462E+05   0.309648E+06   0.317708E+06   0.309648E+06  -0.129580E-01   0.260107E+06   0.260045E+06   0.542005E-01
   0.342673E+00   0.310228E+06   0.307798E+06   0.212323E+00   0.207102E+00   0.462525E+05   0.301954E+06   0.309841E+06   0.301954E+06  -0.126360E-01   0.253655E+06   0.253594E+06   0.526947E-01
   0.348032E+00   0.302602E+06   0.300191E+06   0.200724E+00   0.195787E+00   0.442654E+05   0.294500E+06   0.302219E+06   0.294500E+06  -0.123241E-01   0.247404E+06   0.247344E+06   0.512311E-01
   0.353390E+00   0.295339E+06   0.292955E+06   0.189963E+00   0.185290E+00   0.423970E+05   0.287403E+06   0.294960E+06   0.287403E+06  -0.120270E-01   0.241452E+06   0.241392E+06   0.496860E-01
   0.358748E+00   0.288504E+06   0.286159E+06   0.180023E+00   0.175594E+00   0.406512E+05   0.280726E+06   0.288131E+06   0.280726E+06  -0.117476E-01   0.235852E+06   0.235794E+06   0.480026E-01
   0.364107E+00   0.282113E+06   0.279822E+06   0.170855E+00   0.166651E+00   0.390244E+05   0.274486E+06   0.281749E+06   0.274486E+06  -0.114865E-01   0.230619E+06   0.230562E+06   0.461903E-01
   0.369465E+00   0.276136E+06   0.273907E+06   0.162386E+00   0.158390E+00   0.375066E+05   0.268652E+06   0.275781E+06   0.268652E+06  -0.112424E-01   0.225725E+06   0.225670E+06   0.443085E-01
   0.374823E+00   0.270495E+06   0.268335E+06   0.154524E+00   0.150720E+00   0.360824E+05   0.263148E+06   0.270152E+06   0.263148E+06  -0.110120E-01   0.221109E+06   0.221055E+06   0.424412E-01
   0.380182E+00   0.265090E+06   0.262998E+06   0.147171E+00   0.143547E+00   0.347341E+05   0.257875E+06   0.264757E+06   0.257875E+06  -0.107914E-01   0.216686E+06   0.216634E+06   0.406703E-01
   0.385540E+00   0.259826E+06   0.257794E+06   0.140241E+00   0.136788E+00   0.334460E+05   0.252739E+06   0.259503E+06   0.252739E+06  -0.105765E-01   0.212379E+06   0.212327E+06   0.390568E-01
   0.390899E+00   0.254640E+06   0.252659E+06   0.133675E+00   0.130383E+00   0.322074E+05   0.247679E+06   0.254325E+06   0.247679E+06  -0.103647E-01   0.208134E+06   0.208084E+06   0.376295E-01
   0.396257E+00   0.249503E+06   0.247564E+06   0.127436E+00   0.124297E+00   0.310129E+05   0.242667E+06   0.249195E+06   0.242667E+06  -0.101550E-01   0.203928E+06   0.203879E+06   0.363828E-01
   0.401615E+00   0.244418E+06   0.242510E+06   0.121507E+00   0.118514E+00   0.298609E+05   0.237703E+06   0.244114E+06   0.237703E+06  -0.994726E-02   0.199764E+06   0.199716E+06   0.352832E-01
   0.406974E+00   0.239407E+06   0.237527E+06   0.115882E+00   0.113026E+00   0.287527E+05   0.232814E+06   0.239108E+06   0.232814E+06  -0.974266E-02   0.195661E+06   0.195614E+06   0.342821E-01
   0.412332E+00   0.234517E+06   0.232661E+06   0.110563E+00   0.107838E+00   0.276919E+05   0.228042E+06   0.234221E+06   0.228042E+06  -0.954295E-02   0.191657E+06   0.191610E+06   0.333297E-01
   0.417691E+00   0.229792E+06   0.227961E+06   0.105555E+00   0.102954E+00   0.266819E+05   0.223432E+06   0.229501E+06   0.223432E+06  -0.935004E-02   0.187788E+06   0.187742E+06   0.323862E-01
   0.423049E+00   0.225262E+06   0.223461E+06   0.100853E+00   0.983669E-01   0.257241E+05   0.219014E+06   0.224976E+06   0.219014E+06  -0.916516E-02   0.184081E+06   0.184035E+06   0.314281E-01
   0.428407E+00   0.220936E+06   0.219168E+06   0.964416E-01   0.940640E-01   0.248172E+05   0.214795E+06   0.220655E+06   0.214795E+06  -0.898862E-02   0.180540E+06   0.180496E+06   0.304500E-01
   0.433766E+00   0.216804E+06   0.215071E+06   0.922997E-01   0.900240E-01   0.239581E+05   0.210766E+06   0.216528E+06   0.210766E+06  -0.882001E-02   0.177158E+06   0.177115E+06   0.294622E-01
   0.439124E+00   0.212844E+06   0.211150E+06   0.884030E-01   0.862231E-01   0.231423E+05   0.206906E+06   0.212574E+06   0.206906E+06  -0.865848E-02   0.173919E+06   0.173876E+06   0.284849E-01
   0.444482E+00   0.209028E+06   0.207372E+06   0.847253E-01   0.826358E-01   0.223651E+05   0.203187E+06   0.208764E+06   0.203187E+06  -0.850284E-02   0.170797E+06   0.170755E+06   0.275411E-01
   0.449841E+00   0.205322E+06   0.203703E+06   0.812412E-01   0.792374E-01   0.216214E+05   0.199576E+06   0.205065E+06   0.199576E+06  -0.835172E-02   0.167766E+06   0.167725E+06   0.266499E-01
   0.455199E+00   0.201699E+06   0.200113E+06   0.779291E-01   0.760068E-01   0.209070E+05   0.196045E+06   0.201447E+06   0.196045E+06  -0.820397E-02   0.164802E+06   0.164762E+06   0.258224E-01
   0.460558E+00   0.198141E+06   0.196585E+06   0.747732E-01   0.729285E-01   0.202188E+05   0.192577E+06   0.197894E+06   0.192577E+06  -0.805886E-02   0.161891E+06   0.161852E+06   0.250601E-01
   0.465916E+00   0.194643E+06   0.193113E+06   0.717634E-01   0.699927E-01   0.195555E+05   0.189168E+06   0.194399E+06   0.189168E+06  -0.791618E-02   0.159029E+06   0.158990E+06   0.243566E-01
   0.471274E+00   0.191210E+06   0.189703E+06   0.688943E-01   0.671942E-01   0.189167E+05   0.185822E+06   0.190970E+06   0.185822E+06  -0.777616E-02   0.156220E+06   0.156182E+06   0.236996E-01
   0.476633E+00   0.187853E+06   0.186369E+06   0.661628E-01   0.645300E-01   0.183025E+05   0.182551E+06   0.187617E+06   0.182551E+06  -0.763927E-02   0.153474E+06   0.153436E+06   0.230750E-01
   0.481991E+00   0.184585E+06   0.183122E+06   0.635659E-01   0.619970E-01   0.177133E+05   0.179366E+06   0.184352E+06   0.179366E+06  -0.750599E-02   0.150799E+06   0.150763E+06   0.224695E-01
   0.487350E+00   0.181413E+06   0.179973E+06   0.610998E-01   0.595916E-01   0.171490E+05   0.176276E+06   0.181184E+06   0.176276E+06  -0.737669E-02   0.148205E+06   0.148169E+06   0.218738E-01
   0.492708E+00   0.178344E+06   0.176926E+06   0.587596E-01   0.573090E-01   0.166091E+05   0.173286E+06   0.178119E+06   0.173286E+06  -0.725157E-02   0.145695E+06   0.145659E+06   0.212837E-01
   0.498066E+00   0.175379E+06   0.173985E+06   0.565394E-01   0.551435E-01   0.160928E+05   0.170398E+06   0.175157E+06   0.170398E+06  -0.713071E-02   0.143269E+06   0.143234E+06   0.206999E-01
   0.503425E+00   0.172512E+06   0.171143E+06   0.544313E-01   0.530873E-01   0.155989E+05   0.167606E+06   0.172294E+06   0.167606E+06  -0.701386E-02   0.140925E+06   0.140890E+06   0.201263E-01
   0.508783E+00   0.169731E+06   0.168386E+06   0.524260E-01   0.511314E-01   0.151253E+05   0.164898E+06   0.169517E+06   0.164898E+06  -0.690054E-02   0.138651E+06   0.138617E+06   0.195685E-01
   0.514141E+00   0.167024E+06   0.165703E+06   0.505146E-01   0.492671E-01   0.146703E+05   0.162262E+06   0.166814E+06   0.162262E+06  -0.679023E-02   0.136437E+06   0.136404E+06   0.190319E-01
   0.519500E+00   0.164382E+06   0.163084E+06   0.486901E-01   0.474876E-01   0.142325E+05   0.159689E+06   0.164176E+06   0.159689E+06  -0.668258E-02   0.134277E+06   0.134244E+06   0.185205E-01
   0.524858E+00   0.161799E+06   0.160522E+06   0.469465E-01   0.457869E-01   0.138107E+05   0.157174E+06   0.161596E+06   0.157174E+06  -0.657733E-02   0.132164E+06   0.132132E+06   0.180359E-01
   0.530217E+00   0.159269E+06   0.158012E+06   0.452782E-01   0.441598E-01   0.134037E+05   0.154710E+06   0.159069E+06   0.154710E+06  -0.647422E-02   0.130095E+06   0.130063E+06   0.175768E-01
   0.535575E+00   0.156787E+06   0.155549E+06   0.436808E-01   0.426017E-01   0.130110E+05   0.152294E+06   0.156590E+06   0.152294E+06  -0.637310E-02   0.128065E+06   0.128034E+06   0.171403E-01
   0.540933E+00   0.154356E+06   0.153136E+06   0.421515E-01   0.411101E-01   0.126320E+05   0.149927E+06   0.154162E+06   0.149927E+06  -0.627405E-02   0.126077E+06   0.126047E+06   0.167224E-01
   0.546292E+00   0.151980E+06   0.150778E+06   0.406886E-01   0.396832E-01   0.122667E+05   0.147614E+06   0.151789E+06   0.147614E+06  -0.617727E-02   0.124135E+06   0.124105E+06   0.163190E-01
   0.551650E+00   0.149664E+06   0.148479E+06   0.392900E-01   0.383192E-01   0.119150E+05   0.145360E+06   0.149476E+06   0.145360E+06  -0.608292E-02   0.122241E+06   0.122211E+06   0.159268E-01
   0.557009E+00   0.147408E+06   0.146239E+06   0.379531E-01   0.370152E-01   0.115764E+05   0.143163E+06   0.147222E+06   0.143163E+06  -0.599100E-02   0.120396E+06   0.120366E+06   0.155436E-01
   0.562367E+00   0.145209E+06   0.144058E+06   0.366746E-01   0.357682E-01   0.112505E+05   0.141023E+06   0.145026E+06   0.141023E+06  -0.590145E-02   0.118598E+06   0.118569E+06   0.151684E-01
   0.567725E+00   0.143067E+06   0.141934E+06   0.354517E-01   0.345754E-01   0.109366E+05   0.138939E+06   0.142887E+06   0.138939E+06  -0.581423E-02   0.116847E+06   0.116819E+06   0.148017E-01
   0.573084E+00   0.140982E+06   0.139865E+06   0.342816E-01   0.334342E-01   0.106343E+05   0.136909E+06   0.140804E+06   0.136909E+06  -0.572929E-02   0.115142E+06   0.115114E+06   0.144446E-01
   0.578442E+00   0.138948E+06   0.137848E+06   0.331611E-01   0.323414E-01   0.103429E+05   0.134930E+06   0.138773E+06   0.134930E+06  -0.564647E-02   0.113479E+06   0.113452E+06   0.140985E-01
   0.629704E+00   0.121550E+06   0.120588E+06   0.244599E-01   0.238549E-01   0.800641E+04   0.118004E+06   0.121397E+06   0.118004E+06  -0.493818E-02   0.992583E+05   0.992340E+05   0.113456E-01
   0.769122E+00   0.883787E+05   0.876795E+05   0.119037E-01   0.116089E-01   0.432290E+04   0.857558E+05   0.882675E+05   0.857558E+05  -0.358865E-02   0.721524E+05   0.721347E+05   0.677517E-02
   0.939408E+00   0.639484E+05   0.634424E+05   0.576687E-02   0.562391E-02   0.229346E+04   0.620255E+05   0.638679E+05   0.620255E+05  -0.259561E-02   0.521977E+05   0.521848E+05   0.403576E-02
   0.114740E+01   0.460732E+05   0.457086E+05   0.278264E-02   0.271361E-02   0.119725E+04   0.446742E+05   0.460152E+05   0.446742E+05  -0.186950E-02   0.376018E+05   0.375925E+05   0.240051E-02
   0.140143E+01   0.330590E+05   0.327973E+05   0.133749E-02   0.130429E-02   0.615525E+03   0.320479E+05   0.330174E+05   0.320479E+05  -0.134112E-02   0.269777E+05   0.269709E+05   0.142783E-02
   0.171171E+01   0.236361E+05   0.234490E+05   0.640685E-03   0.624776E-03   0.312025E+03   0.229093E+05   0.236063E+05   0.229093E+05  -0.958696E-03   0.192868E+05   0.192818E+05   0.851291E-03
   0.209069E+01   0.168432E+05   0.167098E+05   0.305928E-03   0.298329E-03   0.156120E+03   0.163233E+05   0.168220E+05   0.163233E+05  -0.683089E-03   0.137431E+05   0.137395E+05   0.510200E-03
   0.255358E+01   0.119657E+05   0.118708E+05   0.145646E-03   0.142027E-03   0.771862E+02   0.115953E+05   0.119506E+05   0.115953E+05  -0.485233E-03   0.976291E+04   0.976023E+04   0.308514E-03
   0.311895E+01   0.847655E+04   0.840921E+04   0.691481E-04   0.674298E-04   0.377557E+02   0.821366E+04   0.846584E+04   0.821366E+04  -0.343720E-03   0.691591E+04   0.691391E+04   0.189128E-03
   0.380949E+01   0.598957E+04   0.594187E+04   0.327475E-04   0.319337E-04   0.182975E+02   0.580354E+04   0.598198E+04   0.580354E+04  -0.242863E-03   0.488671E+04   0.488518E+04   0.118216E-03
   0.465292E+01   0.422203E+04   0.418829E+04   0.154718E-04   0.150873E-04   0.879678E+01   0.409076E+04   0.421667E+04   0.409076E+04  -0.171188E-03   0.344458E+04   0.344338E+04   0.758072E-04
   0.568309E+01   0.296963E+04   0.294577E+04   0.729406E-05   0.711278E-05   0.420103E+01   0.287722E+04   0.296584E+04   0.287722E+04  -0.120404E-03   0.242277E+04   0.242180E+04   0.501701E-04
   0.694134E+01   0.208445E+04   0.206756E+04   0.343168E-05   0.334640E-05   0.199511E+01   0.201953E+04   0.208176E+04   0.201953E+04  -0.845121E-04   0.170057E+04   0.169976E+04   0.344182E-04
   0.847817E+01   0.146035E+04   0.144837E+04   0.161147E-05   0.157143E-05   0.943186E+00   0.141483E+04   0.145844E+04   0.141483E+04  -0.592071E-04   0.119140E+04   0.119069E+04   0.245223E-04
   0.103553E+02   0.102131E+04   0.101278E+04   0.755385E-06   0.736615E-06   0.444226E+00   0.989449E+03   0.101995E+04   0.989449E+03  -0.414059E-04   0.833203E+03   0.832565E+03   0.181239E-04
   0.126479E+02   0.713086E+03   0.706973E+03   0.353496E-06   0.344714E-06   0.208578E+00   0.690812E+03   0.712113E+03   0.690812E+03  -0.289087E-04   0.581735E+03   0.581141E+03   0.138413E-04
   0.154482E+02   0.497116E+03   0.492691E+03   0.165164E-06   0.161061E-06   0.976829E-01   0.481562E+03   0.496412E+03   0.481562E+03  -0.201521E-04   0.405536E+03   0.404966E+03   0.108630E-04
   0.188685E+02   0.346055E+03   0.342804E+03   0.770517E-07   0.751386E-07   0.456477E-01   0.335200E+03   0.345538E+03   0.335200E+03  -0.140272E-04   0.282291E+03   0.281733E+03   0.870886E-05
   0.230461E+02   0.240566E+03   0.238130E+03   0.358928E-07   0.350021E-07   0.212909E-01   0.232993E+03   0.240179E+03   0.232993E+03  -0.975014E-05   0.196228E+03   0.195673E+03   0.709246E-05
   0.281485E+02   0.167015E+03   0.165140E+03   0.166952E-07   0.162813E-07   0.991352E-02   0.161728E+03   0.166717E+03   0.161728E+03  -0.676791E-05   0.136220E+03   0.135662E+03   0.584004E-05
   0.343807E+02   0.115805E+03   0.114316E+03   0.775389E-08   0.756190E-08   0.460870E-02   0.112110E+03   0.115568E+03   0.112110E+03  -0.469150E-05   0.944391E+02   0.938735E+02   0.484397E-05
   0.419926E+02   0.801964E+02   0.789706E+02   0.359541E-08   0.350656E-08   0.213927E-02   0.776077E+02   0.800014E+02   0.776077E+02  -0.324768E-05   0.653873E+02   0.648117E+02   0.403555E-05
   0.512900E+02   0.554677E+02   0.544195E+02   0.166417E-08   0.162316E-08   0.991477E-03   0.536463E+02   0.553009E+02   0.536463E+02  -0.224496E-05   0.452113E+02   0.446243E+02   0.336936E-05
   0.626457E+02   0.383143E+02   0.373848E+02   0.768658E-09   0.749797E-09   0.458761E-03   0.370244E+02   0.381664E+02   0.370244E+02  -0.154937E-05   0.312156E+02   0.306168E+02   0.281405E-05
   0.765156E+02   0.264285E+02   0.255774E+02   0.354114E-09   0.345480E-09   0.211880E-03   0.255064E+02   0.262931E+02   0.255064E+02  -0.106737E-05   0.215176E+02   0.209076E+02   0.234705E-05
   0.934564E+02   0.182010E+02   0.174015E+02   0.162594E-09   0.158667E-09   0.976409E-04   0.175331E+02   0.180738E+02   0.175331E+02  -0.733712E-06   0.148043E+02   0.141849E+02   0.195139E-05
   0.114148E+03   0.125114E+02   0.117465E+02   0.743251E-10   0.725558E-10   0.448721E-04   0.120190E+02   0.123897E+02   0.120190E+02  -0.502964E-06   0.101617E+02   0.953601E+01   0.161384E-05
