#          k/h    CDM            baryon         photon         nu             mass_nu        total          no_nu          total_de       Weyl           v_CDM          v_b            v_b-v_c     
   0.105171E-04   0.544089E+07   0.544089E+07   0.725359E+07   0.725356E+07   0.544120E+07   0.544090E+07   0.544089E+07   0.544932E+07  -0.597881E+00   0.537405E+07   0.537405E+07   0.114370E+02
   0.116124E-04   0.544089E+07   0.544088E+07   0.725339E+07   0.725335E+07   0.544120E+07   0.544089E+07   0.544089E+07   0.544932E+07  -0.597881E+00   0.537405E+07   0.537405E+07   0.126279E+02
   0.128218E-04   0.544088E+07   0.544088E+07   0.725314E+07   0.725309E+07   0.544120E+07   0.544089E+07   0.544088E+07   0.544931E+07  -0.597881E+00   0.537405E+07   0.537405E+07   0.139428E+02
   0.141570E-04   0.544088E+07   0.544088E+07   0.725284E+07   0.725277E+07   0.544119E+07   0.544089E+07   0.544088E+07   0.544931E+07  -0.597881E+00   0.537405E+07   0.537405E+07   0.153946E+02
   0.156314E-04   0.544088E+07   0.544088E+07   0.725247E+07   0.725239E+07   0.544119E+07   0.544089E+07   0.544088E+07   0.544931E+07  -0.597880E+00   0.537405E+07   0.537405E+07   0.169974E+02
   0.172593E-04   0.544088E+07   0.544088E+07   0.725202E+07   0.725192E+07   0.544119E+07   0.544089E+07   0.544088E+07   0.544931E+07  -0.597880E+00   0.537404E+07   0.537404E+07   0.187670E+02
   0.190567E-04   0.544088E+07   0.544087E+07   0.725147E+07   0.725136E+07   0.544118E+07   0.544088E+07   0.544088E+07   0.544930E+07  -0.597880E+00   0.537404E+07   0.537404E+07   0.207207E+02
   0.210413E-04   0.544087E+07   0.544087E+07   0.725080E+07   0.725066E+07   0.544118E+07   0.544088E+07   0.544087E+07   0.544930E+07  -0.597879E+00   0.537404E+07   0.537404E+07   0.228777E+02
   0.232326E-04   0.544087E+07   0.544087E+07   0.724999E+07   0.724982E+07   0.544118E+07   0.544088E+07   0.544087E+07   0.544929E+07  -0.597879E+00   0.537403E+07   0.537403E+07   0.252589E+02
   0.256521E-04   0.544086E+07   0.544086E+07   0.724899E+07   0.724879E+07   0.544117E+07   0.544087E+07   0.544086E+07   0.544929E+07  -0.597878E+00   0.537403E+07   0.537403E+07   0.278877E+02
   0.283236E-04   0.544086E+07   0.544085E+07   0.724778E+07   0.724753E+07   0.544116E+07   0.544086E+07   0.544086E+07   0.544928E+07  -0.597877E+00   0.537402E+07   0.537402E+07   0.307896E+02
   0.312733E-04   0.544085E+07   0.544085E+07   0.724631E+07   0.724600E+07   0.544115E+07   0.544086E+07   0.544085E+07   0.544927E+07  -0.597876E+00   0.537401E+07   0.537401E+07   0.339929E+02
   0.345301E-04   0.544084E+07   0.544084E+07   0.724451E+07   0.724413E+07   0.544114E+07   0.544085E+07   0.544084E+07   0.544926E+07  -0.597874E+00   0.537400E+07   0.537400E+07   0.375287E+02
   0.381262E-04   0.544083E+07   0.544082E+07   0.724231E+07   0.724186E+07   0.544113E+07   0.544084E+07   0.544083E+07   0.544924E+07  -0.597873E+00   0.537399E+07   0.537399E+07   0.414313E+02
   0.420968E-04   0.544081E+07   0.544081E+07   0.723964E+07   0.723908E+07   0.544111E+07   0.544082E+07   0.544081E+07   0.544922E+07  -0.597871E+00   0.537398E+07   0.537398E+07   0.457383E+02
   0.464808E-04   0.544079E+07   0.544079E+07   0.723639E+07   0.723570E+07   0.544109E+07   0.544080E+07   0.544079E+07   0.544920E+07  -0.597868E+00   0.537396E+07   0.537396E+07   0.504911E+02
   0.513214E-04   0.544077E+07   0.544077E+07   0.723242E+07   0.723159E+07   0.544106E+07   0.544078E+07   0.544077E+07   0.544918E+07  -0.597865E+00   0.537394E+07   0.537393E+07   0.557353E+02
   0.566662E-04   0.544075E+07   0.544074E+07   0.722758E+07   0.722657E+07   0.544103E+07   0.544076E+07   0.544075E+07   0.544915E+07  -0.597862E+00   0.537392E+07   0.537391E+07   0.615207E+02
   0.625675E-04   0.544072E+07   0.544071E+07   0.722169E+07   0.722046E+07   0.544100E+07   0.544072E+07   0.544072E+07   0.544911E+07  -0.597857E+00   0.537389E+07   0.537387E+07   0.679021E+02
   0.690835E-04   0.544068E+07   0.544067E+07   0.721452E+07   0.721302E+07   0.544095E+07   0.544068E+07   0.544068E+07   0.544906E+07  -0.597852E+00   0.537385E+07   0.537383E+07   0.749393E+02
   0.762780E-04   0.544063E+07   0.544062E+07   0.720578E+07   0.720395E+07   0.544089E+07   0.544064E+07   0.544063E+07   0.544900E+07  -0.597845E+00   0.537380E+07   0.537379E+07   0.826975E+02
   0.842218E-04   0.544057E+07   0.544056E+07   0.719514E+07   0.719291E+07   0.544083E+07   0.544058E+07   0.544057E+07   0.544893E+07  -0.597837E+00   0.537374E+07   0.537373E+07   0.912477E+02
   0.929929E-04   0.544050E+07   0.544049E+07   0.718219E+07   0.717948E+07   0.544074E+07   0.544051E+07   0.544050E+07   0.544884E+07  -0.597827E+00   0.537368E+07   0.537365E+07   0.100667E+03
   0.102677E-03   0.544042E+07   0.544040E+07   0.716643E+07   0.716313E+07   0.544064E+07   0.544042E+07   0.544042E+07   0.544874E+07  -0.597815E+00   0.537359E+07   0.537356E+07   0.111038E+03
   0.113370E-03   0.544031E+07   0.544029E+07   0.714726E+07   0.714325E+07   0.544052E+07   0.544032E+07   0.544031E+07   0.544861E+07  -0.597800E+00   0.537349E+07   0.537346E+07   0.122451E+03
   0.125177E-03   0.544019E+07   0.544016E+07   0.712396E+07   0.711908E+07   0.544037E+07   0.544019E+07   0.544018E+07   0.544846E+07  -0.597782E+00   0.537337E+07   0.537333E+07   0.135001E+03
   0.138213E-03   0.544003E+07   0.544000E+07   0.709566E+07   0.708972E+07   0.544019E+07   0.544003E+07   0.544003E+07   0.544827E+07  -0.597761E+00   0.537322E+07   0.537317E+07   0.148787E+03
   0.152607E-03   0.543985E+07   0.543981E+07   0.706129E+07   0.705409E+07   0.543996E+07   0.543984E+07   0.543984E+07   0.544804E+07  -0.597734E+00   0.537303E+07   0.537297E+07   0.163916E+03
   0.168500E-03   0.543962E+07   0.543957E+07   0.701961E+07   0.701087E+07   0.543969E+07   0.543961E+07   0.543961E+07   0.544776E+07  -0.597702E+00   0.537281E+07   0.537273E+07   0.180495E+03
   0.186048E-03   0.543934E+07   0.543928E+07   0.696912E+07   0.695852E+07   0.543936E+07   0.543933E+07   0.543933E+07   0.544742E+07  -0.597662E+00   0.537254E+07   0.537244E+07   0.198632E+03
   0.205424E-03   0.543900E+07   0.543893E+07   0.690803E+07   0.689519E+07   0.543896E+07   0.543899E+07   0.543899E+07   0.544700E+07  -0.597615E+00   0.537220E+07   0.537209E+07   0.218434E+03
   0.226817E-03   0.543859E+07   0.543850E+07   0.683426E+07   0.681873E+07   0.543847E+07   0.543857E+07   0.543858E+07   0.544650E+07  -0.597557E+00   0.537180E+07   0.537166E+07   0.239998E+03
   0.250438E-03   0.543809E+07   0.543799E+07   0.674534E+07   0.672659E+07   0.543788E+07   0.543807E+07   0.543807E+07   0.544589E+07  -0.597486E+00   0.537131E+07   0.537114E+07   0.263407E+03
   0.276520E-03   0.543748E+07   0.543735E+07   0.663844E+07   0.661586E+07   0.543715E+07   0.543745E+07   0.543746E+07   0.544515E+07  -0.597400E+00   0.537071E+07   0.537051E+07   0.288722E+03
   0.305317E-03   0.543674E+07   0.543659E+07   0.651033E+07   0.648319E+07   0.543627E+07   0.543670E+07   0.543671E+07   0.544425E+07  -0.597297E+00   0.536998E+07   0.536974E+07   0.315966E+03
   0.337113E-03   0.543583E+07   0.543565E+07   0.635737E+07   0.632487E+07   0.543520E+07   0.543579E+07   0.543580E+07   0.544316E+07  -0.597171E+00   0.536909E+07   0.536880E+07   0.345111E+03
   0.372221E-03   0.543474E+07   0.543452E+07   0.617559E+07   0.613682E+07   0.543390E+07   0.543468E+07   0.543470E+07   0.544184E+07  -0.597018E+00   0.536801E+07   0.536767E+07   0.376057E+03
   0.410985E-03   0.543341E+07   0.543315E+07   0.596080E+07   0.591476E+07   0.543232E+07   0.543334E+07   0.543337E+07   0.544024E+07  -0.596834E+00   0.536670E+07   0.536629E+07   0.408608E+03
   0.453786E-03   0.543180E+07   0.543149E+07   0.570877E+07   0.565441E+07   0.543040E+07   0.543171E+07   0.543175E+07   0.543832E+07  -0.596612E+00   0.536512E+07   0.536463E+07   0.442435E+03
   0.501045E-03   0.542985E+07   0.542948E+07   0.541559E+07   0.535186E+07   0.542808E+07   0.542974E+07   0.542979E+07   0.543601E+07  -0.596345E+00   0.536320E+07   0.536261E+07   0.477048E+03
   0.553225E-03   0.542750E+07   0.542705E+07   0.507815E+07   0.500409E+07   0.542527E+07   0.542736E+07   0.542743E+07   0.543323E+07  -0.596024E+00   0.536087E+07   0.536018E+07   0.511750E+03
   0.610839E-03   0.542466E+07   0.542412E+07   0.469488E+07   0.460968E+07   0.542187E+07   0.542449E+07   0.542457E+07   0.542991E+07  -0.595640E+00   0.535806E+07   0.535725E+07   0.545599E+03
   0.674453E-03   0.542124E+07   0.542061E+07   0.426661E+07   0.416985E+07   0.541778E+07   0.542104E+07   0.542114E+07   0.542596E+07  -0.595182E+00   0.535468E+07   0.535372E+07   0.577376E+03
   0.744692E-03   0.541713E+07   0.541639E+07   0.379775E+07   0.368955E+07   0.541285E+07   0.541689E+07   0.541702E+07   0.542126E+07  -0.594638E+00   0.535060E+07   0.534950E+07   0.605565E+03
   0.822246E-03   0.541222E+07   0.541136E+07   0.329747E+07   0.317870E+07   0.540693E+07   0.541192E+07   0.541208E+07   0.541571E+07  -0.593996E+00   0.534572E+07   0.534445E+07   0.628372E+03
   0.907877E-03   0.540635E+07   0.540536E+07   0.278070E+07   0.265324E+07   0.539984E+07   0.540600E+07   0.540619E+07   0.540918E+07  -0.593241E+00   0.533987E+07   0.533843E+07   0.643798E+03
   0.100243E-02   0.539937E+07   0.539824E+07   0.226854E+07   0.213538E+07   0.539138E+07   0.539896E+07   0.539919E+07   0.540154E+07  -0.592358E+00   0.533290E+07   0.533130E+07   0.649796E+03
   0.110682E-02   0.539111E+07   0.538984E+07   0.178733E+07   0.165259E+07   0.538133E+07   0.539062E+07   0.539091E+07   0.539265E+07  -0.591332E+00   0.532464E+07   0.532289E+07   0.644526E+03
   0.122209E-02   0.538138E+07   0.537997E+07   0.136570E+07   0.123426E+07   0.536941E+07   0.538080E+07   0.538115E+07   0.538234E+07  -0.590147E+00   0.531488E+07   0.531300E+07   0.626735E+03
   0.134936E-02   0.536996E+07   0.536844E+07   0.102892E+07   0.905823E+06   0.535531E+07   0.536929E+07   0.536972E+07   0.537044E+07  -0.588785E+00   0.530342E+07   0.530145E+07   0.596207E+03
   0.148988E-02   0.535665E+07   0.535502E+07   0.791043E+06   0.680486E+06   0.533873E+07   0.535587E+07   0.535639E+07   0.535674E+07  -0.587228E+00   0.529004E+07   0.528801E+07   0.554213E+03
   0.164504E-02   0.534121E+07   0.533950E+07   0.646926E+06   0.551288E+06   0.531936E+07   0.534029E+07   0.534094E+07   0.534101E+07  -0.585453E+00   0.527451E+07   0.527248E+07   0.503752E+03
   0.181636E-02   0.532338E+07   0.532161E+07   0.568808E+06   0.488181E+06   0.529682E+07   0.532232E+07   0.532310E+07   0.532295E+07  -0.583433E+00   0.525659E+07   0.525459E+07   0.449373E+03
   0.200552E-02   0.530290E+07   0.530108E+07   0.513332E+06   0.446146E+06   0.527067E+07   0.530165E+07   0.530261E+07   0.530222E+07  -0.581133E+00   0.523602E+07   0.523407E+07   0.396352E+03
   0.221438E-02   0.527945E+07   0.527758E+07   0.441621E+06   0.386368E+06   0.524045E+07   0.527799E+07   0.527915E+07   0.527848E+07  -0.578514E+00   0.521252E+07   0.521062E+07   0.349283E+03
   0.244500E-02   0.525270E+07   0.525076E+07   0.344169E+06   0.300957E+06   0.520560E+07   0.525099E+07   0.525239E+07   0.525137E+07  -0.575531E+00   0.518576E+07   0.518389E+07   0.310596E+03
   0.269962E-02   0.522227E+07   0.522023E+07   0.248592E+06   0.218443E+06   0.516556E+07   0.522026E+07   0.522195E+07   0.522054E+07  -0.572141E+00   0.515535E+07   0.515350E+07   0.279888E+03
   0.298077E-02   0.518777E+07   0.518556E+07   0.190706E+06   0.172358E+06   0.511968E+07   0.518539E+07   0.518742E+07   0.518561E+07  -0.568301E+00   0.512090E+07   0.511904E+07   0.254751E+03
   0.329119E-02   0.514877E+07   0.514634E+07   0.168256E+06   0.150838E+06   0.506729E+07   0.514596E+07   0.514838E+07   0.514615E+07  -0.563965E+00   0.508195E+07   0.508007E+07   0.232576E+03
   0.363395E-02   0.510482E+07   0.510213E+07   0.142102E+06   0.122663E+06   0.500770E+07   0.510150E+07   0.510439E+07   0.510166E+07  -0.559081E+00   0.503807E+07   0.503618E+07   0.211726E+03
   0.401240E-02   0.505544E+07   0.505246E+07   0.102363E+06   0.996327E+05   0.494021E+07   0.505153E+07   0.505497E+07   0.505165E+07  -0.553596E+00   0.498878E+07   0.498690E+07   0.191412E+03
   0.443026E-02   0.500014E+07   0.499682E+07   0.830455E+05   0.808194E+05   0.486414E+07   0.499556E+07   0.499962E+07   0.499566E+07  -0.547455E+00   0.493359E+07   0.493172E+07   0.171808E+03
   0.489163E-02   0.493843E+07   0.493469E+07   0.766539E+05   0.654622E+05   0.477886E+07   0.493308E+07   0.493783E+07   0.493316E+07  -0.540601E+00   0.487199E+07   0.487014E+07   0.154404E+03
   0.540106E-02   0.486978E+07   0.486554E+07   0.565106E+05   0.529374E+05   0.468382E+07   0.486356E+07   0.486911E+07   0.486363E+07  -0.532979E+00   0.480349E+07   0.480163E+07   0.139877E+03
   0.596354E-02   0.479371E+07   0.478885E+07   0.501710E+05   0.427321E+05   0.457861E+07   0.478653E+07   0.479294E+07   0.478658E+07  -0.524533E+00   0.472758E+07   0.472572E+07   0.126723E+03
   0.658460E-02   0.470974E+07   0.470415E+07   0.395817E+05   0.344261E+05   0.446296E+07   0.470150E+07   0.470885E+07   0.470154E+07  -0.515212E+00   0.464380E+07   0.464196E+07   0.114370E+03
   0.727033E-02   0.461744E+07   0.461098E+07   0.298309E+05   0.276744E+05   0.433672E+07   0.460804E+07   0.461641E+07   0.460807E+07  -0.504968E+00   0.455173E+07   0.454989E+07   0.103317E+03
   0.802749E-02   0.451640E+07   0.450889E+07   0.230441E+05   0.221938E+05   0.419990E+07   0.450577E+07   0.451520E+07   0.450579E+07  -0.493758E+00   0.445098E+07   0.444914E+07   0.937228E+02
   0.886349E-02   0.440628E+07   0.439755E+07   0.209686E+05   0.177520E+05   0.405259E+07   0.439435E+07   0.440489E+07   0.439438E+07  -0.481547E+00   0.434123E+07   0.433938E+07   0.849946E+02
   0.978655E-02   0.428683E+07   0.427663E+07   0.143626E+05   0.141586E+05   0.389491E+07   0.427353E+07   0.428521E+07   0.427354E+07  -0.468305E+00   0.422221E+07   0.422036E+07   0.772260E+02
   0.108057E-01   0.415781E+07   0.414591E+07   0.117987E+05   0.112571E+05   0.372708E+07   0.414308E+07   0.415592E+07   0.414310E+07  -0.454010E+00   0.409372E+07   0.409185E+07   0.703816E+02
   0.119311E-01   0.401909E+07   0.400519E+07   0.973261E+04   0.891931E+04   0.354946E+07   0.400289E+07   0.401687E+07   0.400290E+07  -0.438646E+00   0.395562E+07   0.395374E+07   0.642655E+02
   0.131736E-01   0.387058E+07   0.385438E+07   0.759389E+04   0.704023E+04   0.336275E+07   0.385289E+07   0.386801E+07   0.385290E+07  -0.422208E+00   0.380785E+07   0.380595E+07   0.588853E+02
   0.145456E-01   0.371233E+07   0.369350E+07   0.633363E+04   0.553382E+04   0.316794E+07   0.369314E+07   0.370934E+07   0.369314E+07  -0.404702E+00   0.365047E+07   0.364854E+07   0.541007E+02
   0.160604E-01   0.354448E+07   0.352269E+07   0.475453E+04   0.432969E+04   0.296608E+07   0.352381E+07   0.354101E+07   0.352381E+07  -0.386146E+00   0.348362E+07   0.348166E+07   0.498510E+02
   0.177329E-01   0.336731E+07   0.334224E+07   0.348403E+04   0.337027E+04   0.275793E+07   0.334521E+07   0.336332E+07   0.334521E+07  -0.366574E+00   0.330762E+07   0.330562E+07   0.460373E+02
   0.195797E-01   0.318130E+07   0.315269E+07   0.294387E+04   0.260860E+04   0.254420E+07   0.315782E+07   0.317675E+07   0.315782E+07  -0.346039E+00   0.312294E+07   0.312089E+07   0.425585E+02
   0.216188E-01   0.298805E+07   0.295575E+07   0.211872E+04   0.200691E+04   0.232238E+07   0.296315E+07   0.298291E+07   0.296315E+07  -0.324707E+00   0.293106E+07   0.292898E+07   0.393241E+02
   0.238702E-01   0.278722E+07   0.275121E+07   0.174005E+04   0.153324E+04   0.210264E+07   0.276118E+07   0.278149E+07   0.276118E+07  -0.302574E+00   0.273191E+07   0.272979E+07   0.362196E+02
   0.263561E-01   0.258177E+07   0.254228E+07   0.129583E+04   0.116306E+04   0.188573E+07   0.255484E+07   0.257548E+07   0.255485E+07  -0.279964E+00   0.252840E+07   0.252626E+07   0.331465E+02
   0.291009E-01   0.237435E+07   0.233193E+07   0.107407E+04   0.875849E+03   0.167435E+07   0.234686E+07   0.236760E+07   0.234686E+07  -0.257172E+00   0.232320E+07   0.232106E+07   0.300065E+02
   0.321315E-01   0.216948E+07   0.212505E+07   0.683251E+03   0.655235E+03   0.147224E+07   0.214176E+07   0.216241E+07   0.214176E+07  -0.234697E+00   0.212079E+07   0.211868E+07   0.267360E+02
   0.354778E-01   0.197168E+07   0.192662E+07   0.528353E+03   0.487551E+03   0.128317E+07   0.194413E+07   0.196452E+07   0.194413E+07  -0.213040E+00   0.192570E+07   0.192367E+07   0.232888E+02
   0.391725E-01   0.178595E+07   0.174202E+07   0.384273E+03   0.361586E+03   0.111115E+07   0.175898E+07   0.177896E+07   0.175898E+07  -0.192751E+00   0.174287E+07   0.174098E+07   0.196760E+02
   0.432520E-01   0.161738E+07   0.157660E+07   0.285591E+03   0.268145E+03   0.958782E+06   0.159138E+07   0.161089E+07   0.159138E+07  -0.174385E+00   0.157733E+07   0.157564E+07   0.159797E+02
   0.475772E-01   0.147418E+07   0.143831E+07   0.215655E+03   0.201697E+03   0.831256E+06   0.144940E+07   0.146847E+07   0.144940E+07  -0.158827E+00   0.143709E+07   0.143563E+07   0.124945E+02
   0.519024E-01   0.136178E+07   0.133161E+07   0.167219E+03   0.156386E+03   0.731535E+06   0.133826E+07   0.135698E+07   0.133826E+07  -0.146648E+00   0.132730E+07   0.132608E+07   0.955282E+01
   0.562276E-01   0.127067E+07   0.124617E+07   0.132838E+03   0.124224E+03   0.651133E+06   0.124835E+07   0.126677E+07   0.124835E+07  -0.136795E+00   0.123848E+07   0.123748E+07   0.720841E+01
   0.605528E-01   0.119356E+07   0.117403E+07   0.107508E+03   0.100530E+03   0.584057E+06   0.117231E+07   0.119045E+07   0.117231E+07  -0.128463E+00   0.116336E+07   0.116255E+07   0.546535E+01
   0.648780E-01   0.112524E+07   0.110947E+07   0.882214E+02   0.824908E+02   0.526376E+06   0.110488E+07   0.112273E+07   0.110488E+07  -0.121074E+00   0.109673E+07   0.109605E+07   0.427742E+01
   0.692032E-01   0.106113E+07   0.104774E+07   0.730571E+02   0.683078E+02   0.474930E+06   0.104153E+07   0.105900E+07   0.104153E+07  -0.114132E+00   0.103410E+07   0.103350E+07   0.355577E+01
   0.735284E-01   0.998188E+06   0.985787E+06   0.608143E+02   0.568581E+02   0.427795E+06   0.979207E+06   0.996215E+06   0.979207E+06  -0.107303E+00   0.972469E+06   0.971894E+06   0.318665E+01
   0.778536E-01   0.935413E+06   0.922894E+06   0.507748E+02   0.474696E+02   0.384179E+06   0.916987E+06   0.933422E+06   0.916988E+06  -0.100485E+00   0.910896E+06   0.910314E+06   0.304957E+01
   0.821788E-01   0.873580E+06   0.860214E+06   0.425047E+02   0.397361E+02   0.344079E+06   0.855674E+06   0.871454E+06   0.855674E+06  -0.937657E-01   0.850188E+06   0.849577E+06   0.303247E+01
   0.865040E-01   0.814354E+06   0.799851E+06   0.357128E+02   0.333854E+02   0.307859E+06   0.796961E+06   0.812047E+06   0.796961E+06  -0.873318E-01   0.792029E+06   0.791383E+06   0.304305E+01
   0.908292E-01   0.759362E+06   0.743837E+06   0.301664E+02   0.281994E+02   0.275754E+06   0.742495E+06   0.756892E+06   0.742495E+06  -0.813634E-01   0.738058E+06   0.737386E+06   0.301570E+01
   0.961876E-01   0.698939E+06   0.682766E+06   0.247234E+02   0.231102E+02   0.241771E+06   0.682764E+06   0.696366E+06   0.682764E+06  -0.748180E-01   0.678851E+06   0.678172E+06   0.287708E+01
   0.101546E+00   0.648470E+06   0.632601E+06   0.205580E+02   0.192158E+02   0.213973E+06   0.633020E+06   0.645945E+06   0.633020E+06  -0.693670E-01   0.629532E+06   0.628881E+06   0.261335E+01
   0.106904E+00   0.608299E+06   0.593663E+06   0.173864E+02   0.162506E+02   0.191733E+06   0.593576E+06   0.605970E+06   0.593576E+06  -0.650447E-01   0.590423E+06   0.589831E+06   0.225833E+01
   0.112263E+00   0.577007E+06   0.564248E+06   0.149486E+02   0.139714E+02   0.173962E+06   0.562978E+06   0.574978E+06   0.562978E+06  -0.616918E-01   0.560089E+06   0.559574E+06   0.186951E+01
   0.117621E+00   0.551729E+06   0.541063E+06   0.130176E+02   0.121662E+02   0.159291E+06   0.538340E+06   0.550032E+06   0.538340E+06  -0.589919E-01   0.535665E+06   0.535231E+06   0.150611E+01
   0.122980E+00   0.529309E+06   0.520527E+06   0.114215E+02   0.106741E+02   0.146486E+06   0.516499E+06   0.527911E+06   0.516499E+06  -0.565985E-01   0.514012E+06   0.513646E+06   0.121313E+01
   0.128338E+00   0.507298E+06   0.499874E+06   0.100483E+02   0.939044E+01   0.134685E+06   0.495004E+06   0.506117E+06   0.495004E+06  -0.542430E-01   0.492695E+06   0.492376E+06   0.101279E+01
   0.133696E+00   0.484332E+06   0.477602E+06   0.883549E+01   0.825674E+01   0.123447E+06   0.472495E+06   0.483262E+06   0.472495E+06  -0.517765E-01   0.470362E+06   0.470066E+06   0.903648E+00
   0.139055E+00   0.460108E+06   0.453455E+06   0.775385E+01   0.724575E+01   0.112657E+06   0.448685E+06   0.459050E+06   0.448685E+06  -0.491674E-01   0.446726E+06   0.446431E+06   0.865636E+00
   0.144413E+00   0.435154E+06   0.428151E+06   0.679354E+01   0.634820E+01   0.102422E+06   0.424117E+06   0.434040E+06   0.424117E+06  -0.464752E-01   0.422328E+06   0.422020E+06   0.868687E+00
   0.149771E+00   0.410483E+06   0.402963E+06   0.595264E+01   0.556229E+01   0.929386E+05   0.399821E+06   0.409287E+06   0.399821E+06  -0.438128E-01   0.398191E+06   0.397867E+06   0.881975E+00
   0.155130E+00   0.387303E+06   0.379353E+06   0.523062E+01   0.488751E+01   0.844185E+05   0.377013E+06   0.386038E+06   0.377013E+06  -0.413135E-01   0.375527E+06   0.375192E+06   0.881366E+00
   0.160488E+00   0.366743E+06   0.358634E+06   0.462431E+01   0.432088E+01   0.770177E+05   0.356822E+06   0.365453E+06   0.356822E+06  -0.391009E-01   0.355460E+06   0.355124E+06   0.853592E+00
   0.165847E+00   0.349467E+06   0.341549E+06   0.412414E+01   0.385344E+01   0.707721E+05   0.339906E+06   0.348207E+06   0.339906E+06  -0.372472E-01   0.338646E+06   0.338322E+06   0.796781E+00
   0.171205E+00   0.335383E+06   0.327977E+06   0.371288E+01   0.346910E+01   0.655527E+05   0.326167E+06   0.334205E+06   0.326167E+06  -0.357417E-01   0.324991E+06   0.324689E+06   0.718109E+00
   0.176563E+00   0.323772E+06   0.317086E+06   0.336959E+01   0.314828E+01   0.611265E+05   0.314882E+06   0.322709E+06   0.314882E+06  -0.345051E-01   0.313775E+06   0.313502E+06   0.629897E+00
   0.181922E+00   0.313706E+06   0.307799E+06   0.307514E+01   0.287310E+01   0.572464E+05   0.305121E+06   0.312766E+06   0.305121E+06  -0.334355E-01   0.304074E+06   0.303831E+06   0.545390E+00
   0.187280E+00   0.304325E+06   0.299108E+06   0.281472E+01   0.262974E+01   0.537103E+05   0.296021E+06   0.303495E+06   0.296021E+06  -0.324382E-01   0.295029E+06   0.294811E+06   0.475166E+00
   0.192639E+00   0.294893E+06   0.290175E+06   0.257749E+01   0.240805E+01   0.503610E+05   0.286848E+06   0.294143E+06   0.286848E+06  -0.314331E-01   0.285911E+06   0.285710E+06   0.424923E+00
   0.197997E+00   0.284909E+06   0.280456E+06   0.235663E+01   0.220168E+01   0.471021E+05   0.277106E+06   0.284200E+06   0.277106E+06  -0.303656E-01   0.276223E+06   0.276031E+06   0.394989E+00
   0.203355E+00   0.274272E+06   0.269870E+06   0.214984E+01   0.200845E+01   0.439137E+05   0.266700E+06   0.273572E+06   0.266700E+06  -0.292253E-01   0.265872E+06   0.265682E+06   0.381326E+00
   0.208714E+00   0.263291E+06   0.258793E+06   0.195822E+01   0.182941E+01   0.408440E+05   0.255941E+06   0.262575E+06   0.255941E+06  -0.280462E-01   0.255167E+06   0.254973E+06   0.377379E+00
   0.214072E+00   0.252452E+06   0.247804E+06   0.178387E+01   0.166650E+01   0.379616E+05   0.245317E+06   0.251712E+06   0.245317E+06  -0.268820E-01   0.244594E+06   0.244397E+06   0.376104E+00
   0.219430E+00   0.242209E+06   0.237443E+06   0.162812E+01   0.152099E+01   0.353226E+05   0.235283E+06   0.241451E+06   0.235283E+06  -0.257826E-01   0.234608E+06   0.234408E+06   0.371707E+00
   0.224789E+00   0.232902E+06   0.228114E+06   0.149120E+01   0.139305E+01   0.329583E+05   0.226180E+06   0.232140E+06   0.226180E+06  -0.247851E-01   0.225548E+06   0.225349E+06   0.360769E+00
   0.230147E+00   0.224727E+06   0.220038E+06   0.137223E+01   0.128189E+01   0.308758E+05   0.218203E+06   0.223981E+06   0.218203E+06  -0.239109E-01   0.217606E+06   0.217413E+06   0.342570E+00
   0.235506E+00   0.217685E+06   0.213209E+06   0.126919E+01   0.118563E+01   0.290536E+05   0.211350E+06   0.216973E+06   0.211350E+06  -0.231599E-01   0.210784E+06   0.210600E+06   0.318676E+00
   0.240864E+00   0.211581E+06   0.207393E+06   0.117922E+01   0.110156E+01   0.274462E+05   0.205425E+06   0.210915E+06   0.205425E+06  -0.225107E-01   0.204886E+06   0.204714E+06   0.292048E+00
   0.246222E+00   0.206100E+06   0.202224E+06   0.109917E+01   0.102677E+01   0.259965E+05   0.200113E+06   0.205484E+06   0.200113E+06  -0.219286E-01   0.199598E+06   0.199438E+06   0.266008E+00
   0.251581E+00   0.200907E+06   0.197314E+06   0.102626E+01   0.958656E+00   0.246511E+05   0.195078E+06   0.200335E+06   0.195078E+06  -0.213769E-01   0.194586E+06   0.194436E+06   0.243340E+00
   0.256939E+00   0.195718E+06   0.192344E+06   0.958407E+00   0.895260E+00   0.233686E+05   0.190040E+06   0.195181E+06   0.190040E+06  -0.208248E-01   0.189570E+06   0.189427E+06   0.225695E+00
   0.262297E+00   0.190366E+06   0.187130E+06   0.894365E+00   0.835429E+00   0.221255E+05   0.184833E+06   0.189851E+06   0.184833E+06  -0.202542E-01   0.184384E+06   0.184247E+06   0.213404E+00
   0.267656E+00   0.184828E+06   0.181651E+06   0.833742E+00   0.778794E+00   0.209173E+05   0.179433E+06   0.184322E+06   0.179433E+06  -0.196625E-01   0.179006E+06   0.178871E+06   0.205634E+00
   0.273014E+00   0.179198E+06   0.176027E+06   0.776720E+00   0.725523E+00   0.197535E+05   0.173938E+06   0.178693E+06   0.173938E+06  -0.190603E-01   0.173533E+06   0.173398E+06   0.200807E+00
   0.278373E+00   0.173629E+06   0.170440E+06   0.723679E+00   0.675973E+00   0.186488E+05   0.168500E+06   0.173122E+06   0.168500E+06  -0.184644E-01   0.168115E+06   0.167981E+06   0.197103E+00
   0.283731E+00   0.168279E+06   0.165077E+06   0.674948E+00   0.630449E+00   0.176167E+05   0.163276E+06   0.167769E+06   0.163276E+06  -0.178920E-01   0.162911E+06   0.162777E+06   0.192940E+00
   0.289089E+00   0.163281E+06   0.160096E+06   0.630698E+00   0.589112E+00   0.166671E+05   0.158402E+06   0.162774E+06   0.158402E+06  -0.173579E-01   0.158055E+06   0.157922E+06   0.187300E+00
   0.294448E+00   0.158722E+06   0.155594E+06   0.590867E+00   0.551902E+00   0.158034E+05   0.153963E+06   0.158224E+06   0.153963E+06  -0.168714E-01   0.153632E+06   0.153502E+06   0.179850E+00
   0.299806E+00   0.154612E+06   0.151581E+06   0.555103E+00   0.518493E+00   0.150213E+05   0.149967E+06   0.154129E+06   0.149967E+06  -0.164335E-01   0.149650E+06   0.149524E+06   0.170875E+00
   0.305165E+00   0.150883E+06   0.147977E+06   0.522815E+00   0.488331E+00   0.143089E+05   0.146348E+06   0.150420E+06   0.146348E+06  -0.160369E-01   0.146043E+06   0.145923E+06   0.161082E+00
   0.310523E+00   0.147426E+06   0.144656E+06   0.493333E+00   0.460789E+00   0.136517E+05   0.142996E+06   0.146986E+06   0.142996E+06  -0.156696E-01   0.142703E+06   0.142588E+06   0.151340E+00
   0.315881E+00   0.144129E+06   0.141487E+06   0.466051E+00   0.435304E+00   0.130358E+05   0.139799E+06   0.143709E+06   0.139799E+06  -0.153193E-01   0.139517E+06   0.139407E+06   0.142436E+00
   0.321240E+00   0.140897E+06   0.138363E+06   0.440496E+00   0.411432E+00   0.124502E+05   0.136662E+06   0.140494E+06   0.136662E+06  -0.149756E-01   0.136391E+06   0.136285E+06   0.134892E+00
   0.326598E+00   0.137662E+06   0.135208E+06   0.416336E+00   0.388863E+00   0.118875E+05   0.133520E+06   0.137272E+06   0.133520E+06  -0.146312E-01   0.133259E+06   0.133156E+06   0.128884E+00
   0.331956E+00   0.134397E+06   0.131996E+06   0.393396E+00   0.367435E+00   0.113441E+05   0.130345E+06   0.134015E+06   0.130345E+06  -0.142833E-01   0.130094E+06   0.129993E+06   0.124260E+00
   0.337315E+00   0.131120E+06   0.128750E+06   0.371651E+00   0.347123E+00   0.108209E+05   0.127155E+06   0.130743E+06   0.127155E+06  -0.139338E-01   0.126915E+06   0.126815E+06   0.120640E+00
   0.342673E+00   0.127884E+06   0.125533E+06   0.351172E+00   0.327993E+00   0.103211E+05   0.124003E+06   0.127510E+06   0.124003E+06  -0.135884E-01   0.123773E+06   0.123674E+06   0.117542E+00
   0.348032E+00   0.124748E+06   0.122415E+06   0.332039E+00   0.310122E+00   0.984858E+04   0.120950E+06   0.124377E+06   0.120950E+06  -0.132538E-01   0.120729E+06   0.120631E+06   0.114512E+00
   0.353390E+00   0.121760E+06   0.119453E+06   0.314286E+00   0.293539E+00   0.940565E+04   0.118042E+06   0.121393E+06   0.118042E+06  -0.129352E-01   0.117830E+06   0.117733E+06   0.111222E+00
   0.358748E+00   0.118947E+06   0.116678E+06   0.297885E+00   0.278219E+00   0.899277E+04   0.115307E+06   0.118586E+06   0.115307E+06  -0.126354E-01   0.115102E+06   0.115008E+06   0.107520E+00
   0.364107E+00   0.116315E+06   0.114098E+06   0.282757E+00   0.264088E+00   0.860893E+04   0.112750E+06   0.115962E+06   0.112750E+06  -0.123553E-01   0.112553E+06   0.112461E+06   0.103432E+00
   0.369465E+00   0.113852E+06   0.111696E+06   0.268780E+00   0.251033E+00   0.825154E+04   0.110360E+06   0.113509E+06   0.110360E+06  -0.120933E-01   0.110170E+06   0.110080E+06   0.991179E-01
   0.374823E+00   0.111528E+06   0.109438E+06   0.255803E+00   0.238912E+00   0.791701E+04   0.108105E+06   0.111195E+06   0.108105E+06  -0.118462E-01   0.107921E+06   0.107834E+06   0.948035E-01
   0.380182E+00   0.109300E+06   0.107275E+06   0.243664E+00   0.227573E+00   0.760118E+04   0.105944E+06   0.108978E+06   0.105944E+06  -0.116095E-01   0.105766E+06   0.105682E+06   0.907118E-01
   0.385540E+00   0.107130E+06   0.105164E+06   0.232222E+00   0.216885E+00   0.730046E+04   0.103840E+06   0.106818E+06   0.103840E+06  -0.113789E-01   0.103668E+06   0.103585E+06   0.870091E-01
   0.390899E+00   0.104993E+06   0.103077E+06   0.221378E+00   0.206757E+00   0.701234E+04   0.101766E+06   0.104689E+06   0.101766E+06  -0.111516E-01   0.101599E+06   0.101519E+06   0.837754E-01
   0.396257E+00   0.102878E+06   0.101001E+06   0.211073E+00   0.197132E+00   0.673554E+04   0.997114E+05   0.102579E+06   0.997114E+05  -0.109265E-01   0.995503E+05   0.994716E+05   0.809982E-01
   0.401615E+00   0.100784E+06   0.989385E+05   0.201277E+00   0.187982E+00   0.646952E+04   0.976768E+05   0.100490E+06   0.976768E+05  -0.107035E-01   0.975210E+05   0.974436E+05   0.785907E-01
   0.406974E+00   0.987209E+05   0.969016E+05   0.191982E+00   0.179300E+00   0.621451E+04   0.956722E+05   0.984315E+05   0.956722E+05  -0.104839E-01   0.955216E+05   0.954453E+05   0.764248E-01
   0.412332E+00   0.967075E+05   0.949118E+05   0.183192E+00   0.171090E+00   0.597115E+04   0.937154E+05   0.964218E+05   0.937154E+05  -0.102694E-01   0.935698E+05   0.934945E+05   0.743681E-01
   0.417691E+00   0.947620E+05   0.929910E+05   0.174914E+00   0.163358E+00   0.574008E+04   0.918250E+05   0.944803E+05   0.918250E+05  -0.100623E-01   0.916842E+05   0.916101E+05   0.723145E-01
   0.423049E+00   0.928968E+05   0.911536E+05   0.167141E+00   0.156098E+00   0.552146E+04   0.900133E+05   0.926194E+05   0.900133E+05  -0.986375E-02   0.898770E+05   0.898041E+05   0.702017E-01
   0.428407E+00   0.911146E+05   0.894032E+05   0.159848E+00   0.149286E+00   0.531491E+04   0.882832E+05   0.908424E+05   0.882832E+05  -0.967417E-02   0.881511E+05   0.880796E+05   0.680160E-01
   0.433766E+00   0.894117E+05   0.877354E+05   0.153000E+00   0.142890E+00   0.511964E+04   0.866309E+05   0.891450E+05   0.866309E+05  -0.949310E-02   0.865027E+05   0.864326E+05   0.657855E-01
   0.439124E+00   0.877796E+05   0.861404E+05   0.146556E+00   0.136871E+00   0.493464E+04   0.850478E+05   0.875188E+05   0.850478E+05  -0.931962E-02   0.849233E+05   0.848548E+05   0.635650E-01
   0.444482E+00   0.862066E+05   0.846044E+05   0.140473E+00   0.131190E+00   0.475879E+04   0.835222E+05   0.859517E+05   0.835222E+05  -0.915245E-02   0.834014E+05   0.833344E+05   0.614168E-01
   0.449841E+00   0.846792E+05   0.831125E+05   0.134710E+00   0.125808E+00   0.459092E+04   0.820411E+05   0.844300E+05   0.820411E+05  -0.899014E-02   0.819236E+05   0.818580E+05   0.593932E-01
   0.455199E+00   0.831861E+05   0.816517E+05   0.129231E+00   0.120691E+00   0.443008E+04   0.805927E+05   0.829420E+05   0.805927E+05  -0.883143E-02   0.804786E+05   0.804143E+05   0.575248E-01
   0.460558E+00   0.817198E+05   0.802142E+05   0.124010E+00   0.115814E+00   0.427559E+04   0.791702E+05   0.814803E+05   0.791702E+05  -0.867555E-02   0.790592E+05   0.789961E+05   0.558175E-01
   0.465916E+00   0.802783E+05   0.787981E+05   0.119029E+00   0.111162E+00   0.412708E+04   0.777713E+05   0.800428E+05   0.777713E+05  -0.852226E-02   0.776635E+05   0.776015E+05   0.542546E-01
   0.471274E+00   0.788639E+05   0.774065E+05   0.114281E+00   0.106727E+00   0.398441E+04   0.763984E+05   0.786320E+05   0.763984E+05  -0.837182E-02   0.762937E+05   0.762326E+05   0.528043E-01
   0.476633E+00   0.774810E+05   0.760450E+05   0.109760E+00   0.102505E+00   0.384760E+04   0.750562E+05   0.772526E+05   0.750562E+05  -0.822473E-02   0.749543E+05   0.748942E+05   0.514290E-01
   0.481991E+00   0.761345E+05   0.747193E+05   0.105461E+00   0.984898E-01   0.371664E+04   0.737492E+05   0.759093E+05   0.737492E+05  -0.808151E-02   0.736501E+05   0.735909E+05   0.500939E-01
   0.487350E+00   0.748278E+05   0.734339E+05   0.101378E+00   0.946768E-01   0.359149E+04   0.724811E+05   0.746060E+05   0.724811E+05  -0.794256E-02   0.723848E+05   0.723265E+05   0.487745E-01
   0.492708E+00   0.735630E+05   0.721913E+05   0.975038E-01   0.910580E-01   0.347197E+04   0.712541E+05   0.733448E+05   0.712541E+05  -0.780810E-02   0.711603E+05   0.711029E+05   0.474598E-01
   0.498066E+00   0.723410E+05   0.709923E+05   0.938275E-01   0.876245E-01   0.335794E+04   0.700688E+05   0.721264E+05   0.700688E+05  -0.767820E-02   0.699774E+05   0.699210E+05   0.461519E-01
   0.503425E+00   0.711592E+05   0.698342E+05   0.903365E-01   0.843641E-01   0.324902E+04   0.689227E+05   0.709484E+05   0.689227E+05  -0.755262E-02   0.688338E+05   0.687783E+05   0.448618E-01
   0.508783E+00   0.700128E+05   0.687115E+05   0.870154E-01   0.812623E-01   0.314481E+04   0.678112E+05   0.698058E+05   0.678112E+05  -0.743082E-02   0.677244E+05   0.676700E+05   0.436048E-01
   0.514141E+00   0.688968E+05   0.676187E+05   0.838495E-01   0.783056E-01   0.304488E+04   0.667292E+05   0.686935E+05   0.667292E+05  -0.731225E-02   0.666446E+05   0.665911E+05   0.423959E-01
   0.519500E+00   0.678078E+05   0.665517E+05   0.808273E-01   0.754830E-01   0.294893E+04   0.656732E+05   0.676080E+05   0.656732E+05  -0.719654E-02   0.655908E+05   0.655382E+05   0.412460E-01
   0.524858E+00   0.667429E+05   0.655077E+05   0.779387E-01   0.727852E-01   0.285666E+04   0.646407E+05   0.665464E+05   0.646407E+05  -0.708339E-02   0.645602E+05   0.645085E+05   0.401599E-01
   0.530217E+00   0.656998E+05   0.644840E+05   0.751746E-01   0.702037E-01   0.276785E+04   0.636291E+05   0.655064E+05   0.636291E+05  -0.697254E-02   0.635506E+05   0.634997E+05   0.391350E-01
   0.535575E+00   0.646769E+05   0.634793E+05   0.725277E-01   0.677317E-01   0.268230E+04   0.626371E+05   0.644864E+05   0.626371E+05  -0.686384E-02   0.625605E+05   0.625104E+05   0.381635E-01
   0.540933E+00   0.636749E+05   0.624947E+05   0.699934E-01   0.653648E-01   0.259992E+04   0.616653E+05   0.634871E+05   0.616653E+05  -0.675734E-02   0.615905E+05   0.615411E+05   0.372351E-01
   0.546292E+00   0.626958E+05   0.615324E+05   0.675688E-01   0.631005E-01   0.252068E+04   0.607157E+05   0.625107E+05   0.607157E+05  -0.665329E-02   0.606427E+05   0.605940E+05   0.363393E-01
   0.551650E+00   0.617410E+05   0.605942E+05   0.652508E-01   0.609356E-01   0.244452E+04   0.597898E+05   0.615586E+05   0.597898E+05  -0.655183E-02   0.597186E+05   0.596705E+05   0.354674E-01
   0.557009E+00   0.608108E+05   0.596806E+05   0.630347E-01   0.588659E-01   0.237134E+04   0.588878E+05   0.606310E+05   0.588878E+05  -0.645298E-02   0.588182E+05   0.587709E+05   0.346136E-01
   0.562367E+00   0.599045E+05   0.587909E+05   0.609153E-01   0.568865E-01   0.230100E+04   0.580090E+05   0.597273E+05   0.580090E+05  -0.635669E-02   0.579410E+05   0.578944E+05   0.337757E-01
   0.567725E+00   0.590216E+05   0.579247E+05   0.588878E-01   0.549931E-01   0.223339E+04   0.571531E+05   0.588471E+05   0.571531E+05  -0.626290E-02   0.570867E+05   0.570408E+05   0.329550E-01
   0.573084E+00   0.581616E+05   0.570813E+05   0.569478E-01   0.531813E-01   0.216838E+04   0.563195E+05   0.579898E+05   0.563195E+05  -0.617155E-02   0.562545E+05   0.562093E+05   0.321547E-01
   0.578442E+00   0.573231E+05   0.562591E+05   0.550900E-01   0.514462E-01   0.210582E+04   0.555067E+05   0.571538E+05   0.555067E+05  -0.608248E-02   0.554432E+05   0.553986E+05   0.313787E-01
   0.629704E+00   0.501499E+05   0.492189E+05   0.406567E-01   0.379670E-01   0.160841E+04   0.485538E+05   0.500018E+05   0.485538E+05  -0.532057E-02   0.485020E+05   0.484630E+05   0.252315E-01
   0.769122E+00   0.364696E+05   0.357931E+05   0.198075E-01   0.184965E-01   0.842596E+03   0.352992E+05   0.363620E+05   0.352992E+05  -0.386812E-02   0.352668E+05   0.352384E+05   0.150255E-01
   0.939408E+00   0.263916E+05   0.259021E+05   0.960424E-02   0.896837E-02   0.434468E+03   0.255393E+05   0.263137E+05   0.255393E+05  -0.279863E-02   0.255188E+05   0.254982E+05   0.891475E-02
   0.114740E+01   0.190161E+05   0.186635E+05   0.463733E-02   0.433023E-02   0.220776E+03   0.183993E+05   0.189600E+05   0.183993E+05  -0.201622E-02   0.183860E+05   0.183712E+05   0.527168E-02
   0.140143E+01   0.136456E+05   0.133926E+05   0.223009E-02   0.208238E-02   0.110670E+03   0.132015E+05   0.136053E+05   0.132015E+05  -0.144664E-02   0.131928E+05   0.131821E+05   0.310884E-02
   0.171171E+01   0.975657E+04   0.957568E+04   0.106866E-02   0.997872E-03   0.548054E+02   0.943836E+04   0.972780E+04   0.943836E+04  -0.103427E-02   0.943251E+04   0.942482E+04   0.183045E-02
   0.209069E+01   0.695282E+04   0.682390E+04   0.510431E-03   0.476616E-03   0.268493E+02   0.672569E+04   0.693231E+04   0.672569E+04  -0.737008E-03   0.672172E+04   0.671619E+04   0.107734E-02
   0.255358E+01   0.493949E+04   0.484789E+04   0.243055E-03   0.226952E-03   0.130311E+02   0.477795E+04   0.492492E+04   0.477795E+04  -0.523572E-03   0.477523E+04   0.477125E+04   0.634838E-03
   0.311895E+01   0.349923E+04   0.343431E+04   0.115412E-03   0.107766E-03   0.627501E+01   0.338469E+04   0.348890E+04   0.338469E+04  -0.370898E-03   0.338282E+04   0.337995E+04   0.375345E-03
   0.380949E+01   0.247260E+04   0.242670E+04   0.546634E-04   0.510417E-04   0.300217E+01   0.239162E+04   0.246529E+04   0.239162E+04  -0.262076E-03   0.239032E+04   0.238824E+04   0.223328E-03
   0.465292E+01   0.174294E+04   0.171056E+04   0.258282E-04   0.241170E-04   0.142865E+01   0.168584E+04   0.173779E+04   0.168584E+04  -0.184736E-03   0.168494E+04   0.168341E+04   0.134220E-03
   0.568309E+01   0.122594E+04   0.120313E+04   0.121772E-04   0.113705E-04   0.676927E+00   0.118575E+04   0.122231E+04   0.118575E+04  -0.129936E-03   0.118513E+04   0.118399E+04   0.818796E-04
   0.694134E+01   0.860517E+03   0.844471E+03   0.572939E-05   0.534982E-05   0.319587E+00   0.832302E+03   0.857964E+03   0.832302E+03  -0.912045E-04   0.831870E+03   0.831001E+03   0.509894E-04
   0.847817E+01   0.602877E+03   0.591598E+03   0.269057E-05   0.251234E-05   0.150435E+00   0.583102E+03   0.601083E+03   0.583102E+03  -0.638969E-04   0.582804E+03   0.582125E+03   0.326154E-04
   0.103553E+02   0.421633E+03   0.413705E+03   0.126128E-05   0.117774E-05   0.706345E-01   0.407795E+03   0.420371E+03   0.407795E+03  -0.446866E-04   0.407591E+03   0.407043E+03   0.215526E-04
   0.126479E+02   0.294391E+03   0.288815E+03   0.590275E-06   0.551188E-06   0.330936E-01   0.284722E+03   0.293503E+03   0.284722E+03  -0.312002E-04   0.284583E+03   0.284125E+03   0.147742E-04
   0.154482E+02   0.205234E+03   0.201304E+03   0.275816E-06   0.257558E-06   0.154757E-01   0.198487E+03   0.204609E+03   0.198487E+03  -0.217504E-04   0.198393E+03   0.197995E+03   0.105217E-04
   0.188685E+02   0.142872E+03   0.140092E+03   0.128688E-06   0.120173E-06   0.722473E-02   0.138168E+03   0.142430E+03   0.138168E+03  -0.151406E-04   0.138107E+03   0.137747E+03   0.777244E-05
   0.230461E+02   0.993246E+02   0.973456E+02   0.599568E-07   0.559925E-07   0.336764E-02   0.960473E+02   0.990098E+02   0.960473E+02  -0.105250E-04   0.960085E+02   0.956731E+02   0.593075E-05
   0.281485E+02   0.689611E+02   0.675394E+02   0.278954E-07   0.260529E-07   0.156750E-02   0.666783E+02   0.687350E+02   0.666783E+02  -0.730668E-05   0.666554E+02   0.663343E+02   0.464805E-05
   0.343807E+02   0.478207E+02   0.467855E+02   0.129606E-07   0.121059E-07   0.728618E-03   0.462301E+02   0.476560E+02   0.462301E+02  -0.506594E-05   0.462182E+02   0.459045E+02   0.371888E-05
   0.419926E+02   0.331213E+02   0.323533E+02   0.601305E-08   0.561747E-08   0.338221E-03   0.320117E+02   0.329991E+02   0.320117E+02  -0.350788E-05   0.320077E+02   0.316964E+02   0.302069E-05
   0.512900E+02   0.229130E+02   0.223293E+02   0.278550E-08   0.260290E-08   0.156801E-03   0.221374E+02   0.228202E+02   0.221374E+02  -0.242583E-05   0.221389E+02   0.218269E+02   0.247914E-05
   0.626457E+02   0.158321E+02   0.153749E+02   0.128817E-08   0.120417E-08   0.725889E-04   0.152878E+02   0.157594E+02   0.152878E+02  -0.167526E-05   0.152933E+02   0.149785E+02   0.204805E-05
   0.765156E+02   0.109257E+02   0.105550E+02   0.594528E-09   0.556070E-09   0.335550E-04   0.105416E+02   0.108668E+02   0.105416E+02  -0.115516E-05   0.105500E+02   0.102312E+02   0.169781E-05
   0.934564E+02   0.752960E+01   0.721784E+01   0.273717E-09   0.256221E-09   0.154831E-04   0.725619E+01   0.748000E+01   0.725619E+01  -0.795140E-06   0.726658E+01   0.694349E+01   0.140871E-05
   0.114148E+03   0.518108E+01   0.490946E+01   0.125618E-09   0.117731E-09   0.712901E-05   0.498413E+01   0.513787E+01   0.498413E+01  -0.546166E-06   0.499598E+01   0.466906E+01   0.116706E-05
