#          k/h    CDM            baryon         photon         nu             mass_nu        total          no_nu          total_de       Weyl           v_CDM          v_b            v_b-v_c     
   0.105171E-04   0.244069E+07   0.244069E+07   0.325407E+07   0.325407E+07   0.244111E+07   0.244071E+07   0.244069E+07   0.244913E+07  -0.600371E+00   0.243588E+07   0.243588E+07   0.444240E+01
   0.116124E-04   0.244069E+07   0.244069E+07   0.325403E+07   0.325403E+07   0.244111E+07   0.244071E+07   0.244069E+07   0.244913E+07  -0.600371E+00   0.243588E+07   0.243588E+07   0.490501E+01
   0.128218E-04   0.244069E+07   0.244069E+07   0.325398E+07   0.325398E+07   0.244111E+07   0.244070E+07   0.244069E+07   0.244913E+07  -0.600371E+00   0.243588E+07   0.243588E+07   0.541577E+01
   0.141570E-04   0.244069E+07   0.244069E+07   0.325392E+07   0.325391E+07   0.244111E+07   0.244070E+07   0.244069E+07   0.244913E+07  -0.600371E+00   0.243588E+07   0.243588E+07   0.597971E+01
   0.156314E-04   0.244069E+07   0.244069E+07   0.325385E+07   0.325384E+07   0.244111E+07   0.244070E+07   0.244069E+07   0.244913E+07  -0.600371E+00   0.243588E+07   0.243588E+07   0.660236E+01
   0.172593E-04   0.244069E+07   0.244069E+07   0.325375E+07   0.325375E+07   0.244111E+07   0.244070E+07   0.244069E+07   0.244913E+07  -0.600370E+00   0.243588E+07   0.243588E+07   0.728982E+01
   0.190567E-04   0.244069E+07   0.244069E+07   0.325364E+07   0.325363E+07   0.244111E+07   0.244070E+07   0.244069E+07   0.244913E+07  -0.600370E+00   0.243588E+07   0.243588E+07   0.804883E+01
   0.210413E-04   0.244069E+07   0.244069E+07   0.325351E+07   0.325350E+07   0.244110E+07   0.244070E+07   0.244069E+07   0.244913E+07  -0.600370E+00   0.243588E+07   0.243588E+07   0.888682E+01
   0.232326E-04   0.244069E+07   0.244069E+07   0.325334E+07   0.325333E+07   0.244110E+07   0.244070E+07   0.244069E+07   0.244912E+07  -0.600369E+00   0.243588E+07   0.243588E+07   0.981200E+01
   0.256521E-04   0.244068E+07   0.244068E+07   0.325314E+07   0.325313E+07   0.244110E+07   0.244070E+07   0.244068E+07   0.244912E+07  -0.600368E+00   0.243587E+07   0.243587E+07   0.108334E+02
   0.283236E-04   0.244068E+07   0.244068E+07   0.325290E+07   0.325288E+07   0.244110E+07   0.244069E+07   0.244068E+07   0.244912E+07  -0.600368E+00   0.243587E+07   0.243587E+07   0.119611E+02
   0.312733E-04   0.244068E+07   0.244068E+07   0.325260E+07   0.325258E+07   0.244109E+07   0.244069E+07   0.244068E+07   0.244912E+07  -0.600367E+00   0.243587E+07   0.243587E+07   0.132060E+02
   0.345301E-04   0.244068E+07   0.244068E+07   0.325224E+07   0.325221E+07   0.244109E+07   0.244069E+07   0.244068E+07   0.244911E+07  -0.600366E+00   0.243587E+07   0.243586E+07   0.145803E+02
   0.381262E-04   0.244067E+07   0.244067E+07   0.325180E+07   0.325176E+07   0.244108E+07   0.244068E+07   0.244067E+07   0.244911E+07  -0.600364E+00   0.243586E+07   0.243586E+07   0.160973E+02
   0.420968E-04   0.244067E+07   0.244067E+07   0.325126E+07   0.325121E+07   0.244107E+07   0.244068E+07   0.244067E+07   0.244910E+07  -0.600362E+00   0.243586E+07   0.243586E+07   0.177719E+02
   0.464808E-04   0.244066E+07   0.244066E+07   0.325060E+07   0.325054E+07   0.244107E+07   0.244067E+07   0.244066E+07   0.244909E+07  -0.600360E+00   0.243585E+07   0.243585E+07   0.196202E+02
   0.513214E-04   0.244065E+07   0.244065E+07   0.324980E+07   0.324972E+07   0.244106E+07   0.244066E+07   0.244065E+07   0.244908E+07  -0.600358E+00   0.243584E+07   0.243584E+07   0.216601E+02
   0.566662E-04   0.244064E+07   0.244064E+07   0.324882E+07   0.324873E+07   0.244104E+07   0.244066E+07   0.244064E+07   0.244907E+07  -0.600355E+00   0.243583E+07   0.243583E+07   0.239114E+02
   0.625675E-04   0.244063E+07   0.244063E+07   0.324763E+07   0.324752E+07   0.244103E+07   0.244064E+07   0.244063E+07   0.244906E+07  -0.600351E+00   0.243582E+07   0.243582E+07   0.263955E+02
   0.690835E-04   0.244062E+07   0.244062E+07   0.324618E+07   0.324605E+07   0.244101E+07   0.244063E+07   0.244062E+07   0.244904E+07  -0.600347E+00   0.243581E+07   0.243581E+07   0.291362E+02
   0.762780E-04   0.244060E+07   0.244060E+07   0.324441E+07   0.324425E+07   0.244098E+07   0.244061E+07   0.244060E+07   0.244902E+07  -0.600341E+00   0.243579E+07   0.243579E+07   0.321595E+02
   0.842218E-04   0.244058E+07   0.244058E+07   0.324225E+07   0.324206E+07   0.244096E+07   0.244059E+07   0.244058E+07   0.244899E+07  -0.600334E+00   0.243577E+07   0.243577E+07   0.354938E+02
   0.929929E-04   0.244056E+07   0.244056E+07   0.323963E+07   0.323939E+07   0.244092E+07   0.244057E+07   0.244056E+07   0.244896E+07  -0.600326E+00   0.243575E+07   0.243574E+07   0.391703E+02
   0.102677E-03   0.244053E+07   0.244052E+07   0.323643E+07   0.323614E+07   0.244088E+07   0.244054E+07   0.244053E+07   0.244892E+07  -0.600316E+00   0.243572E+07   0.243571E+07   0.432228E+02
   0.113370E-03   0.244049E+07   0.244049E+07   0.323254E+07   0.323219E+07   0.244083E+07   0.244050E+07   0.244049E+07   0.244887E+07  -0.600304E+00   0.243568E+07   0.243567E+07   0.476881E+02
   0.125177E-03   0.244045E+07   0.244044E+07   0.322779E+07   0.322737E+07   0.244077E+07   0.244045E+07   0.244044E+07   0.244881E+07  -0.600289E+00   0.243564E+07   0.243563E+07   0.526059E+02
   0.138213E-03   0.244039E+07   0.244039E+07   0.322202E+07   0.322150E+07   0.244069E+07   0.244040E+07   0.244039E+07   0.244874E+07  -0.600270E+00   0.243558E+07   0.243557E+07   0.580192E+02
   0.152607E-03   0.244032E+07   0.244032E+07   0.321499E+07   0.321437E+07   0.244060E+07   0.244033E+07   0.244032E+07   0.244866E+07  -0.600248E+00   0.243552E+07   0.243550E+07   0.639738E+02
   0.168500E-03   0.244024E+07   0.244024E+07   0.320645E+07   0.320568E+07   0.244049E+07   0.244025E+07   0.244024E+07   0.244855E+07  -0.600221E+00   0.243544E+07   0.243542E+07   0.705183E+02
   0.186048E-03   0.244014E+07   0.244014E+07   0.319606E+07   0.319513E+07   0.244035E+07   0.244015E+07   0.244014E+07   0.244843E+07  -0.600188E+00   0.243534E+07   0.243532E+07   0.777040E+02
   0.205424E-03   0.244002E+07   0.244002E+07   0.318344E+07   0.318231E+07   0.244018E+07   0.244003E+07   0.244002E+07   0.244827E+07  -0.600148E+00   0.243522E+07   0.243519E+07   0.855836E+02
   0.226817E-03   0.243988E+07   0.243987E+07   0.316811E+07   0.316674E+07   0.243998E+07   0.243988E+07   0.243988E+07   0.244808E+07  -0.600099E+00   0.243507E+07   0.243504E+07   0.942111E+02
   0.250438E-03   0.243970E+07   0.243969E+07   0.314952E+07   0.314786E+07   0.243973E+07   0.243970E+07   0.243970E+07   0.244785E+07  -0.600040E+00   0.243490E+07   0.243485E+07   0.103640E+03
   0.276520E-03   0.243948E+07   0.243947E+07   0.312699E+07   0.312499E+07   0.243943E+07   0.243948E+07   0.243948E+07   0.244757E+07  -0.599968E+00   0.243468E+07   0.243463E+07   0.113920E+03
   0.305317E-03   0.243921E+07   0.243920E+07   0.309973E+07   0.309731E+07   0.243906E+07   0.243921E+07   0.243921E+07   0.244723E+07  -0.599880E+00   0.243442E+07   0.243436E+07   0.125096E+03
   0.337113E-03   0.243889E+07   0.243887E+07   0.306679E+07   0.306388E+07   0.243861E+07   0.243888E+07   0.243889E+07   0.244682E+07  -0.599773E+00   0.243410E+07   0.243402E+07   0.137205E+03
   0.372221E-03   0.243850E+07   0.243847E+07   0.302708E+07   0.302358E+07   0.243806E+07   0.243848E+07   0.243850E+07   0.244632E+07  -0.599643E+00   0.243371E+07   0.243362E+07   0.150266E+03
   0.410985E-03   0.243802E+07   0.243799E+07   0.297931E+07   0.297512E+07   0.243740E+07   0.243800E+07   0.243802E+07   0.244571E+07  -0.599486E+00   0.243324E+07   0.243312E+07   0.164277E+03
   0.453786E-03   0.243744E+07   0.243740E+07   0.292203E+07   0.291703E+07   0.243659E+07   0.243741E+07   0.243744E+07   0.244497E+07  -0.599295E+00   0.243266E+07   0.243253E+07   0.179206E+03
   0.501045E-03   0.243674E+07   0.243669E+07   0.285360E+07   0.284766E+07   0.243561E+07   0.243670E+07   0.243673E+07   0.244408E+07  -0.599063E+00   0.243196E+07   0.243180E+07   0.194975E+03
   0.553225E-03   0.243588E+07   0.243583E+07   0.277220E+07   0.276519E+07   0.243441E+07   0.243583E+07   0.243587E+07   0.244300E+07  -0.598783E+00   0.243111E+07   0.243092E+07   0.211451E+03
   0.610839E-03   0.243484E+07   0.243478E+07   0.267591E+07   0.266770E+07   0.243296E+07   0.243478E+07   0.243483E+07   0.244170E+07  -0.598446E+00   0.243008E+07   0.242985E+07   0.228423E+03
   0.674453E-03   0.243359E+07   0.243351E+07   0.256278E+07   0.255326E+07   0.243120E+07   0.243350E+07   0.243357E+07   0.244013E+07  -0.598039E+00   0.242883E+07   0.242855E+07   0.245585E+03
   0.744692E-03   0.243207E+07   0.243197E+07   0.243097E+07   0.242004E+07   0.242907E+07   0.243196E+07   0.243205E+07   0.243825E+07  -0.597549E+00   0.242731E+07   0.242699E+07   0.262512E+03
   0.822246E-03   0.243023E+07   0.243012E+07   0.227898E+07   0.226661E+07   0.242650E+07   0.243010E+07   0.243021E+07   0.243599E+07  -0.596963E+00   0.242548E+07   0.242510E+07   0.278640E+03
   0.907877E-03   0.242802E+07   0.242788E+07   0.210593E+07   0.209218E+07   0.242338E+07   0.242786E+07   0.242800E+07   0.243330E+07  -0.596262E+00   0.242327E+07   0.242282E+07   0.293249E+03
   0.100243E-02   0.242536E+07   0.242519E+07   0.191202E+07   0.189706E+07   0.241962E+07   0.242516E+07   0.242533E+07   0.243010E+07  -0.595429E+00   0.242060E+07   0.242009E+07   0.305460E+03
   0.110682E-02   0.242217E+07   0.242197E+07   0.169901E+07   0.168318E+07   0.241510E+07   0.242193E+07   0.242214E+07   0.242632E+07  -0.594442E+00   0.241739E+07   0.241682E+07   0.314251E+03
   0.122209E-02   0.241836E+07   0.241812E+07   0.147079E+07   0.145463E+07   0.240967E+07   0.241806E+07   0.241832E+07   0.242186E+07  -0.593279E+00   0.241355E+07   0.241291E+07   0.318517E+03
   0.134936E-02   0.241382E+07   0.241354E+07   0.123389E+07   0.121815E+07   0.240312E+07   0.241345E+07   0.241377E+07   0.241664E+07  -0.591918E+00   0.240897E+07   0.240826E+07   0.317176E+03
   0.148988E-02   0.240843E+07   0.240810E+07   0.997789E+06   0.983354E+06   0.239531E+07   0.240799E+07   0.240838E+07   0.241056E+07  -0.590334E+00   0.240351E+07   0.240274E+07   0.309352E+03
   0.164504E-02   0.240208E+07   0.240169E+07   0.774572E+06   0.762376E+06   0.238603E+07   0.240154E+07   0.240202E+07   0.240354E+07  -0.588506E+00   0.239705E+07   0.239625E+07   0.294625E+03
   0.181636E-02   0.239462E+07   0.239417E+07   0.577811E+06   0.568589E+06   0.237508E+07   0.239397E+07   0.239455E+07   0.239546E+07  -0.586409E+00   0.238944E+07   0.238862E+07   0.273333E+03
   0.200552E-02   0.238592E+07   0.238539E+07   0.420122E+06   0.414107E+06   0.236217E+07   0.238513E+07   0.238584E+07   0.238621E+07  -0.584021E+00   0.238055E+07   0.237973E+07   0.246850E+03
   0.221438E-02   0.237583E+07   0.237521E+07   0.309563E+06   0.306168E+06   0.234706E+07   0.237487E+07   0.237573E+07   0.237567E+07  -0.581317E+00   0.237020E+07   0.236941E+07   0.217701E+03
   0.244500E-02   0.236420E+07   0.236347E+07   0.245624E+06   0.243335E+06   0.232943E+07   0.236304E+07   0.236408E+07   0.236368E+07  -0.578268E+00   0.235827E+07   0.235750E+07   0.189310E+03
   0.269962E-02   0.235087E+07   0.235001E+07   0.216792E+06   0.213525E+06   0.230898E+07   0.234948E+07   0.235073E+07   0.235004E+07  -0.574838E+00   0.234460E+07   0.234386E+07   0.165212E+03
   0.298077E-02   0.233568E+07   0.233467E+07   0.202563E+06   0.196651E+06   0.228536E+07   0.233402E+07   0.233552E+07   0.233454E+07  -0.570979E+00   0.232903E+07   0.232830E+07   0.147753E+03
   0.329119E-02   0.231846E+07   0.231725E+07   0.181912E+06   0.173391E+06   0.225824E+07   0.231647E+07   0.231827E+07   0.231694E+07  -0.566634E+00   0.231142E+07   0.231067E+07   0.136771E+03
   0.363395E-02   0.229902E+07   0.229756E+07   0.145863E+06   0.136975E+06   0.222724E+07   0.229664E+07   0.229879E+07   0.229702E+07  -0.561739E+00   0.229157E+07   0.229079E+07   0.129278E+03
   0.401240E-02   0.227714E+07   0.227539E+07   0.104696E+06   0.983078E+05   0.219199E+07   0.227432E+07   0.227686E+07   0.227458E+07  -0.556235E+00   0.226928E+07   0.226847E+07   0.121172E+03
   0.443026E-02   0.225260E+07   0.225051E+07   0.781154E+05   0.745361E+05   0.215214E+07   0.224927E+07   0.225227E+07   0.224947E+07  -0.550068E+00   0.224431E+07   0.224350E+07   0.110555E+03
   0.489163E-02   0.222519E+07   0.222268E+07   0.712402E+05   0.668334E+05   0.210742E+07   0.222128E+07   0.222479E+07   0.222146E+07  -0.543192E+00   0.221642E+07   0.221561E+07   0.996636E+02
   0.540106E-02   0.219468E+07   0.219167E+07   0.656440E+05   0.540533E+05   0.205760E+07   0.219011E+07   0.219420E+07   0.219027E+07  -0.535550E+00   0.218540E+07   0.218458E+07   0.920340E+02
   0.596354E-02   0.216085E+07   0.215723E+07   0.484803E+05   0.436387E+05   0.200258E+07   0.215556E+07   0.216028E+07   0.215568E+07  -0.527082E+00   0.215103E+07   0.215017E+07   0.872002E+02
   0.658460E-02   0.212349E+07   0.211915E+07   0.358490E+05   0.351602E+05   0.194236E+07   0.211740E+07   0.212280E+07   0.211749E+07  -0.517735E+00   0.211309E+07   0.211220E+07   0.816471E+02
   0.727033E-02   0.208240E+07   0.207719E+07   0.346580E+05   0.282661E+05   0.187709E+07   0.207545E+07   0.208157E+07   0.207553E+07  -0.507465E+00   0.207139E+07   0.207048E+07   0.758211E+02
   0.802749E-02   0.203739E+07   0.203115E+07   0.265648E+05   0.226697E+05   0.180699E+07   0.202953E+07   0.203640E+07   0.202960E+07  -0.496229E+00   0.202576E+07   0.202480E+07   0.722038E+02
   0.886349E-02   0.198831E+07   0.198086E+07   0.201997E+05   0.181336E+05   0.173238E+07   0.197950E+07   0.198713E+07   0.197955E+07  -0.483987E+00   0.197604E+07   0.197503E+07   0.688209E+02
   0.978655E-02   0.193504E+07   0.192615E+07   0.183537E+05   0.144633E+05   0.165354E+07   0.192524E+07   0.193363E+07   0.192529E+07  -0.470715E+00   0.192212E+07   0.192106E+07   0.656640E+02
   0.108057E-01   0.187747E+07   0.186690E+07   0.131571E+05   0.114997E+05   0.157078E+07   0.186666E+07   0.187579E+07   0.186670E+07  -0.456386E+00   0.186391E+07   0.186277E+07   0.635234E+02
   0.119311E-01   0.181554E+07   0.180301E+07   0.115458E+05   0.911175E+04   0.148442E+07   0.180370E+07   0.181354E+07   0.180372E+07  -0.440987E+00   0.180133E+07   0.180012E+07   0.614710E+02
   0.131736E-01   0.174920E+07   0.173441E+07   0.884035E+04   0.719227E+04   0.139495E+07   0.173632E+07   0.174685E+07   0.173634E+07  -0.424510E+00   0.173437E+07   0.173306E+07   0.599937E+02
   0.145456E-01   0.167847E+07   0.166110E+07   0.639506E+04   0.565344E+04   0.130302E+07   0.166455E+07   0.167571E+07   0.166457E+07  -0.406962E+00   0.166303E+07   0.166161E+07   0.587481E+02
   0.160604E-01   0.160340E+07   0.158312E+07   0.585834E+04   0.442336E+04   0.120935E+07   0.158848E+07   0.160017E+07   0.158849E+07  -0.388360E+00   0.158738E+07   0.158585E+07   0.576338E+02
   0.177329E-01   0.152412E+07   0.150062E+07   0.450404E+04   0.344329E+04   0.111438E+07   0.150823E+07   0.152038E+07   0.150824E+07  -0.368738E+00   0.150757E+07   0.150590E+07   0.566336E+02
   0.195797E-01   0.144083E+07   0.141386E+07   0.334241E+04   0.266520E+04   0.101824E+07   0.142402E+07   0.143654E+07   0.142403E+07  -0.348148E+00   0.142380E+07   0.142199E+07   0.555560E+02
   0.216188E-01   0.135431E+07   0.132370E+07   0.274166E+04   0.205046E+04   0.917748E+06   0.133652E+07   0.134944E+07   0.133653E+07  -0.326755E+00   0.133676E+07   0.133481E+07   0.542408E+02
   0.238702E-01   0.126427E+07   0.123002E+07   0.233246E+04   0.156657E+04   0.820768E+06   0.124571E+07   0.125882E+07   0.124572E+07  -0.304554E+00   0.124636E+07   0.124428E+07   0.525266E+02
   0.263561E-01   0.117206E+07   0.113438E+07   0.139637E+04   0.118844E+04   0.726886E+06   0.115293E+07   0.116607E+07   0.115293E+07  -0.281868E+00   0.115392E+07   0.115173E+07   0.502567E+02
   0.291009E-01   0.107885E+07   0.103826E+07   0.936926E+03   0.895055E+03   0.637193E+06   0.105937E+07   0.107240E+07   0.105938E+07  -0.258996E+00   0.106069E+07   0.105841E+07   0.472298E+02
   0.321315E-01   0.986652E+06   0.944051E+06   0.802453E+03   0.669691E+03   0.552724E+06   0.967092E+06   0.979874E+06   0.967094E+06  -0.236434E+00   0.968669E+06   0.966360E+06   0.433443E+02
   0.354778E-01   0.897481E+06   0.854188E+06   0.571843E+03   0.498395E+03   0.474807E+06   0.878151E+06   0.890593E+06   0.878152E+06  -0.214690E+00   0.879935E+06   0.877667E+06   0.385490E+02
   0.391725E-01   0.813558E+06   0.771285E+06   0.428434E+03   0.369716E+03   0.404964E+06   0.794807E+06   0.806832E+06   0.794808E+06  -0.194313E+00   0.796736E+06   0.794599E+06   0.329043E+02
   0.432520E-01   0.737179E+06   0.697889E+06   0.346010E+03   0.274259E+03   0.344158E+06   0.719355E+06   0.730929E+06   0.719356E+06  -0.175867E+00   0.721377E+06   0.719466E+06   0.266376E+02
   0.475772E-01   0.672098E+06   0.637493E+06   0.248050E+03   0.206372E+03   0.293759E+06   0.655436E+06   0.666593E+06   0.655437E+06  -0.160240E+00   0.657511E+06   0.655901E+06   0.204076E+02
   0.519024E-01   0.620856E+06   0.591726E+06   0.192443E+03   0.160075E+03   0.254755E+06   0.605405E+06   0.616221E+06   0.605405E+06  -0.148008E+00   0.607504E+06   0.606214E+06   0.149874E+02
   0.562276E-01   0.579223E+06   0.555563E+06   0.152960E+03   0.127208E+03   0.223695E+06   0.564933E+06   0.575459E+06   0.564933E+06  -0.138113E+00   0.567042E+06   0.566051E+06   0.106319E+02
   0.605528E-01   0.543968E+06   0.525096E+06   0.123859E+03   0.102987E+03   0.198056E+06   0.530704E+06   0.540965E+06   0.530704E+06  -0.129745E+00   0.532818E+06   0.532071E+06   0.743745E+01
   0.648780E-01   0.512761E+06   0.497537E+06   0.101690E+03   0.845396E+02   0.176333E+06   0.500344E+06   0.510339E+06   0.500344E+06  -0.122323E+00   0.502456E+06   0.501880E+06   0.535701E+01
   0.692032E-01   0.483559E+06   0.470629E+06   0.842475E+02   0.700291E+02   0.157274E+06   0.471800E+06   0.481502E+06   0.471800E+06  -0.115344E+00   0.473905E+06   0.473419E+06   0.423176E+01
   0.735284E-01   0.454969E+06   0.443015E+06   0.701565E+02   0.583091E+02   0.140107E+06   0.443702E+06   0.453067E+06   0.443702E+06  -0.108475E+00   0.445791E+06   0.445323E+06   0.383307E+01
   0.778536E-01   0.426525E+06   0.414468E+06   0.585944E+02   0.486946E+02   0.124522E+06   0.415627E+06   0.424607E+06   0.415627E+06  -0.101611E+00   0.417687E+06   0.417183E+06   0.390498E+01
   0.821788E-01   0.398549E+06   0.385682E+06   0.490648E+02   0.407716E+02   0.110418E+06   0.387941E+06   0.396502E+06   0.387941E+06  -0.948427E-01   0.389961E+06   0.389388E+06   0.420237E+01
   0.865040E-01   0.371766E+06   0.357804E+06   0.412355E+02   0.342632E+02   0.978615E+05   0.361415E+06   0.369545E+06   0.361415E+06  -0.883576E-01   0.363385E+06   0.362737E+06   0.452078E+01
   0.908292E-01   0.346886E+06   0.331936E+06   0.348400E+02   0.289472E+02   0.868711E+05   0.336798E+06   0.344508E+06   0.336798E+06  -0.823394E-01   0.338712E+06   0.338002E+06   0.471506E+01
   0.961876E-01   0.319504E+06   0.303919E+06   0.285628E+02   0.237297E+02   0.753548E+05   0.309793E+06   0.317025E+06   0.309793E+06  -0.757372E-01   0.311633E+06   0.310888E+06   0.467042E+01
   0.101546E+00   0.296561E+06   0.281259E+06   0.237591E+02   0.197371E+02   0.660263E+05   0.287300E+06   0.294126E+06   0.287301E+06  -0.702383E-01   0.289068E+06   0.288345E+06   0.429446E+01
   0.106904E+00   0.278219E+06   0.264097E+06   0.201017E+02   0.166972E+02   0.585986E+05   0.269468E+06   0.275972E+06   0.269468E+06  -0.658786E-01   0.271169E+06   0.270518E+06   0.366975E+01
   0.112263E+00   0.263859E+06   0.251541E+06   0.172907E+02   0.143607E+02   0.526887E+05   0.255639E+06   0.261900E+06   0.255639E+06  -0.624978E-01   0.257285E+06   0.256738E+06   0.293419E+01
   0.117621E+00   0.252213E+06   0.241912E+06   0.150640E+02   0.125099E+02   0.478304E+05   0.244507E+06   0.250574E+06   0.244507E+06  -0.597763E-01   0.246105E+06   0.245670E+06   0.223088E+01
   0.122980E+00   0.241880E+06   0.233396E+06   0.132225E+02   0.109795E+02   0.436275E+05   0.234638E+06   0.240530E+06   0.234638E+06  -0.573635E-01   0.236192E+06   0.235852E+06   0.166976E+01
   0.128338E+00   0.231770E+06   0.224600E+06   0.116372E+02   0.966225E+01   0.397999E+05   0.224919E+06   0.230630E+06   0.224919E+06  -0.549875E-01   0.226432E+06   0.226153E+06   0.130705E+01
   0.133696E+00   0.221274E+06   0.214779E+06   0.102357E+02   0.849807E+01   0.362078E+05   0.214733E+06   0.220241E+06   0.214734E+06  -0.524973E-01   0.216202E+06   0.215949E+06   0.114304E+01
   0.139055E+00   0.210250E+06   0.203834E+06   0.898495E+01   0.745924E+01   0.328090E+05   0.203950E+06   0.209229E+06   0.203950E+06  -0.498610E-01   0.205372E+06   0.205110E+06   0.113401E+01
   0.144413E+00   0.198925E+06   0.192173E+06   0.787377E+01   0.653650E+01   0.296263E+05   0.192817E+06   0.197851E+06   0.192817E+06  -0.471392E-01   0.194189E+06   0.193898E+06   0.121234E+01
   0.149771E+00   0.187739E+06   0.180490E+06   0.690035E+01   0.572825E+01   0.267090E+05   0.181801E+06   0.186585E+06   0.181801E+06  -0.444461E-01   0.183121E+06   0.182796E+06   0.130797E+01
   0.155130E+00   0.177222E+06   0.169557E+06   0.606440E+01   0.503416E+01   0.241092E+05   0.171457E+06   0.176003E+06   0.171457E+06  -0.419173E-01   0.172726E+06   0.172374E+06   0.136568E+01
   0.160488E+00   0.167875E+06   0.160055E+06   0.536243E+01   0.445131E+01   0.218650E+05   0.162299E+06   0.166631E+06   0.162299E+06  -0.396784E-01   0.163519E+06   0.163158E+06   0.135480E+01
   0.165847E+00   0.159996E+06   0.152357E+06   0.478344E+01   0.397053E+01   0.199766E+05   0.154627E+06   0.158781E+06   0.154627E+06  -0.378027E-01   0.155803E+06   0.155453E+06   0.127093E+01
   0.171205E+00   0.153544E+06   0.146396E+06   0.430750E+01   0.357529E+01   0.184023E+05   0.148397E+06   0.152407E+06   0.148397E+06  -0.362796E-01   0.149535E+06   0.149214E+06   0.113099E+01
   0.176563E+00   0.148202E+06   0.141747E+06   0.391026E+01   0.324540E+01   0.170687E+05   0.143281E+06   0.147175E+06   0.143281E+06  -0.350289E-01   0.144386E+06   0.144104E+06   0.964160E+00
   0.181922E+00   0.143557E+06   0.137853E+06   0.356952E+01   0.296242E+01   0.159045E+05   0.138857E+06   0.142650E+06   0.138857E+06  -0.339473E-01   0.139933E+06   0.139691E+06   0.801762E+00
   0.187280E+00   0.139231E+06   0.134193E+06   0.326804E+01   0.271208E+01   0.148486E+05   0.134731E+06   0.138429E+06   0.134731E+06  -0.329387E-01   0.135780E+06   0.135572E+06   0.668878E+00
   0.192639E+00   0.134896E+06   0.130341E+06   0.299326E+01   0.248394E+01   0.138575E+05   0.130571E+06   0.134172E+06   0.130571E+06  -0.319217E-01   0.131593E+06   0.131408E+06   0.579364E+00
   0.197997E+00   0.130328E+06   0.126030E+06   0.273728E+01   0.227144E+01   0.129016E+05   0.126150E+06   0.129644E+06   0.126150E+06  -0.308408E-01   0.127145E+06   0.126969E+06   0.534675E+00
   0.203355E+00   0.125478E+06   0.121231E+06   0.249745E+01   0.207238E+01   0.119759E+05   0.121426E+06   0.124802E+06   0.121426E+06  -0.296857E-01   0.122391E+06   0.122214E+06   0.525954E+00
   0.208714E+00   0.120481E+06   0.116144E+06   0.227512E+01   0.188786E+01   0.110914E+05   0.116538E+06   0.119791E+06   0.116538E+06  -0.284909E-01   0.117474E+06   0.117287E+06   0.538227E+00
   0.214072E+00   0.115554E+06   0.111071E+06   0.207277E+01   0.171993E+01   0.102667E+05   0.111712E+06   0.114841E+06   0.111712E+06  -0.273108E-01   0.112617E+06   0.112419E+06   0.555256E+00
   0.219430E+00   0.110895E+06   0.106299E+06   0.189200E+01   0.156991E+01   0.951512E+04   0.107152E+06   0.110164E+06   0.107152E+06  -0.261962E-01   0.108028E+06   0.107823E+06   0.563683E+00
   0.224789E+00   0.106655E+06   0.102036E+06   0.173308E+01   0.143803E+01   0.884442E+04   0.103016E+06   0.105921E+06   0.103016E+06  -0.251849E-01   0.103864E+06   0.103657E+06   0.555619E+00
   0.230147E+00   0.102921E+06   0.983973E+05   0.159502E+01   0.132344E+01   0.825487E+04   0.993903E+05   0.102202E+06   0.993903E+05  -0.242986E-01   0.100213E+06   0.100011E+06   0.529378E+00
   0.235506E+00   0.996949E+05   0.953753E+05   0.147547E+01   0.122422E+01   0.773984E+04   0.962765E+05   0.990077E+05   0.962765E+05  -0.235373E-01   0.970771E+05   0.968863E+05   0.488587E+00
   0.240864E+00   0.968900E+05   0.928478E+05   0.137109E+01   0.113758E+01   0.728622E+04   0.935848E+05   0.962469E+05   0.935848E+05  -0.228793E-01   0.943652E+05   0.941894E+05   0.440180E+00
   0.246222E+00   0.943672E+05   0.906251E+05   0.127822E+01   0.106049E+01   0.687813E+04   0.911716E+05   0.937718E+05   0.911716E+05  -0.222893E-01   0.919336E+05   0.917735E+05   0.391992E+00
   0.251581E+00   0.919770E+05   0.885088E+05   0.119362E+01   0.990272E+00   0.650090E+04   0.888839E+05   0.914253E+05   0.888839E+05  -0.217300E-01   0.896285E+05   0.894822E+05   0.350635E+00
   0.256939E+00   0.895942E+05   0.863375E+05   0.111485E+01   0.924898E+00   0.614302E+04   0.865943E+05   0.890761E+05   0.865943E+05  -0.211703E-01   0.873218E+05   0.871854E+05   0.320111E+00
   0.262297E+00   0.871433E+05   0.840195E+05   0.104047E+01   0.863179E+00   0.579839E+04   0.842270E+05   0.866463E+05   0.842270E+05  -0.205915E-01   0.849371E+05   0.848060E+05   0.301334E+00
   0.267656E+00   0.846130E+05   0.815481E+05   0.970040E+00   0.804736E+00   0.546528E+04   0.817715E+05   0.841254E+05   0.817715E+05  -0.199912E-01   0.824639E+05   0.823341E+05   0.292485E+00
   0.273014E+00   0.820453E+05   0.789862E+05   0.903769E+00   0.749752E+00   0.514624E+04   0.792720E+05   0.815586E+05   0.792720E+05  -0.193801E-01   0.799465E+05   0.798152E+05   0.289957E+00
   0.278373E+00   0.795072E+05   0.764302E+05   0.842115E+00   0.698598E+00   0.484457E+04   0.767981E+05   0.790177E+05   0.767981E+05  -0.187753E-01   0.774548E+05   0.773211E+05   0.289570E+00
   0.283731E+00   0.770680E+05   0.739789E+05   0.785465E+00   0.651598E+00   0.456392E+04   0.744216E+05   0.765766E+05   0.744217E+05  -0.181943E-01   0.750610E+05   0.749257E+05   0.287676E+00
   0.289089E+00   0.747874E+05   0.717142E+05   0.734025E+00   0.608919E+00   0.430623E+04   0.722040E+05   0.742985E+05   0.722040E+05  -0.176522E-01   0.728268E+05   0.726917E+05   0.281910E+00
   0.294448E+00   0.727036E+05   0.696855E+05   0.687726E+00   0.570505E+00   0.407245E+04   0.701840E+05   0.722234E+05   0.701840E+05  -0.171583E-01   0.707914E+05   0.706589E+05   0.271489E+00
   0.299806E+00   0.708211E+05   0.678961E+05   0.646159E+00   0.536015E+00   0.386097E+04   0.683660E+05   0.703558E+05   0.683660E+05  -0.167139E-01   0.689591E+05   0.688313E+05   0.257078E+00
   0.305165E+00   0.691105E+05   0.663055E+05   0.608634E+00   0.504878E+00   0.366877E+04   0.667193E+05   0.686642E+05   0.667193E+05  -0.163113E-01   0.672993E+05   0.671776E+05   0.240337E+00
   0.310523E+00   0.675231E+05   0.648487E+05   0.574368E+00   0.476445E+00   0.349170E+04   0.651943E+05   0.670976E+05   0.651943E+05  -0.159385E-01   0.657619E+05   0.656469E+05   0.223319E+00
   0.315881E+00   0.660090E+05   0.634587E+05   0.542656E+00   0.450133E+00   0.332627E+04   0.637396E+05   0.656032E+05   0.637396E+05  -0.155828E-01   0.642954E+05   0.641865E+05   0.207889E+00
   0.321240E+00   0.645258E+05   0.620800E+05   0.512946E+00   0.425482E+00   0.316950E+04   0.623123E+05   0.641367E+05   0.623123E+05  -0.152339E-01   0.628566E+05   0.627525E+05   0.195302E+00
   0.326598E+00   0.630437E+05   0.606755E+05   0.484849E+00   0.402172E+00   0.301940E+04   0.608820E+05   0.626669E+05   0.608820E+05  -0.148842E-01   0.614149E+05   0.613141E+05   0.186008E+00
   0.331956E+00   0.615501E+05   0.592327E+05   0.458165E+00   0.380034E+00   0.287502E+04   0.594366E+05   0.611814E+05   0.594366E+05  -0.145308E-01   0.599581E+05   0.598591E+05   0.179697E+00
   0.337315E+00   0.600526E+05   0.577655E+05   0.432866E+00   0.359047E+00   0.273647E+04   0.579845E+05   0.596888E+05   0.579845E+05  -0.141758E-01   0.584946E+05   0.583964E+05   0.175509E+00
   0.342673E+00   0.585744E+05   0.563061E+05   0.409036E+00   0.339278E+00   0.260458E+04   0.565495E+05   0.582136E+05   0.565495E+05  -0.138250E-01   0.570483E+05   0.569504E+05   0.172338E+00
   0.348032E+00   0.571422E+05   0.548914E+05   0.386772E+00   0.320809E+00   0.248017E+04   0.551591E+05   0.567841E+05   0.551591E+05  -0.134851E-01   0.556469E+05   0.555493E+05   0.169135E+00
   0.353390E+00   0.557768E+05   0.535508E+05   0.366112E+00   0.303671E+00   0.236386E+04   0.538349E+05   0.554227E+05   0.538349E+05  -0.131614E-01   0.543122E+05   0.542155E+05   0.165141E+00
   0.358748E+00   0.544902E+05   0.523008E+05   0.347026E+00   0.287838E+00   0.225558E+04   0.525892E+05   0.541419E+05   0.525892E+05  -0.128568E-01   0.530565E+05   0.529613E+05   0.160008E+00
   0.364107E+00   0.532853E+05   0.511452E+05   0.329422E+00   0.273234E+00   0.215513E+04   0.514250E+05   0.529449E+05   0.514250E+05  -0.125722E-01   0.518827E+05   0.517898E+05   0.153799E+00
   0.369465E+00   0.521566E+05   0.500756E+05   0.313158E+00   0.259742E+00   0.206171E+04   0.503364E+05   0.518256E+05   0.503364E+05  -0.123061E-01   0.507850E+05   0.506950E+05   0.146890E+00
   0.374823E+00   0.510906E+05   0.490734E+05   0.298057E+00   0.247214E+00   0.197446E+04   0.493095E+05   0.507697E+05   0.493095E+05  -0.120550E-01   0.497495E+05   0.496626E+05   0.139812E+00
   0.380182E+00   0.500688E+05   0.481144E+05   0.283930E+00   0.235495E+00   0.189219E+04   0.483255E+05   0.497578E+05   0.483255E+05  -0.118144E-01   0.487572E+05   0.486733E+05   0.133098E+00
   0.385540E+00   0.490740E+05   0.471767E+05   0.270613E+00   0.224447E+00   0.181409E+04   0.473670E+05   0.487722E+05   0.473670E+05  -0.115801E-01   0.477906E+05   0.477093E+05   0.127150E+00
   0.390899E+00   0.480949E+05   0.462456E+05   0.257990E+00   0.213976E+00   0.173942E+04   0.464223E+05   0.478007E+05   0.464223E+05  -0.113492E-01   0.468381E+05   0.467589E+05   0.122165E+00
   0.396257E+00   0.471262E+05   0.453154E+05   0.245994E+00   0.204025E+00   0.166788E+04   0.454864E+05   0.468381E+05   0.454864E+05  -0.111204E-01   0.458944E+05   0.458167E+05   0.118127E+00
   0.401615E+00   0.461680E+05   0.443874E+05   0.234588E+00   0.194564E+00   0.159927E+04   0.445595E+05   0.458847E+05   0.445595E+05  -0.108937E-01   0.449597E+05   0.448832E+05   0.114845E+00
   0.406974E+00   0.452245E+05   0.434688E+05   0.223763E+00   0.185585E+00   0.153369E+04   0.436461E+05   0.449452E+05   0.436461E+05  -0.106705E-01   0.440389E+05   0.439632E+05   0.112029E+00
   0.412332E+00   0.443037E+05   0.425708E+05   0.213527E+00   0.177094E+00   0.147121E+04   0.427546E+05   0.440280E+05   0.427546E+05  -0.104525E-01   0.431399E+05   0.430651E+05   0.109375E+00
   0.417691E+00   0.434139E+05   0.417048E+05   0.203887E+00   0.169098E+00   0.141200E+04   0.418932E+05   0.431420E+05   0.418932E+05  -0.102419E-01   0.422713E+05   0.421975E+05   0.106639E+00
   0.423049E+00   0.425603E+05   0.408780E+05   0.194834E+00   0.161589E+00   0.135608E+04   0.410677E+05   0.422927E+05   0.410677E+05  -0.100401E-01   0.414388E+05   0.413661E+05   0.103678E+00
   0.428407E+00   0.417444E+05   0.400927E+05   0.186340E+00   0.154544E+00   0.130332E+04   0.402793E+05   0.414816E+05   0.402793E+05  -0.984734E-02   0.406438E+05   0.405724E+05   0.100464E+00
   0.433766E+00   0.409643E+05   0.393465E+05   0.178364E+00   0.147928E+00   0.125352E+04   0.395263E+05   0.407069E+05   0.395263E+05  -0.966325E-02   0.398844E+05   0.398146E+05   0.970632E-01
   0.439124E+00   0.402164E+05   0.386343E+05   0.170859E+00   0.141703E+00   0.120639E+04   0.388049E+05   0.399647E+05   0.388049E+05  -0.948688E-02   0.391568E+05   0.390886E+05   0.936074E-01
   0.444482E+00   0.394955E+05   0.379492E+05   0.163775E+00   0.135827E+00   0.116170E+04   0.381097E+05   0.392495E+05   0.381097E+05  -0.931692E-02   0.384556E+05   0.383890E+05   0.902449E-01
   0.449841E+00   0.387955E+05   0.372834E+05   0.157063E+00   0.130259E+00   0.111908E+04   0.374347E+05   0.385549E+05   0.374347E+05  -0.915189E-02   0.377747E+05   0.377097E+05   0.871018E-01
   0.455199E+00   0.381113E+05   0.366304E+05   0.150680E+00   0.124966E+00   0.107834E+04   0.367746E+05   0.378757E+05   0.367746E+05  -0.899051E-02   0.371089E+05   0.370453E+05   0.842552E-01
   0.460558E+00   0.374397E+05   0.359866E+05   0.144598E+00   0.119920E+00   0.103925E+04   0.361262E+05   0.372085E+05   0.361262E+05  -0.883200E-02   0.364549E+05   0.363925E+05   0.817234E-01
   0.465916E+00   0.367797E+05   0.353512E+05   0.138795E+00   0.115107E+00   0.100177E+04   0.354886E+05   0.365524E+05   0.354886E+05  -0.867612E-02   0.358119E+05   0.357505E+05   0.794720E-01
   0.471274E+00   0.361322E+05   0.347257E+05   0.133263E+00   0.110519E+00   0.965809E+03   0.348628E+05   0.359084E+05   0.348628E+05  -0.852313E-02   0.351807E+05   0.351202E+05   0.774302E-01
   0.476633E+00   0.354992E+05   0.341133E+05   0.127995E+00   0.106149E+00   0.931401E+03   0.342509E+05   0.352788E+05   0.342509E+05  -0.837354E-02   0.345636E+05   0.345039E+05   0.755129E-01
   0.481991E+00   0.348829E+05   0.335171E+05   0.122985E+00   0.101995E+00   0.898496E+03   0.336551E+05   0.346656E+05   0.336551E+05  -0.822788E-02   0.339626E+05   0.339038E+05   0.736417E-01
   0.487350E+00   0.342847E+05   0.329394E+05   0.118228E+00   0.980488E-01   0.867105E+03   0.330770E+05   0.340706E+05   0.330770E+05  -0.808656E-02   0.333796E+05   0.333216E+05   0.717616E-01
   0.492708E+00   0.337055E+05   0.323817E+05   0.113713E+00   0.943039E-01   0.837173E+03   0.325176E+05   0.334949E+05   0.325176E+05  -0.794980E-02   0.328153E+05   0.327582E+05   0.698480E-01
   0.498066E+00   0.331458E+05   0.318442E+05   0.109429E+00   0.907507E-01   0.808646E+03   0.319772E+05   0.329387E+05   0.319772E+05  -0.781768E-02   0.322702E+05   0.322141E+05   0.679067E-01
   0.503425E+00   0.326044E+05   0.313256E+05   0.105360E+00   0.873765E-01   0.781437E+03   0.314548E+05   0.324010E+05   0.314548E+05  -0.768995E-02   0.317431E+05   0.316881E+05   0.659651E-01
   0.508783E+00   0.320792E+05   0.308233E+05   0.101490E+00   0.841663E-01   0.755434E+03   0.309480E+05   0.318794E+05   0.309480E+05  -0.756605E-02   0.312319E+05   0.311779E+05   0.640608E-01
   0.514141E+00   0.315678E+05   0.303343E+05   0.978003E-01   0.811062E-01   0.730546E+03   0.304547E+05   0.313716E+05   0.304547E+05  -0.744544E-02   0.307343E+05   0.306812E+05   0.622306E-01
   0.519500E+00   0.310689E+05   0.298566E+05   0.942780E-01   0.781848E-01   0.706662E+03   0.299732E+05   0.308760E+05   0.299732E+05  -0.732774E-02   0.302486E+05   0.301964E+05   0.605021E-01
   0.524858E+00   0.305810E+05   0.293889E+05   0.909111E-01   0.753925E-01   0.683750E+03   0.295024E+05   0.303914E+05   0.295024E+05  -0.721264E-02   0.297736E+05   0.297224E+05   0.588876E-01
   0.530217E+00   0.301033E+05   0.289299E+05   0.876893E-01   0.727203E-01   0.661711E+03   0.290411E+05   0.299166E+05   0.290411E+05  -0.709987E-02   0.293083E+05   0.292579E+05   0.573836E-01
   0.535575E+00   0.296348E+05   0.284790E+05   0.846039E-01   0.701614E-01   0.640526E+03   0.285888E+05   0.294509E+05   0.285888E+05  -0.698928E-02   0.288520E+05   0.288023E+05   0.559743E-01
   0.540933E+00   0.291759E+05   0.280369E+05   0.816496E-01   0.677112E-01   0.620133E+03   0.281456E+05   0.289947E+05   0.281456E+05  -0.688094E-02   0.284049E+05   0.283559E+05   0.546368E-01
   0.546292E+00   0.287276E+05   0.276048E+05   0.788232E-01   0.653671E-01   0.600569E+03   0.277126E+05   0.285489E+05   0.277126E+05  -0.677507E-02   0.279681E+05   0.279197E+05   0.533475E-01
   0.551650E+00   0.282903E+05   0.271835E+05   0.761208E-01   0.631259E-01   0.581767E+03   0.272904E+05   0.281143E+05   0.272904E+05  -0.667185E-02   0.275421E+05   0.274945E+05   0.520871E-01
   0.557009E+00   0.278643E+05   0.267735E+05   0.735372E-01   0.609832E-01   0.563737E+03   0.268790E+05   0.276908E+05   0.268790E+05  -0.657128E-02   0.271271E+05   0.270802E+05   0.508433E-01
   0.562367E+00   0.274492E+05   0.263744E+05   0.710663E-01   0.589339E-01   0.546414E+03   0.264782E+05   0.272782E+05   0.264782E+05  -0.647330E-02   0.267228E+05   0.266765E+05   0.496121E-01
   0.567725E+00   0.270447E+05   0.259861E+05   0.687026E-01   0.569736E-01   0.529798E+03   0.260879E+05   0.268763E+05   0.260879E+05  -0.637787E-02   0.263290E+05   0.262834E+05   0.483972E-01
   0.573084E+00   0.266507E+05   0.256081E+05   0.664407E-01   0.550977E-01   0.513826E+03   0.257077E+05   0.264849E+05   0.257077E+05  -0.628492E-02   0.259454E+05   0.259005E+05   0.472068E-01
   0.578442E+00   0.262666E+05   0.252397E+05   0.642746E-01   0.533012E-01   0.498487E+03   0.253370E+05   0.261032E+05   0.253370E+05  -0.619429E-02   0.255714E+05   0.255272E+05   0.460506E-01
   0.629704E+00   0.229806E+05   0.220820E+05   0.474438E-01   0.393430E-01   0.377173E+03   0.221655E+05   0.228376E+05   0.221655E+05  -0.541895E-02   0.223716E+05   0.223329E+05   0.370197E-01
   0.769122E+00   0.167129E+05   0.160601E+05   0.231225E-01   0.191736E-01   0.193436E+03   0.161178E+05   0.166091E+05   0.161178E+05  -0.394043E-02   0.162690E+05   0.162409E+05   0.220094E-01
   0.939408E+00   0.120951E+05   0.116228E+05   0.112147E-01   0.929914E-02   0.977836E+02   0.116632E+05   0.120200E+05   0.116632E+05  -0.285137E-02   0.117733E+05   0.117530E+05   0.130338E-01
   0.114740E+01   0.871531E+04   0.837504E+04   0.541603E-02   0.449083E-02   0.487968E+02   0.840346E+04   0.866118E+04   0.840346E+04  -0.205445E-02   0.848314E+04   0.846851E+04   0.768707E-02
   0.140143E+01   0.625408E+04   0.600994E+04   0.260496E-02   0.215993E-02   0.240702E+02   0.602997E+04   0.621524E+04   0.602997E+04  -0.147419E-02   0.608734E+04   0.607684E+04   0.451588E-02
   0.171171E+01   0.447176E+04   0.429722E+04   0.124844E-02   0.103514E-02   0.117569E+02   0.431135E+04   0.444399E+04   0.431135E+04  -0.105402E-02   0.435246E+04   0.434495E+04   0.264405E-02
   0.209069E+01   0.318674E+04   0.306237E+04   0.596345E-03   0.494456E-03   0.569460E+01   0.307236E+04   0.316696E+04   0.307236E+04  -0.751119E-03   0.310170E+04   0.309635E+04   0.154346E-02
   0.255358E+01   0.226398E+04   0.217562E+04   0.283981E-03   0.235460E-03   0.273905E+01   0.218268E+04   0.224992E+04   0.218268E+04  -0.533613E-03   0.220354E+04   0.219974E+04   0.898609E-03
   0.311895E+01   0.160385E+04   0.154126E+04   0.134851E-03   0.111810E-03   0.130987E+01   0.154624E+04   0.159390E+04   0.154624E+04  -0.378019E-03   0.156103E+04   0.155833E+04   0.522025E-03
   0.380949E+01   0.113331E+04   0.108908E+04   0.638722E-04   0.529588E-04   0.623479E+00   0.109259E+04   0.112627E+04   0.109259E+04  -0.267112E-03   0.110304E+04   0.110113E+04   0.302767E-03
   0.465292E+01   0.798877E+03   0.767691E+03   0.301801E-04   0.250234E-04   0.295589E+00   0.770167E+03   0.793916E+03   0.770167E+03  -0.188288E-03   0.777542E+03   0.776188E+03   0.175415E-03
   0.568309E+01   0.561909E+03   0.539966E+03   0.142293E-04   0.117980E-04   0.139686E+00   0.541712E+03   0.558418E+03   0.541712E+03  -0.132436E-03   0.546900E+03   0.545943E+03   0.101612E-03
   0.694134E+01   0.394420E+03   0.379009E+03   0.669502E-05   0.555109E-05   0.658289E-01   0.380240E+03   0.391968E+03   0.380240E+03  -0.929598E-04   0.383883E+03   0.383205E+03   0.589125E-04
   0.847817E+01   0.276331E+03   0.265525E+03   0.314412E-05   0.260691E-05   0.309468E-01   0.266395E+03   0.274612E+03   0.266395E+03  -0.651273E-04   0.268948E+03   0.268467E+03   0.342381E-04
   0.103553E+02   0.193258E+03   0.185690E+03   0.147394E-05   0.122211E-05   0.145182E-01   0.186307E+03   0.192054E+03   0.186307E+03  -0.455477E-04   0.188093E+03   0.187750E+03   0.199869E-04
   0.126479E+02   0.134937E+03   0.129642E+03   0.689830E-06   0.571971E-06   0.679816E-02   0.130082E+03   0.134094E+03   0.130082E+03  -0.318019E-04   0.131329E+03   0.131083E+03   0.117524E-04
   0.154482E+02   0.940718E+02   0.903693E+02   0.322356E-06   0.267283E-06   0.317781E-02   0.906854E+02   0.934828E+02   0.906854E+02  -0.221704E-04   0.915558E+02   0.913769E+02   0.698676E-05
   0.188685E+02   0.654886E+02   0.628992E+02   0.150416E-06   0.124721E-06   0.148324E-02   0.631293E+02   0.650766E+02   0.631293E+02  -0.154336E-04   0.637358E+02   0.636038E+02   0.421932E-05
   0.230461E+02   0.455286E+02   0.437162E+02   0.700898E-07   0.581176E-07   0.691299E-03   0.438865E+02   0.452402E+02   0.438865E+02  -0.107292E-04   0.443087E+02   0.442092E+02   0.260297E-05
   0.281485E+02   0.316116E+02   0.303405E+02   0.326166E-07   0.270462E-07   0.321740E-03   0.304695E+02   0.314094E+02   0.304695E+02  -0.744907E-05   0.307633E+02   0.306862E+02   0.165040E-05
   0.343807E+02   0.219220E+02   0.210273E+02   0.151588E-07   0.125705E-07   0.149550E-03   0.211279E+02   0.217797E+02   0.211279E+02  -0.516528E-05   0.213323E+02   0.212706E+02   0.108151E-05
   0.419926E+02   0.151846E+02   0.145513E+02   0.703614E-08   0.583521E-08   0.694276E-04   0.146325E+02   0.150839E+02   0.146325E+02  -0.357730E-05   0.147747E+02   0.147235E+02   0.735355E-06
   0.512900E+02   0.105058E+02   0.100536E+02   0.326167E-08   0.270526E-08   0.321917E-04   0.101216E+02   0.104339E+02   0.101216E+02  -0.247450E-05   0.102207E+02   0.101765E+02   0.519407E-06
   0.626457E+02   0.726039E+01   0.693342E+01   0.150991E-08   0.125254E-08   0.149099E-04   0.699266E+01   0.720837E+01   0.699266E+01  -0.170954E-05   0.706179E+01   0.702228E+01   0.380384E-06
   0.765156E+02   0.501166E+01   0.477117E+01   0.697924E-09   0.579104E-09   0.689442E-05   0.482457E+01   0.497340E+01   0.482457E+01  -0.117949E-05   0.487299E+01   0.483651E+01   0.287488E-06
   0.934564E+02   0.345513E+01   0.327424E+01   0.322041E-09   0.267312E-09   0.318348E-05   0.332382E+01   0.342635E+01   0.332382E+01  -0.812595E-06   0.335791E+01   0.332338E+01   0.222817E-06
   0.114148E+03   0.237876E+01   0.223889E+01   0.148287E-09   0.123153E-09   0.146765E-05   0.228600E+01   0.235651E+01   0.228600E+01  -0.558872E-06   0.231019E+01   0.227690E+01   0.175869E-06
