#          k/h    CDM            baryon         photon         nu             mass_nu        total          no_nu          total_de       Weyl           v_CDM          v_b            v_b-v_c     
   0.105171E-04   0.310711E+07   0.310711E+07   0.414251E+07   0.414251E+07   0.310749E+07   0.310712E+07   0.310711E+07   0.311556E+07  -0.600023E+00   0.309799E+07   0.309799E+07   0.837247E+01
   0.116124E-04   0.310711E+07   0.310711E+07   0.414245E+07   0.414244E+07   0.310749E+07   0.310712E+07   0.310711E+07   0.311556E+07  -0.600023E+00   0.309799E+07   0.309799E+07   0.924432E+01
   0.128218E-04   0.310711E+07   0.310711E+07   0.414237E+07   0.414236E+07   0.310749E+07   0.310712E+07   0.310711E+07   0.311555E+07  -0.600023E+00   0.309799E+07   0.309799E+07   0.102069E+02
   0.141570E-04   0.310711E+07   0.310711E+07   0.414227E+07   0.414225E+07   0.310748E+07   0.310712E+07   0.310711E+07   0.311555E+07  -0.600023E+00   0.309799E+07   0.309799E+07   0.112697E+02
   0.156314E-04   0.310711E+07   0.310711E+07   0.414215E+07   0.414213E+07   0.310748E+07   0.310712E+07   0.310711E+07   0.311555E+07  -0.600023E+00   0.309799E+07   0.309799E+07   0.124432E+02
   0.172593E-04   0.310711E+07   0.310711E+07   0.414200E+07   0.414198E+07   0.310748E+07   0.310712E+07   0.310711E+07   0.311555E+07  -0.600022E+00   0.309799E+07   0.309799E+07   0.137388E+02
   0.190567E-04   0.310710E+07   0.310710E+07   0.414182E+07   0.414180E+07   0.310748E+07   0.310712E+07   0.310710E+07   0.311555E+07  -0.600022E+00   0.309799E+07   0.309799E+07   0.151692E+02
   0.210413E-04   0.310710E+07   0.310710E+07   0.414160E+07   0.414157E+07   0.310748E+07   0.310711E+07   0.310710E+07   0.311555E+07  -0.600021E+00   0.309799E+07   0.309799E+07   0.167484E+02
   0.232326E-04   0.310710E+07   0.310710E+07   0.414133E+07   0.414130E+07   0.310748E+07   0.310711E+07   0.310710E+07   0.311554E+07  -0.600021E+00   0.309798E+07   0.309798E+07   0.184920E+02
   0.256521E-04   0.310710E+07   0.310710E+07   0.414101E+07   0.414097E+07   0.310747E+07   0.310711E+07   0.310710E+07   0.311554E+07  -0.600020E+00   0.309798E+07   0.309798E+07   0.204169E+02
   0.283236E-04   0.310710E+07   0.310710E+07   0.414061E+07   0.414056E+07   0.310747E+07   0.310711E+07   0.310710E+07   0.311554E+07  -0.600019E+00   0.309798E+07   0.309798E+07   0.225419E+02
   0.312733E-04   0.310709E+07   0.310709E+07   0.414013E+07   0.414007E+07   0.310746E+07   0.310710E+07   0.310709E+07   0.311553E+07  -0.600018E+00   0.309798E+07   0.309797E+07   0.248878E+02
   0.345301E-04   0.310709E+07   0.310709E+07   0.413954E+07   0.413947E+07   0.310746E+07   0.310710E+07   0.310709E+07   0.311553E+07  -0.600017E+00   0.309797E+07   0.309797E+07   0.274774E+02
   0.381262E-04   0.310708E+07   0.310708E+07   0.413883E+07   0.413873E+07   0.310745E+07   0.310709E+07   0.310708E+07   0.311552E+07  -0.600016E+00   0.309796E+07   0.309796E+07   0.303359E+02
   0.420968E-04   0.310707E+07   0.310707E+07   0.413795E+07   0.413784E+07   0.310744E+07   0.310708E+07   0.310707E+07   0.311551E+07  -0.600014E+00   0.309796E+07   0.309796E+07   0.334911E+02
   0.464808E-04   0.310707E+07   0.310706E+07   0.413689E+07   0.413675E+07   0.310743E+07   0.310708E+07   0.310707E+07   0.311550E+07  -0.600012E+00   0.309795E+07   0.309795E+07   0.369734E+02
   0.513214E-04   0.310706E+07   0.310705E+07   0.413559E+07   0.413542E+07   0.310742E+07   0.310707E+07   0.310705E+07   0.311549E+07  -0.600009E+00   0.309794E+07   0.309794E+07   0.408166E+02
   0.566662E-04   0.310704E+07   0.310704E+07   0.413401E+07   0.413380E+07   0.310740E+07   0.310705E+07   0.310704E+07   0.311547E+07  -0.600006E+00   0.309793E+07   0.309792E+07   0.450574E+02
   0.625675E-04   0.310703E+07   0.310703E+07   0.413208E+07   0.413183E+07   0.310738E+07   0.310704E+07   0.310703E+07   0.311545E+07  -0.600002E+00   0.309791E+07   0.309791E+07   0.497364E+02
   0.690835E-04   0.310701E+07   0.310701E+07   0.412973E+07   0.412943E+07   0.310735E+07   0.310702E+07   0.310701E+07   0.311543E+07  -0.599997E+00   0.309789E+07   0.309789E+07   0.548980E+02
   0.762780E-04   0.310699E+07   0.310698E+07   0.412686E+07   0.412650E+07   0.310732E+07   0.310700E+07   0.310698E+07   0.311540E+07  -0.599991E+00   0.309787E+07   0.309786E+07   0.605910E+02
   0.842218E-04   0.310696E+07   0.310695E+07   0.412338E+07   0.412293E+07   0.310729E+07   0.310697E+07   0.310696E+07   0.311536E+07  -0.599984E+00   0.309784E+07   0.309783E+07   0.668685E+02
   0.929929E-04   0.310692E+07   0.310692E+07   0.411913E+07   0.411859E+07   0.310724E+07   0.310693E+07   0.310692E+07   0.311532E+07  -0.599975E+00   0.309781E+07   0.309780E+07   0.737885E+02
   0.102677E-03   0.310688E+07   0.310688E+07   0.411395E+07   0.411329E+07   0.310719E+07   0.310689E+07   0.310688E+07   0.311527E+07  -0.599964E+00   0.309777E+07   0.309775E+07   0.814140E+02
   0.113370E-03   0.310683E+07   0.310683E+07   0.410765E+07   0.410685E+07   0.310712E+07   0.310684E+07   0.310683E+07   0.311520E+07  -0.599951E+00   0.309772E+07   0.309770E+07   0.898133E+02
   0.125177E-03   0.310677E+07   0.310676E+07   0.409998E+07   0.409901E+07   0.310704E+07   0.310678E+07   0.310677E+07   0.311512E+07  -0.599936E+00   0.309766E+07   0.309763E+07   0.990599E+02
   0.138213E-03   0.310669E+07   0.310669E+07   0.409065E+07   0.408947E+07   0.310694E+07   0.310670E+07   0.310669E+07   0.311503E+07  -0.599916E+00   0.309758E+07   0.309755E+07   0.109233E+03
   0.152607E-03   0.310660E+07   0.310659E+07   0.407930E+07   0.407786E+07   0.310682E+07   0.310661E+07   0.310660E+07   0.311491E+07  -0.599893E+00   0.309749E+07   0.309746E+07   0.120416E+03
   0.168500E-03   0.310649E+07   0.310648E+07   0.406551E+07   0.406376E+07   0.310668E+07   0.310650E+07   0.310649E+07   0.311477E+07  -0.599864E+00   0.309738E+07   0.309734E+07   0.132697E+03
   0.186048E-03   0.310636E+07   0.310634E+07   0.404875E+07   0.404662E+07   0.310650E+07   0.310636E+07   0.310635E+07   0.311460E+07  -0.599829E+00   0.309725E+07   0.309720E+07   0.146168E+03
   0.205424E-03   0.310619E+07   0.310617E+07   0.402841E+07   0.402583E+07   0.310628E+07   0.310619E+07   0.310619E+07   0.311439E+07  -0.599787E+00   0.309708E+07   0.309702E+07   0.160924E+03
   0.226817E-03   0.310599E+07   0.310597E+07   0.400374E+07   0.400061E+07   0.310602E+07   0.310599E+07   0.310599E+07   0.311414E+07  -0.599735E+00   0.309688E+07   0.309681E+07   0.177056E+03
   0.250438E-03   0.310574E+07   0.310572E+07   0.397386E+07   0.397006E+07   0.310569E+07   0.310574E+07   0.310574E+07   0.311383E+07  -0.599672E+00   0.309664E+07   0.309655E+07   0.194655E+03
   0.276520E-03   0.310545E+07   0.310541E+07   0.393771E+07   0.393312E+07   0.310530E+07   0.310544E+07   0.310544E+07   0.311345E+07  -0.599596E+00   0.309635E+07   0.309624E+07   0.213801E+03
   0.305317E-03   0.310508E+07   0.310504E+07   0.389406E+07   0.388852E+07   0.310483E+07   0.310507E+07   0.310508E+07   0.311299E+07  -0.599503E+00   0.309599E+07   0.309585E+07   0.234562E+03
   0.337113E-03   0.310464E+07   0.310459E+07   0.384146E+07   0.383480E+07   0.310424E+07   0.310462E+07   0.310463E+07   0.311244E+07  -0.599390E+00   0.309555E+07   0.309539E+07   0.256978E+03
   0.372221E-03   0.310410E+07   0.310404E+07   0.377824E+07   0.377024E+07   0.310354E+07   0.310408E+07   0.310409E+07   0.311176E+07  -0.599253E+00   0.309502E+07   0.309482E+07   0.281056E+03
   0.410985E-03   0.310345E+07   0.310337E+07   0.370250E+07   0.369293E+07   0.310268E+07   0.310341E+07   0.310344E+07   0.311095E+07  -0.599087E+00   0.309437E+07   0.309413E+07   0.306753E+03
   0.453786E-03   0.310265E+07   0.310257E+07   0.361211E+07   0.360069E+07   0.310163E+07   0.310261E+07   0.310264E+07   0.310996E+07  -0.598885E+00   0.309358E+07   0.309330E+07   0.333953E+03
   0.501045E-03   0.310169E+07   0.310158E+07   0.350474E+07   0.349120E+07   0.310036E+07   0.310163E+07   0.310167E+07   0.310876E+07  -0.598642E+00   0.309262E+07   0.309228E+07   0.362448E+03
   0.553225E-03   0.310052E+07   0.310039E+07   0.337794E+07   0.336198E+07   0.309882E+07   0.310045E+07   0.310050E+07   0.310732E+07  -0.598348E+00   0.309146E+07   0.309106E+07   0.391902E+03
   0.610839E-03   0.309911E+07   0.309895E+07   0.322927E+07   0.321059E+07   0.309695E+07   0.309902E+07   0.309908E+07   0.310558E+07  -0.597994E+00   0.309006E+07   0.308957E+07   0.421824E+03
   0.674453E-03   0.309740E+07   0.309721E+07   0.305650E+07   0.303482E+07   0.309469E+07   0.309729E+07   0.309737E+07   0.310350E+07  -0.597569E+00   0.308835E+07   0.308778E+07   0.451523E+03
   0.744692E-03   0.309533E+07   0.309511E+07   0.285787E+07   0.283301E+07   0.309195E+07   0.309520E+07   0.309530E+07   0.310100E+07  -0.597060E+00   0.308629E+07   0.308562E+07   0.480076E+03
   0.822246E-03   0.309284E+07   0.309258E+07   0.263260E+07   0.260446E+07   0.308864E+07   0.309267E+07   0.309280E+07   0.309802E+07  -0.596451E+00   0.308380E+07   0.308303E+07   0.506293E+03
   0.907877E-03   0.308985E+07   0.308954E+07   0.238138E+07   0.235005E+07   0.308465E+07   0.308964E+07   0.308980E+07   0.309447E+07  -0.595727E+00   0.308081E+07   0.307991E+07   0.528709E+03
   0.100243E-02   0.308626E+07   0.308590E+07   0.210704E+07   0.207286E+07   0.307985E+07   0.308601E+07   0.308620E+07   0.309028E+07  -0.594870E+00   0.307721E+07   0.307619E+07   0.545603E+03
   0.110682E-02   0.308197E+07   0.308156E+07   0.181530E+07   0.177889E+07   0.307409E+07   0.308167E+07   0.308190E+07   0.308534E+07  -0.593861E+00   0.307289E+07   0.307175E+07   0.555080E+03
   0.122209E-02   0.307686E+07   0.307639E+07   0.151530E+07   0.147765E+07   0.306720E+07   0.307650E+07   0.307679E+07   0.307956E+07  -0.592680E+00   0.306775E+07   0.306648E+07   0.555240E+03
   0.134936E-02   0.307081E+07   0.307027E+07   0.121986E+07   0.118225E+07   0.305894E+07   0.307037E+07   0.307072E+07   0.307283E+07  -0.591305E+00   0.306162E+07   0.306025E+07   0.544452E+03
   0.148988E-02   0.306366E+07   0.306306E+07   0.944805E+06   0.908678E+06   0.304913E+07   0.306313E+07   0.306357E+07   0.306503E+07  -0.589717E+00   0.305438E+07   0.305293E+07   0.521766E+03
   0.164504E-02   0.305528E+07   0.305461E+07   0.707160E+06   0.673847E+06   0.303753E+07   0.305464E+07   0.305517E+07   0.305606E+07  -0.587895E+00   0.304585E+07   0.304436E+07   0.487402E+03
   0.181636E-02   0.304549E+07   0.304475E+07   0.521649E+06   0.491963E+06   0.302388E+07   0.304473E+07   0.304537E+07   0.304577E+07  -0.585816E+00   0.303588E+07   0.303438E+07   0.443240E+03
   0.200552E-02   0.303413E+07   0.303332E+07   0.395932E+06   0.369750E+06   0.300790E+07   0.303322E+07   0.303400E+07   0.303401E+07  -0.583458E+00   0.302429E+07   0.302282E+07   0.393080E+03
   0.221438E-02   0.302103E+07   0.302014E+07   0.325853E+06   0.301938E+06   0.298926E+07   0.301994E+07   0.302089E+07   0.302059E+07  -0.580791E+00   0.301091E+07   0.300949E+07   0.342371E+03
   0.244500E-02   0.300600E+07   0.300502E+07   0.293594E+06   0.269987E+06   0.296763E+07   0.300470E+07   0.300585E+07   0.300529E+07  -0.577779E+00   0.299556E+07   0.299421E+07   0.297108E+03
   0.269962E-02   0.298885E+07   0.298774E+07   0.272297E+06   0.247448E+06   0.294263E+07   0.298730E+07   0.298868E+07   0.298784E+07  -0.574377E+00   0.297807E+07   0.297675E+07   0.261862E+03
   0.298077E-02   0.296936E+07   0.296810E+07   0.238592E+06   0.212769E+06   0.291386E+07   0.296751E+07   0.296916E+07   0.296797E+07  -0.570532E+00   0.295823E+07   0.295691E+07   0.237602E+03
   0.329119E-02   0.294730E+07   0.294583E+07   0.187711E+06   0.163375E+06   0.288088E+07   0.294508E+07   0.294706E+07   0.294545E+07  -0.566185E+00   0.293582E+07   0.293446E+07   0.220763E+03
   0.363395E-02   0.292240E+07   0.292068E+07   0.137514E+06   0.117353E+06   0.284325E+07   0.291977E+07   0.292213E+07   0.292004E+07  -0.561284E+00   0.291057E+07   0.290918E+07   0.205183E+03
   0.401240E-02   0.289441E+07   0.289239E+07   0.109757E+06   0.934769E+05   0.280052E+07   0.289129E+07   0.289409E+07   0.289150E+07  -0.555778E+00   0.288219E+07   0.288079E+07   0.186735E+03
   0.443026E-02   0.286304E+07   0.286068E+07   0.101533E+06   0.823623E+05   0.275228E+07   0.285936E+07   0.286267E+07   0.285956E+07  -0.549619E+00   0.285040E+07   0.284902E+07   0.166906E+03
   0.489163E-02   0.282801E+07   0.282523E+07   0.876122E+05   0.667183E+05   0.269815E+07   0.282370E+07   0.282757E+07   0.282386E+07  -0.542747E+00   0.281492E+07   0.281354E+07   0.150387E+03
   0.540106E-02   0.278904E+07   0.278575E+07   0.630183E+05   0.539581E+05   0.263786E+07   0.278401E+07   0.278852E+07   0.278413E+07  -0.535104E+00   0.277546E+07   0.277406E+07   0.138270E+03
   0.596354E-02   0.274584E+07   0.274194E+07   0.507735E+05   0.435589E+05   0.257123E+07   0.274001E+07   0.274522E+07   0.274011E+07  -0.526634E+00   0.273173E+07   0.273031E+07   0.127033E+03
   0.658460E-02   0.269814E+07   0.269351E+07   0.462324E+05   0.350935E+05   0.249820E+07   0.269144E+07   0.269740E+07   0.269153E+07  -0.517289E+00   0.268346E+07   0.268204E+07   0.115588E+03
   0.727033E-02   0.264568E+07   0.264018E+07   0.328461E+05   0.282121E+05   0.241887E+07   0.263804E+07   0.264481E+07   0.263811E+07  -0.507019E+00   0.263042E+07   0.262898E+07   0.105967E+03
   0.802749E-02   0.258824E+07   0.258171E+07   0.295028E+05   0.226254E+05   0.233342E+07   0.257961E+07   0.258720E+07   0.257966E+07  -0.495782E+00   0.257237E+07   0.257091E+07   0.976203E+02
   0.886349E-02   0.252563E+07   0.251787E+07   0.213243E+05   0.180978E+05   0.224210E+07   0.251595E+07   0.252439E+07   0.251599E+07  -0.483540E+00   0.250913E+07   0.250764E+07   0.902257E+02
   0.978655E-02   0.245767E+07   0.244847E+07   0.176092E+05   0.144345E+05   0.214518E+07   0.244690E+07   0.245621E+07   0.244694E+07  -0.470266E+00   0.244055E+07   0.243902E+07   0.835783E+02
   0.108057E-01   0.238426E+07   0.237335E+07   0.143821E+05   0.114766E+05   0.204293E+07   0.237236E+07   0.238252E+07   0.237239E+07  -0.455937E+00   0.236651E+07   0.236493E+07   0.778842E+02
   0.119311E-01   0.230529E+07   0.229241E+07   0.117039E+05   0.909332E+04   0.193571E+07   0.229224E+07   0.230324E+07   0.229227E+07  -0.440536E+00   0.228692E+07   0.228530E+07   0.728534E+02
   0.131736E-01   0.222073E+07   0.220557E+07   0.901669E+04   0.717763E+04   0.182405E+07   0.220652E+07   0.221832E+07   0.220654E+07  -0.424059E+00   0.220176E+07   0.220007E+07   0.685338E+02
   0.145456E-01   0.213058E+07   0.211282E+07   0.665932E+04   0.564186E+04   0.170870E+07   0.211522E+07   0.212776E+07   0.211523E+07  -0.406511E+00   0.211104E+07   0.210928E+07   0.647366E+02
   0.160604E-01   0.203493E+07   0.201423E+07   0.595338E+04   0.441425E+04   0.159047E+07   0.201843E+07   0.203163E+07   0.201844E+07  -0.387909E+00   0.201486E+07   0.201302E+07   0.613529E+02
   0.177329E-01   0.193392E+07   0.190999E+07   0.474801E+04   0.343614E+04   0.146989E+07   0.191634E+07   0.193012E+07   0.191635E+07  -0.368288E+00   0.191339E+07   0.191145E+07   0.583177E+02
   0.195797E-01   0.182784E+07   0.180041E+07   0.356132E+04   0.265963E+04   0.134719E+07   0.180922E+07   0.182348E+07   0.180923E+07  -0.347700E+00   0.180689E+07   0.180486E+07   0.554718E+02
   0.216188E-01   0.171764E+07   0.168654E+07   0.247214E+04   0.204616E+04   0.121928E+07   0.169793E+07   0.171269E+07   0.169793E+07  -0.326310E+00   0.169624E+07   0.169411E+07   0.526768E+02
   0.238702E-01   0.160301E+07   0.156824E+07   0.182867E+04   0.156327E+04   0.109482E+07   0.158244E+07   0.159748E+07   0.158244E+07  -0.304115E+00   0.158134E+07   0.157912E+07   0.497733E+02
   0.263561E-01   0.148566E+07   0.144744E+07   0.143921E+04   0.118590E+04   0.973570E+06   0.146444E+07   0.147958E+07   0.146444E+07  -0.281437E+00   0.146389E+07   0.146159E+07   0.466071E+02
   0.291009E-01   0.136709E+07   0.132594E+07   0.102259E+04   0.893104E+03   0.856934E+06   0.134548E+07   0.136054E+07   0.134548E+07  -0.258574E+00   0.134543E+07   0.134309E+07   0.430355E+02
   0.321315E-01   0.124986E+07   0.120670E+07   0.827099E+03   0.668201E+03   0.746554E+06   0.122814E+07   0.124300E+07   0.122814E+07  -0.236025E+00   0.122855E+07   0.122621E+07   0.389595E+02
   0.354778E-01   0.113656E+07   0.109272E+07   0.606681E+03   0.497255E+03   0.644285E+06   0.111507E+07   0.112959E+07   0.111507E+07  -0.214294E+00   0.111585E+07   0.111358E+07   0.343224E+02
   0.391725E-01   0.103002E+07   0.987231E+06   0.476476E+03   0.368840E+03   0.552186E+06   0.100912E+07   0.102321E+07   0.100912E+07  -0.193932E+00   0.101021E+07   0.100807E+07   0.291612E+02
   0.432520E-01   0.933153E+06   0.893401E+06   0.321999E+03   0.273579E+03   0.471515E+06   0.913204E+06   0.926829E+06   0.913205E+06  -0.175499E+00   0.914531E+06   0.912620E+06   0.236424E+02
   0.475772E-01   0.850710E+06   0.815714E+06   0.237317E+03   0.205834E+03   0.404444E+06   0.831955E+06   0.845142E+06   0.831955E+06  -0.159885E+00   0.833459E+06   0.831833E+06   0.182819E+02
   0.519024E-01   0.785873E+06   0.756427E+06   0.184080E+03   0.159634E+03   0.352365E+06   0.768357E+06   0.781188E+06   0.768357E+06  -0.147662E+00   0.769985E+06   0.768658E+06   0.136788E+02
   0.562276E-01   0.733242E+06   0.709335E+06   0.146284E+03   0.126839E+03   0.310713E+06   0.716909E+06   0.729438E+06   0.716909E+06  -0.137775E+00   0.718631E+06   0.717581E+06   0.999284E+01
   0.605528E-01   0.688683E+06   0.669622E+06   0.118430E+03   0.102673E+03   0.276212E+06   0.673399E+06   0.685651E+06   0.673399E+06  -0.129413E+00   0.675195E+06   0.674372E+06   0.727363E+01
   0.648780E-01   0.649224E+06   0.633850E+06   0.972162E+02   0.842710E+02   0.246846E+06   0.634811E+06   0.646778E+06   0.634811E+06  -0.121997E+00   0.636664E+06   0.636001E+06   0.546741E+01
   0.692032E-01   0.612262E+06   0.599203E+06   0.805295E+02   0.697984E+02   0.220945E+06   0.598537E+06   0.610185E+06   0.598538E+06  -0.115026E+00   0.600434E+06   0.599860E+06   0.443749E+01
   0.735284E-01   0.576031E+06   0.563954E+06   0.670522E+02   0.581113E+02   0.197497E+06   0.562840E+06   0.574110E+06   0.562840E+06  -0.108166E+00   0.564764E+06   0.564215E+06   0.399664E+01
   0.778536E-01   0.539949E+06   0.527762E+06   0.559960E+02   0.485252E+02   0.176085E+06   0.527181E+06   0.538011E+06   0.527181E+06  -0.101313E+00   0.529113E+06   0.528539E+06   0.393982E+01
   0.821788E-01   0.504440E+06   0.491428E+06   0.468852E+02   0.406269E+02   0.156614E+06   0.492024E+06   0.502370E+06   0.492024E+06  -0.945566E-01   0.493947E+06   0.493322E+06   0.407287E+01
   0.865040E-01   0.470436E+06   0.456312E+06   0.394010E+02   0.341395E+02   0.139205E+06   0.458345E+06   0.468189E+06   0.458345E+06  -0.880842E-01   0.460245E+06   0.459561E+06   0.423467E+01
   0.908292E-01   0.438853E+06   0.423728E+06   0.332880E+02   0.288409E+02   0.123906E+06   0.427094E+06   0.436446E+06   0.427094E+06  -0.820785E-01   0.428961E+06   0.428229E+06   0.431075E+01
   0.961876E-01   0.404114E+06   0.388348E+06   0.272881E+02   0.236408E+02   0.107827E+06   0.392815E+06   0.401606E+06   0.392815E+06  -0.754908E-01   0.394631E+06   0.393877E+06   0.419623E+01
   0.101546E+00   0.375041E+06   0.359564E+06   0.226964E+02   0.196613E+02   0.947620E+05   0.364266E+06   0.372579E+06   0.364266E+06  -0.700042E-01   0.366028E+06   0.365300E+06   0.383693E+01
   0.106904E+00   0.351838E+06   0.337557E+06   0.192002E+02   0.166313E+02   0.843435E+05   0.341629E+06   0.349566E+06   0.341630E+06  -0.656540E-01   0.343343E+06   0.342685E+06   0.329565E+01
   0.112263E+00   0.333707E+06   0.321254E+06   0.165129E+02   0.143023E+02   0.760416E+05   0.324075E+06   0.331726E+06   0.324075E+06  -0.622803E-01   0.325748E+06   0.325186E+06   0.267787E+01
   0.117621E+00   0.319024E+06   0.308614E+06   0.143841E+02   0.124575E+02   0.692065E+05   0.309942E+06   0.317368E+06   0.309942E+06  -0.595643E-01   0.311581E+06   0.311121E+06   0.209279E+01
   0.122980E+00   0.305998E+06   0.297428E+06   0.126240E+02   0.109323E+02   0.632779E+05   0.297413E+06   0.304635E+06   0.297413E+06  -0.571565E-01   0.299020E+06   0.298647E+06   0.162394E+01
   0.128338E+00   0.293238E+06   0.285996E+06   0.111091E+02   0.961970E+01   0.578594E+05   0.285077E+06   0.292086E+06   0.285077E+06  -0.547858E-01   0.286651E+06   0.286336E+06   0.131355E+01
   0.133696E+00   0.279964E+06   0.273402E+06   0.977036E+01   0.845995E+01   0.527535E+05   0.272152E+06   0.278920E+06   0.272152E+06  -0.523019E-01   0.273690E+06   0.273400E+06   0.116076E+01
   0.139055E+00   0.265999E+06   0.259515E+06   0.857585E+01   0.742531E+01   0.479005E+05   0.258472E+06   0.264967E+06   0.258472E+06  -0.496728E-01   0.259967E+06   0.259674E+06   0.113090E+01
   0.144413E+00   0.251636E+06   0.244811E+06   0.751490E+01   0.650645E+01   0.433401E+05   0.244350E+06   0.250550E+06   0.244350E+06  -0.469589E-01   0.245799E+06   0.245483E+06   0.117099E+01
   0.149771E+00   0.237444E+06   0.230114E+06   0.658562E+01   0.570169E+01   0.391460E+05   0.230379E+06   0.236278E+06   0.230379E+06  -0.442740E-01   0.231778E+06   0.231435E+06   0.122634E+01
   0.155130E+00   0.224105E+06   0.216354E+06   0.578759E+01   0.501063E+01   0.354004E+05   0.217262E+06   0.222872E+06   0.217262E+06  -0.417531E-01   0.218610E+06   0.218246E+06   0.125395E+01
   0.160488E+00   0.212258E+06   0.204350E+06   0.511745E+01   0.443030E+01   0.321600E+05   0.205649E+06   0.211000E+06   0.205649E+06  -0.395213E-01   0.206949E+06   0.206580E+06   0.123005E+01
   0.165847E+00   0.202284E+06   0.194560E+06   0.456464E+01   0.395158E+01   0.294318E+05   0.195919E+06   0.201055E+06   0.195919E+06  -0.376515E-01   0.197177E+06   0.196820E+06   0.115125E+01
   0.171205E+00   0.194130E+06   0.186904E+06   0.411017E+01   0.355800E+01   0.271549E+05   0.188019E+06   0.192981E+06   0.188019E+06  -0.361332E-01   0.189240E+06   0.188910E+06   0.103056E+01
   0.176563E+00   0.187390E+06   0.180865E+06   0.373081E+01   0.322947E+01   0.252259E+05   0.181530E+06   0.186352E+06   0.181530E+06  -0.348863E-01   0.182721E+06   0.182427E+06   0.890423E+00
   0.181922E+00   0.181536E+06   0.175772E+06   0.340541E+01   0.294767E+01   0.235393E+05   0.175919E+06   0.180619E+06   0.175919E+06  -0.338079E-01   0.177082E+06   0.176825E+06   0.754919E+00
   0.187280E+00   0.176083E+06   0.170993E+06   0.311755E+01   0.269839E+01   0.220079E+05   0.170687E+06   0.175273E+06   0.170687E+06  -0.328024E-01   0.171824E+06   0.171599E+06   0.643321E+00
   0.192639E+00   0.170612E+06   0.166010E+06   0.285523E+01   0.247126E+01   0.205664E+05   0.165412E+06   0.169880E+06   0.165412E+06  -0.317886E-01   0.166523E+06   0.166319E+06   0.566176E+00
   0.197997E+00   0.164835E+06   0.160492E+06   0.261092E+01   0.225974E+01   0.191729E+05   0.159806E+06   0.164144E+06   0.159806E+06  -0.307113E-01   0.160890E+06   0.160696E+06   0.524410E+00
   0.203355E+00   0.158695E+06   0.154403E+06   0.238208E+01   0.206163E+01   0.178193E+05   0.153817E+06   0.158012E+06   0.153817E+06  -0.295603E-01   0.154871E+06   0.154677E+06   0.511016E+00
   0.208714E+00   0.152363E+06   0.147979E+06   0.216996E+01   0.187801E+01   0.165233E+05   0.147622E+06   0.151666E+06   0.147622E+06  -0.283698E-01   0.148645E+06   0.148444E+06   0.514329E+00
   0.214072E+00   0.146117E+06   0.141586E+06   0.197693E+01   0.171092E+01   0.153126E+05   0.141504E+06   0.145396E+06   0.141504E+06  -0.271940E-01   0.142495E+06   0.142286E+06   0.521742E+00
   0.219430E+00   0.140213E+06   0.135565E+06   0.180448E+01   0.156165E+01   0.142076E+05   0.135725E+06   0.139474E+06   0.135725E+06  -0.260835E-01   0.136686E+06   0.136471E+06   0.522885E+00
   0.224789E+00   0.134843E+06   0.130172E+06   0.165287E+01   0.143042E+01   0.132205E+05   0.130483E+06   0.134100E+06   0.130483E+06  -0.250760E-01   0.131414E+06   0.131199E+06   0.511637E+00
   0.230147E+00   0.130118E+06   0.125544E+06   0.152114E+01   0.131640E+01   0.123522E+05   0.125888E+06   0.129390E+06   0.125888E+06  -0.241930E-01   0.126793E+06   0.126584E+06   0.486695E+00
   0.235506E+00   0.126040E+06   0.121673E+06   0.140708E+01   0.121766E+01   0.115935E+05   0.121941E+06   0.125345E+06   0.121941E+06  -0.234345E-01   0.122823E+06   0.122625E+06   0.450870E+00
   0.240864E+00   0.122499E+06   0.118413E+06   0.130747E+01   0.113144E+01   0.109246E+05   0.118530E+06   0.121849E+06   0.118530E+06  -0.227789E-01   0.119391E+06   0.119207E+06   0.409514E+00
   0.246222E+00   0.119316E+06   0.115534E+06   0.121885E+01   0.105472E+01   0.103227E+05   0.115471E+06   0.118714E+06   0.115471E+06  -0.221910E-01   0.116313E+06   0.116144E+06   0.368659E+00
   0.251581E+00   0.116300E+06   0.112795E+06   0.113813E+01   0.984845E+00   0.976548E+04   0.112571E+06   0.115743E+06   0.112571E+06  -0.216338E-01   0.113396E+06   0.113239E+06   0.333381E+00
   0.256939E+00   0.113291E+06   0.110000E+06   0.106298E+01   0.919797E+00   0.923640E+04   0.109670E+06   0.112768E+06   0.109670E+06  -0.210762E-01   0.110476E+06   0.110329E+06   0.306731E+00
   0.262297E+00   0.110193E+06   0.107036E+06   0.992029E+00   0.858393E+00   0.872567E+04   0.106670E+06   0.109691E+06   0.106670E+06  -0.204996E-01   0.107458E+06   0.107316E+06   0.289373E+00
   0.267656E+00   0.106991E+06   0.103894E+06   0.924854E+00   0.800256E+00   0.823149E+04   0.103558E+06   0.106499E+06   0.103558E+06  -0.199017E-01   0.104328E+06   0.104188E+06   0.279867E+00
   0.273014E+00   0.103740E+06   0.100648E+06   0.861655E+00   0.745564E+00   0.775725E+04   0.100391E+06   0.103249E+06   0.100391E+06  -0.192930E-01   0.101141E+06   0.101001E+06   0.275403E+00
   0.278373E+00   0.100526E+06   0.974157E+05   0.802862E+00   0.694685E+00   0.730854E+04   0.972566E+05   0.100031E+06   0.972566E+05  -0.186907E-01   0.979877E+05   0.978458E+05   0.272731E+00
   0.283731E+00   0.974371E+05   0.943144E+05   0.748842E+00   0.647938E+00   0.689040E+04   0.942457E+05   0.969403E+05   0.942458E+05  -0.181120E-01   0.949580E+05   0.948154E+05   0.269020E+00
   0.289089E+00   0.945501E+05   0.914434E+05   0.699789E+00   0.605488E+00   0.650636E+04   0.914361E+05   0.940558E+05   0.914361E+05  -0.175721E-01   0.921305E+05   0.919887E+05   0.262439E+00
   0.294448E+00   0.919138E+05   0.888629E+05   0.655635E+00   0.567278E+00   0.615767E+04   0.888769E+05   0.914284E+05   0.888769E+05  -0.170802E-01   0.895546E+05   0.894157E+05   0.252384E+00
   0.299806E+00   0.895341E+05   0.865773E+05   0.615993E+00   0.532971E+00   0.584217E+04   0.865734E+05   0.890637E+05   0.865734E+05  -0.166376E-01   0.872359E+05   0.871018E+05   0.239370E+00
   0.305165E+00   0.873729E+05   0.845377E+05   0.580204E+00   0.501999E+00   0.555520E+04   0.844871E+05   0.869219E+05   0.844871E+05  -0.162366E-01   0.851355E+05   0.850074E+05   0.224676E+00
   0.310523E+00   0.853683E+05   0.826653E+05   0.547523E+00   0.473716E+00   0.529074E+04   0.825550E+05   0.849383E+05   0.825550E+05  -0.158653E-01   0.831902E+05   0.830684E+05   0.209881E+00
   0.315881E+00   0.834562E+05   0.808788E+05   0.517279E+00   0.447544E+00   0.504350E+04   0.807120E+05   0.830461E+05   0.807120E+05  -0.155111E-01   0.813346E+05   0.812187E+05   0.196420E+00
   0.321240E+00   0.815825E+05   0.791106E+05   0.488946E+00   0.423025E+00   0.480891E+04   0.789037E+05   0.811893E+05   0.789037E+05  -0.151636E-01   0.795139E+05   0.794027E+05   0.185250E+00
   0.326598E+00   0.797091E+05   0.773157E+05   0.462155E+00   0.399842E+00   0.458413E+04   0.770918E+05   0.793284E+05   0.770918E+05  -0.148154E-01   0.776897E+05   0.775818E+05   0.176709E+00
   0.331956E+00   0.778201E+05   0.754780E+05   0.436712E+00   0.377826E+00   0.436762E+04   0.752607E+05   0.774475E+05   0.752607E+05  -0.144635E-01   0.758462E+05   0.757404E+05   0.170545E+00
   0.337315E+00   0.759255E+05   0.736138E+05   0.412592E+00   0.356956E+00   0.415975E+04   0.734213E+05   0.755577E+05   0.734213E+05  -0.141100E-01   0.739943E+05   0.738896E+05   0.166084E+00
   0.342673E+00   0.740548E+05   0.717620E+05   0.389874E+00   0.337298E+00   0.396158E+04   0.716035E+05   0.736900E+05   0.716035E+05  -0.137607E-01   0.721642E+05   0.720601E+05   0.162467E+00
   0.348032E+00   0.722422E+05   0.699671E+05   0.368648E+00   0.318933E+00   0.377463E+04   0.698423E+05   0.718802E+05   0.698423E+05  -0.134222E-01   0.703909E+05   0.702875E+05   0.158880E+00
   0.353390E+00   0.705146E+05   0.682645E+05   0.348952E+00   0.301891E+00   0.359960E+04   0.681650E+05   0.701566E+05   0.681650E+05  -0.130999E-01   0.687020E+05   0.685998E+05   0.154735E+00
   0.358748E+00   0.688872E+05   0.666741E+05   0.330756E+00   0.286147E+00   0.343672E+04   0.665871E+05   0.685351E+05   0.665871E+05  -0.127966E-01   0.671131E+05   0.670127E+05   0.149760E+00
   0.364107E+00   0.673637E+05   0.652006E+05   0.313973E+00   0.271625E+00   0.328543E+04   0.651125E+05   0.670196E+05   0.651125E+05  -0.125132E-01   0.656279E+05   0.655299E+05   0.144005E+00
   0.369465E+00   0.659372E+05   0.638338E+05   0.298467E+00   0.258208E+00   0.314477E+04   0.637336E+05   0.656025E+05   0.637336E+05  -0.122482E-01   0.642391E+05   0.641440E+05   0.137758E+00
   0.374823E+00   0.645901E+05   0.625512E+05   0.284069E+00   0.245751E+00   0.301322E+04   0.624328E+05   0.642657E+05   0.624328E+05  -0.119983E-01   0.629290E+05   0.628369E+05   0.131429E+00
   0.380182E+00   0.632990E+05   0.613237E+05   0.270600E+00   0.234097E+00   0.288923E+04   0.611865E+05   0.629847E+05   0.611865E+05  -0.117587E-01   0.616735E+05   0.615844E+05   0.125425E+00
   0.385540E+00   0.620419E+05   0.601243E+05   0.257904E+00   0.223112E+00   0.277136E+04   0.599724E+05   0.617368E+05   0.599724E+05  -0.115254E-01   0.604507E+05   0.603641E+05   0.120055E+00
   0.390899E+00   0.608043E+05   0.589352E+05   0.245871E+00   0.212701E+00   0.265863E+04   0.587759E+05   0.605069E+05   0.587759E+05  -0.112955E-01   0.592455E+05   0.591611E+05   0.115466E+00
   0.396257E+00   0.595795E+05   0.577493E+05   0.234435E+00   0.202806E+00   0.255052E+04   0.575905E+05   0.592883E+05   0.575905E+05  -0.110677E-01   0.580515E+05   0.579688E+05   0.111643E+00
   0.401615E+00   0.583676E+05   0.565679E+05   0.223563E+00   0.193400E+00   0.244681E+04   0.564165E+05   0.580813E+05   0.564165E+05  -0.108421E-01   0.568690E+05   0.567876E+05   0.108436E+00
   0.406974E+00   0.571743E+05   0.553997E+05   0.213245E+00   0.184473E+00   0.234758E+04   0.552598E+05   0.568920E+05   0.552598E+05  -0.106198E-01   0.557039E+05   0.556236E+05   0.105616E+00
   0.412332E+00   0.560095E+05   0.542580E+05   0.203488E+00   0.176031E+00   0.225298E+04   0.541306E+05   0.557309E+05   0.541306E+05  -0.104027E-01   0.545665E+05   0.544871E+05   0.102948E+00
   0.417691E+00   0.548839E+05   0.531564E+05   0.194299E+00   0.168081E+00   0.216332E+04   0.530398E+05   0.546091E+05   0.530398E+05  -0.101931E-01   0.534676E+05   0.533894E+05   0.100243E+00
   0.423049E+00   0.538045E+05   0.521041E+05   0.185670E+00   0.160616E+00   0.207857E+04   0.519942E+05   0.535340E+05   0.519942E+05  -0.999218E-02   0.524144E+05   0.523374E+05   0.973890E-01
   0.428407E+00   0.527728E+05   0.511033E+05   0.177574E+00   0.153612E+00   0.199860E+04   0.509958E+05   0.525072E+05   0.509958E+05  -0.980031E-02   0.514085E+05   0.513330E+05   0.943627E-01
   0.433766E+00   0.517866E+05   0.501514E+05   0.169972E+00   0.147034E+00   0.192305E+04   0.500422E+05   0.515265E+05   0.500422E+05  -0.961704E-02   0.504478E+05   0.503739E+05   0.912161E-01
   0.439124E+00   0.508413E+05   0.492422E+05   0.162818E+00   0.140845E+00   0.185158E+04   0.491286E+05   0.505869E+05   0.491286E+05  -0.944146E-02   0.495273E+05   0.494550E+05   0.880494E-01
   0.444482E+00   0.499300E+05   0.483672E+05   0.156066E+00   0.135004E+00   0.178370E+04   0.482481E+05   0.496814E+05   0.482481E+05  -0.927226E-02   0.486402E+05   0.485696E+05   0.849765E-01
   0.449841E+00   0.490453E+05   0.475170E+05   0.149668E+00   0.129468E+00   0.171900E+04   0.473933E+05   0.488021E+05   0.473933E+05  -0.910797E-02   0.477789E+05   0.477099E+05   0.820936E-01
   0.455199E+00   0.481805E+05   0.466837E+05   0.143584E+00   0.124205E+00   0.165707E+04   0.465573E+05   0.479423E+05   0.465573E+05  -0.894732E-02   0.469366E+05   0.468690E+05   0.794588E-01
   0.460558E+00   0.473314E+05   0.458628E+05   0.137787E+00   0.119190E+00   0.159768E+04   0.457362E+05   0.470977E+05   0.457362E+05  -0.878953E-02   0.461093E+05   0.460430E+05   0.770848E-01
   0.465916E+00   0.464968E+05   0.450530E+05   0.132256E+00   0.114405E+00   0.154065E+04   0.449288E+05   0.462671E+05   0.449288E+05  -0.863435E-02   0.452958E+05   0.452305E+05   0.749437E-01
   0.471274E+00   0.456781E+05   0.442565E+05   0.126983E+00   0.109844E+00   0.148595E+04   0.441363E+05   0.454519E+05   0.441363E+05  -0.848206E-02   0.444973E+05   0.444330E+05   0.729800E-01
   0.476633E+00   0.448777E+05   0.434769E+05   0.121963E+00   0.105500E+00   0.143354E+04   0.433615E+05   0.446548E+05   0.433615E+05  -0.833315E-02   0.437166E+05   0.436532E+05   0.711269E-01
   0.481991E+00   0.440982E+05   0.427178E+05   0.117189E+00   0.101370E+00   0.138343E+04   0.426070E+05   0.438786E+05   0.426070E+05  -0.818816E-02   0.429564E+05   0.428939E+05   0.693232E-01
   0.487350E+00   0.433418E+05   0.419821E+05   0.112655E+00   0.974480E-01   0.133560E+04   0.418750E+05   0.431255E+05   0.418750E+05  -0.804748E-02   0.422188E+05   0.421573E+05   0.675258E-01
   0.492708E+00   0.426095E+05   0.412715E+05   0.108352E+00   0.937253E-01   0.128997E+04   0.411666E+05   0.423967E+05   0.411666E+05  -0.791134E-02   0.415050E+05   0.414445E+05   0.657151E-01
   0.498066E+00   0.419019E+05   0.405863E+05   0.104269E+00   0.901932E-01   0.124647E+04   0.404823E+05   0.416926E+05   0.404823E+05  -0.777984E-02   0.408154E+05   0.407559E+05   0.638957E-01
   0.503425E+00   0.412175E+05   0.399250E+05   0.100391E+00   0.868391E-01   0.120495E+04   0.398207E+05   0.410119E+05   0.398207E+05  -0.765269E-02   0.401487E+05   0.400903E+05   0.620880E-01
   0.508783E+00   0.405535E+05   0.392841E+05   0.967029E-01   0.836481E-01   0.116529E+04   0.391790E+05   0.403516E+05   0.391790E+05  -0.752936E-02   0.395020E+05   0.394446E+05   0.603206E-01
   0.514141E+00   0.399071E+05   0.386603E+05   0.931866E-01   0.806063E-01   0.112727E+04   0.385543E+05   0.397088E+05   0.385543E+05  -0.740931E-02   0.388724E+05   0.388161E+05   0.586214E-01
   0.519500E+00   0.392764E+05   0.380511E+05   0.898298E-01   0.777024E-01   0.109082E+04   0.379446E+05   0.390814E+05   0.379446E+05  -0.729215E-02   0.382580E+05   0.382027E+05   0.570112E-01
   0.524858E+00   0.386597E+05   0.374547E+05   0.866212E-01   0.749267E-01   0.105579E+04   0.373485E+05   0.384680E+05   0.373485E+05  -0.717758E-02   0.376572E+05   0.376028E+05   0.554991E-01
   0.530217E+00   0.380556E+05   0.368697E+05   0.835509E-01   0.722707E-01   0.102212E+04   0.367644E+05   0.378669E+05   0.367644E+05  -0.706534E-02   0.370686E+05   0.370150E+05   0.540817E-01
   0.535575E+00   0.374633E+05   0.362952E+05   0.806106E-01   0.697271E-01   0.989698E+03   0.361916E+05   0.372775E+05   0.361916E+05  -0.695526E-02   0.364914E+05   0.364386E+05   0.527461E-01
   0.540933E+00   0.368832E+05   0.357319E+05   0.777953E-01   0.672917E-01   0.958532E+03   0.356305E+05   0.367000E+05   0.356305E+05  -0.684742E-02   0.359259E+05   0.358738E+05   0.514743E-01
   0.546292E+00   0.363162E+05   0.351814E+05   0.751018E-01   0.649618E-01   0.928563E+03   0.350822E+05   0.361357E+05   0.350822E+05  -0.674204E-02   0.353733E+05   0.353220E+05   0.502477E-01
   0.551650E+00   0.357634E+05   0.346447E+05   0.725267E-01   0.627341E-01   0.899800E+03   0.345476E+05   0.355855E+05   0.345476E+05  -0.663930E-02   0.348344E+05   0.347839E+05   0.490511E-01
   0.557009E+00   0.352248E+05   0.341223E+05   0.700647E-01   0.606044E-01   0.872173E+03   0.340267E+05   0.350494E+05   0.340267E+05  -0.653920E-02   0.343095E+05   0.342596E+05   0.478748E-01
   0.562367E+00   0.346999E+05   0.336137E+05   0.677101E-01   0.585675E-01   0.845654E+03   0.335193E+05   0.345271E+05   0.335193E+05  -0.644168E-02   0.337981E+05   0.337490E+05   0.467153E-01
   0.567725E+00   0.341886E+05   0.331186E+05   0.654576E-01   0.566191E-01   0.820172E+03   0.330250E+05   0.340184E+05   0.330250E+05  -0.634670E-02   0.332999E+05   0.332515E+05   0.455751E-01
   0.573084E+00   0.336906E+05   0.326368E+05   0.633022E-01   0.547546E-01   0.795703E+03   0.325436E+05   0.335229E+05   0.325436E+05  -0.625418E-02   0.328147E+05   0.327671E+05   0.444605E-01
   0.578442E+00   0.332049E+05   0.321670E+05   0.612381E-01   0.529690E-01   0.772172E+03   0.320742E+05   0.330398E+05   0.320742E+05  -0.616398E-02   0.323416E+05   0.322947E+05   0.433789E-01
   0.629704E+00   0.290507E+05   0.281425E+05   0.452004E-01   0.390961E-01   0.585837E+03   0.280587E+05   0.289062E+05   0.280587E+05  -0.539229E-02   0.282941E+05   0.282531E+05   0.348728E-01
   0.769122E+00   0.211271E+05   0.204673E+05   0.220273E-01   0.190517E-01   0.302284E+03   0.204021E+05   0.210221E+05   0.204021E+05  -0.392085E-02   0.205753E+05   0.205455E+05   0.207430E-01
   0.939408E+00   0.152895E+05   0.148121E+05   0.106828E-01   0.923941E-02   0.153665E+03   0.147629E+05   0.152135E+05   0.147629E+05  -0.283711E-02   0.148893E+05   0.148677E+05   0.122893E-01
   0.114740E+01   0.110170E+05   0.106730E+05   0.515891E-02   0.446178E-02   0.770684E+02   0.106365E+05   0.109622E+05   0.106365E+05  -0.204411E-02   0.107281E+05   0.107126E+05   0.725221E-02
   0.140143E+01   0.790569E+04   0.765893E+04   0.248120E-02   0.214588E-02   0.381808E+02   0.763218E+04   0.786643E+04   0.763218E+04  -0.146674E-02   0.769822E+04   0.768705E+04   0.426390E-02
   0.171171E+01   0.565265E+04   0.547624E+04   0.118910E-02   0.102839E-02   0.187163E+02   0.545684E+04   0.562459E+04   0.545684E+04  -0.104869E-02   0.550420E+04   0.549620E+04   0.249944E-02
   0.209069E+01   0.402828E+04   0.390257E+04   0.567989E-03   0.491220E-03   0.909179E+01   0.388862E+04   0.400829E+04   0.388862E+04  -0.747309E-03   0.392244E+04   0.391673E+04   0.146154E-02
   0.255358E+01   0.286183E+04   0.277253E+04   0.270475E-03   0.233916E-03   0.438270E+01   0.276255E+04   0.284763E+04   0.276255E+04  -0.530903E-03   0.278661E+04   0.278254E+04   0.853047E-03
   0.311895E+01   0.202739E+04   0.196412E+04   0.128436E-03   0.111076E-03   0.209934E+01   0.195702E+04   0.201732E+04   0.195702E+04  -0.376097E-03   0.197408E+04   0.197118E+04   0.497386E-03
   0.380949E+01   0.143258E+04   0.138787E+04   0.608334E-04   0.526107E-04   0.100048E+01   0.138284E+04   0.142547E+04   0.138284E+04  -0.265753E-03   0.139491E+04   0.139284E+04   0.290045E-03
   0.465292E+01   0.100984E+04   0.978308E+03   0.287440E-04   0.248588E-04   0.474726E+00   0.974767E+03   0.100482E+04   0.974767E+03  -0.187329E-03   0.983277E+03   0.981804E+03   0.169387E-03
   0.568309E+01   0.710291E+03   0.688105E+03   0.135522E-04   0.117204E-04   0.224475E+00   0.685619E+03   0.706761E+03   0.685619E+03  -0.131761E-03   0.691608E+03   0.690553E+03   0.992674E-04
   0.694134E+01   0.498573E+03   0.482988E+03   0.637639E-05   0.551454E-05   0.105830E+00   0.481252E+03   0.496093E+03   0.481252E+03  -0.924863E-04   0.485457E+03   0.484698E+03   0.585292E-04
   0.847817E+01   0.349300E+03   0.338370E+03   0.299446E-05   0.258974E-05   0.497656E-01   0.337163E+03   0.347561E+03   0.337163E+03  -0.647955E-04   0.340110E+03   0.339558E+03   0.348427E-04
   0.103553E+02   0.244290E+03   0.236632E+03   0.140377E-05   0.121405E-05   0.233517E-01   0.235799E+03   0.243072E+03   0.235799E+03  -0.453155E-04   0.237861E+03   0.237454E+03   0.210369E-04
   0.126479E+02   0.170568E+03   0.165207E+03   0.656979E-06   0.568199E-06   0.109359E-01   0.164637E+03   0.169715E+03   0.164637E+03  -0.316397E-04   0.166078E+03   0.165772E+03   0.129526E-04
   0.154482E+02   0.118912E+03   0.115160E+03   0.306998E-06   0.265519E-06   0.511235E-02   0.114775E+03   0.118315E+03   0.114775E+03  -0.220573E-04   0.115780E+03   0.115544E+03   0.818251E-05
   0.188685E+02   0.827809E+02   0.801536E+02   0.143246E-06   0.123896E-06   0.238622E-02   0.798984E+02   0.823629E+02   0.798984E+02  -0.153548E-04   0.805991E+02   0.804110E+02   0.533488E-05
   0.230461E+02   0.575501E+02   0.557076E+02   0.667458E-07   0.577326E-07   0.111216E-02   0.555437E+02   0.572570E+02   0.555437E+02  -0.106743E-04   0.560317E+02   0.558764E+02   0.360630E-05
   0.281485E+02   0.399580E+02   0.386622E+02   0.310584E-07   0.268665E-07   0.517687E-03   0.385624E+02   0.397519E+02   0.385624E+02  -0.741087E-05   0.389022E+02   0.387689E+02   0.253291E-05
   0.343807E+02   0.277097E+02   0.267940E+02   0.144332E-07   0.124866E-07   0.240627E-03   0.267392E+02   0.275640E+02   0.267392E+02  -0.513870E-05   0.269758E+02   0.268571E+02   0.184669E-05
   0.419926E+02   0.191931E+02   0.185412E+02   0.669839E-08   0.579599E-08   0.111707E-03   0.185182E+02   0.190894E+02   0.185182E+02  -0.355880E-05   0.186831E+02   0.185738E+02   0.139239E-05
   0.512900E+02   0.132787E+02   0.128095E+02   0.310443E-08   0.268690E-08   0.518016E-04   0.128090E+02   0.132041E+02   0.128090E+02  -0.246161E-05   0.129241E+02   0.128206E+02   0.107968E-05
   0.626457E+02   0.917624E+01   0.883325E+01   0.143666E-08   0.124392E-08   0.239893E-04   0.884873E+01   0.912168E+01   0.884873E+01  -0.170054E-05   0.892929E+01   0.882912E+01   0.855607E-06
   0.765156E+02   0.633366E+01   0.607774E+01   0.663750E-09   0.575030E-09   0.110933E-04   0.610464E+01   0.629294E+01   0.610464E+01  -0.117318E-05   0.616132E+01   0.606282E+01   0.688767E-06
   0.934564E+02   0.436606E+01   0.417007E+01   0.306056E-09   0.265373E-09   0.512212E-05   0.420517E+01   0.433488E+01   0.420517E+01  -0.808143E-06   0.424533E+01   0.414748E+01   0.560215E-06
   0.114148E+03   0.300543E+01   0.285064E+01   0.140778E-09   0.122219E-09   0.236067E-05   0.289161E+01   0.298081E+01   0.289161E+01  -0.555706E-06   0.292037E+01   0.282261E+01   0.458253E-06
