#          k/h    CDM            baryon         photon         nu             mass_nu        total          no_nu          total_de       Weyl           v_CDM          v_b            v_b-v_c     
   0.105171E-04   0.150369E+07   0.150369E+07   0.200486E+07   0.200485E+07   0.150423E+07   0.150371E+07   0.150369E+07   0.151211E+07  -0.600862E+00   0.150127E+07   0.150127E+07   0.819527E-01
   0.116124E-04   0.150369E+07   0.150369E+07   0.200484E+07   0.200484E+07   0.150423E+07   0.150371E+07   0.150369E+07   0.151211E+07  -0.600862E+00   0.150127E+07   0.150127E+07   0.904874E-01
   0.128218E-04   0.150369E+07   0.150369E+07   0.200482E+07   0.200482E+07   0.150423E+07   0.150371E+07   0.150369E+07   0.151211E+07  -0.600862E+00   0.150127E+07   0.150127E+07   0.999109E-01
   0.141570E-04   0.150369E+07   0.150369E+07   0.200480E+07   0.200480E+07   0.150423E+07   0.150371E+07   0.150369E+07   0.151211E+07  -0.600862E+00   0.150127E+07   0.150127E+07   0.110316E+00
   0.156314E-04   0.150369E+07   0.150369E+07   0.200477E+07   0.200477E+07   0.150422E+07   0.150371E+07   0.150369E+07   0.151211E+07  -0.600862E+00   0.150127E+07   0.150127E+07   0.121804E+00
   0.172593E-04   0.150369E+07   0.150369E+07   0.200474E+07   0.200473E+07   0.150422E+07   0.150371E+07   0.150369E+07   0.151211E+07  -0.600861E+00   0.150127E+07   0.150127E+07   0.134489E+00
   0.190567E-04   0.150369E+07   0.150369E+07   0.200470E+07   0.200469E+07   0.150422E+07   0.150371E+07   0.150369E+07   0.151211E+07  -0.600861E+00   0.150127E+07   0.150127E+07   0.148495E+00
   0.210413E-04   0.150369E+07   0.150369E+07   0.200465E+07   0.200464E+07   0.150422E+07   0.150371E+07   0.150369E+07   0.151211E+07  -0.600861E+00   0.150127E+07   0.150127E+07   0.163959E+00
   0.232326E-04   0.150369E+07   0.150369E+07   0.200458E+07   0.200458E+07   0.150422E+07   0.150371E+07   0.150369E+07   0.151211E+07  -0.600860E+00   0.150127E+07   0.150127E+07   0.181034E+00
   0.256521E-04   0.150369E+07   0.150369E+07   0.200451E+07   0.200450E+07   0.150422E+07   0.150370E+07   0.150369E+07   0.151211E+07  -0.600860E+00   0.150127E+07   0.150127E+07   0.199886E+00
   0.283236E-04   0.150369E+07   0.150369E+07   0.200442E+07   0.200441E+07   0.150422E+07   0.150370E+07   0.150369E+07   0.151211E+07  -0.600859E+00   0.150127E+07   0.150127E+07   0.220702E+00
   0.312733E-04   0.150369E+07   0.150369E+07   0.200431E+07   0.200430E+07   0.150422E+07   0.150370E+07   0.150369E+07   0.151210E+07  -0.600858E+00   0.150126E+07   0.150126E+07   0.243685E+00
   0.345301E-04   0.150368E+07   0.150368E+07   0.200417E+07   0.200416E+07   0.150421E+07   0.150370E+07   0.150368E+07   0.151210E+07  -0.600857E+00   0.150126E+07   0.150126E+07   0.269062E+00
   0.381262E-04   0.150368E+07   0.150368E+07   0.200401E+07   0.200399E+07   0.150421E+07   0.150370E+07   0.150368E+07   0.151210E+07  -0.600856E+00   0.150126E+07   0.150126E+07   0.297080E+00
   0.420968E-04   0.150368E+07   0.150368E+07   0.200381E+07   0.200378E+07   0.150420E+07   0.150370E+07   0.150368E+07   0.151209E+07  -0.600855E+00   0.150126E+07   0.150126E+07   0.328016E+00
   0.464808E-04   0.150368E+07   0.150368E+07   0.200356E+07   0.200354E+07   0.150420E+07   0.150369E+07   0.150368E+07   0.151209E+07  -0.600853E+00   0.150125E+07   0.150125E+07   0.362173E+00
   0.513214E-04   0.150367E+07   0.150367E+07   0.200326E+07   0.200323E+07   0.150419E+07   0.150369E+07   0.150367E+07   0.151208E+07  -0.600851E+00   0.150125E+07   0.150125E+07   0.399886E+00
   0.566662E-04   0.150367E+07   0.150367E+07   0.200290E+07   0.200286E+07   0.150419E+07   0.150368E+07   0.150367E+07   0.151208E+07  -0.600848E+00   0.150125E+07   0.150125E+07   0.441524E+00
   0.625675E-04   0.150366E+07   0.150366E+07   0.200245E+07   0.200241E+07   0.150418E+07   0.150368E+07   0.150366E+07   0.151207E+07  -0.600845E+00   0.150124E+07   0.150124E+07   0.487496E+00
   0.690835E-04   0.150365E+07   0.150365E+07   0.200191E+07   0.200186E+07   0.150416E+07   0.150367E+07   0.150365E+07   0.151206E+07  -0.600841E+00   0.150123E+07   0.150123E+07   0.538253E+00
   0.762780E-04   0.150365E+07   0.150365E+07   0.200125E+07   0.200118E+07   0.150415E+07   0.150366E+07   0.150365E+07   0.151205E+07  -0.600836E+00   0.150122E+07   0.150122E+07   0.594291E+00
   0.842218E-04   0.150364E+07   0.150363E+07   0.200045E+07   0.200036E+07   0.150413E+07   0.150365E+07   0.150364E+07   0.151204E+07  -0.600830E+00   0.150121E+07   0.150121E+07   0.656159E+00
   0.929929E-04   0.150362E+07   0.150362E+07   0.199947E+07   0.199937E+07   0.150411E+07   0.150364E+07   0.150362E+07   0.151202E+07  -0.600822E+00   0.150120E+07   0.150120E+07   0.724463E+00
   0.102677E-03   0.150361E+07   0.150361E+07   0.199828E+07   0.199815E+07   0.150409E+07   0.150362E+07   0.150361E+07   0.151200E+07  -0.600814E+00   0.150119E+07   0.150119E+07   0.799870E+00
   0.113370E-03   0.150359E+07   0.150359E+07   0.199682E+07   0.199667E+07   0.150406E+07   0.150360E+07   0.150359E+07   0.151197E+07  -0.600803E+00   0.150117E+07   0.150117E+07   0.883115E+00
   0.125177E-03   0.150356E+07   0.150356E+07   0.199505E+07   0.199486E+07   0.150402E+07   0.150358E+07   0.150356E+07   0.151194E+07  -0.600790E+00   0.150114E+07   0.150114E+07   0.975011E+00
   0.138213E-03   0.150354E+07   0.150353E+07   0.199289E+07   0.199266E+07   0.150397E+07   0.150355E+07   0.150354E+07   0.151190E+07  -0.600774E+00   0.150112E+07   0.150112E+07   0.107645E+01
   0.152607E-03   0.150350E+07   0.150350E+07   0.199027E+07   0.198999E+07   0.150392E+07   0.150351E+07   0.150350E+07   0.151186E+07  -0.600754E+00   0.150108E+07   0.150108E+07   0.118842E+01
   0.168500E-03   0.150346E+07   0.150346E+07   0.198707E+07   0.198673E+07   0.150385E+07   0.150347E+07   0.150346E+07   0.151180E+07  -0.600730E+00   0.150104E+07   0.150104E+07   0.131201E+01
   0.186048E-03   0.150341E+07   0.150340E+07   0.198317E+07   0.198276E+07   0.150377E+07   0.150342E+07   0.150341E+07   0.151173E+07  -0.600701E+00   0.150099E+07   0.150099E+07   0.144840E+01
   0.205424E-03   0.150334E+07   0.150334E+07   0.197844E+07   0.197793E+07   0.150367E+07   0.150335E+07   0.150334E+07   0.151165E+07  -0.600666E+00   0.150092E+07   0.150092E+07   0.159892E+01
   0.226817E-03   0.150327E+07   0.150326E+07   0.197267E+07   0.197206E+07   0.150355E+07   0.150328E+07   0.150327E+07   0.151154E+07  -0.600623E+00   0.150085E+07   0.150085E+07   0.176500E+01
   0.250438E-03   0.150317E+07   0.150317E+07   0.196567E+07   0.196493E+07   0.150340E+07   0.150318E+07   0.150317E+07   0.151142E+07  -0.600571E+00   0.150076E+07   0.150076E+07   0.194822E+01
   0.276520E-03   0.150306E+07   0.150305E+07   0.195716E+07   0.195626E+07   0.150321E+07   0.150306E+07   0.150306E+07   0.151127E+07  -0.600507E+00   0.150064E+07   0.150064E+07   0.215033E+01
   0.305317E-03   0.150292E+07   0.150291E+07   0.194684E+07   0.194575E+07   0.150299E+07   0.150292E+07   0.150292E+07   0.151108E+07  -0.600429E+00   0.150051E+07   0.150050E+07   0.237321E+01
   0.337113E-03   0.150275E+07   0.150274E+07   0.193432E+07   0.193300E+07   0.150272E+07   0.150275E+07   0.150275E+07   0.151086E+07  -0.600335E+00   0.150034E+07   0.150034E+07   0.261894E+01
   0.372221E-03   0.150255E+07   0.150253E+07   0.191915E+07   0.191756E+07   0.150239E+07   0.150254E+07   0.150255E+07   0.151058E+07  -0.600220E+00   0.150013E+07   0.150013E+07   0.288977E+01
   0.410985E-03   0.150230E+07   0.150228E+07   0.190082E+07   0.189889E+07   0.150199E+07   0.150229E+07   0.150230E+07   0.151025E+07  -0.600081E+00   0.149988E+07   0.149988E+07   0.318816E+01
   0.453786E-03   0.150199E+07   0.150197E+07   0.187868E+07   0.187637E+07   0.150150E+07   0.150198E+07   0.150199E+07   0.150985E+07  -0.599911E+00   0.149958E+07   0.149958E+07   0.351675E+01
   0.501045E-03   0.150162E+07   0.150160E+07   0.185201E+07   0.184924E+07   0.150091E+07   0.150160E+07   0.150162E+07   0.150936E+07  -0.599705E+00   0.149921E+07   0.149921E+07   0.387840E+01
   0.553225E-03   0.150118E+07   0.150114E+07   0.181997E+07   0.181667E+07   0.150019E+07   0.150114E+07   0.150117E+07   0.150877E+07  -0.599456E+00   0.149877E+07   0.149876E+07   0.427617E+01
   0.610839E-03   0.150063E+07   0.150059E+07   0.178160E+07   0.177769E+07   0.149931E+07   0.150058E+07   0.150062E+07   0.150805E+07  -0.599153E+00   0.149822E+07   0.149822E+07   0.471330E+01
   0.674453E-03   0.149997E+07   0.149992E+07   0.173584E+07   0.173122E+07   0.149824E+07   0.149991E+07   0.149996E+07   0.150718E+07  -0.598787E+00   0.149756E+07   0.149756E+07   0.519324E+01
   0.744692E-03   0.149916E+07   0.149910E+07   0.168152E+07   0.167611E+07   0.149695E+07   0.149909E+07   0.149915E+07   0.150613E+07  -0.598345E+00   0.149676E+07   0.149675E+07   0.571955E+01
   0.822246E-03   0.149819E+07   0.149812E+07   0.161743E+07   0.161116E+07   0.149537E+07   0.149809E+07   0.149818E+07   0.150486E+07  -0.597812E+00   0.149578E+07   0.149578E+07   0.629593E+01
   0.907877E-03   0.149701E+07   0.149692E+07   0.154237E+07   0.153518E+07   0.149347E+07   0.149689E+07   0.149700E+07   0.150335E+07  -0.597172E+00   0.149460E+07   0.149460E+07   0.692613E+01
   0.100243E-02   0.149559E+07   0.149548E+07   0.145526E+07   0.144714E+07   0.149116E+07   0.149544E+07   0.149557E+07   0.150153E+07  -0.596403E+00   0.149318E+07   0.149317E+07   0.761390E+01
   0.110682E-02   0.149387E+07   0.149374E+07   0.135530E+07   0.134629E+07   0.148836E+07   0.149368E+07   0.149385E+07   0.149935E+07  -0.595484E+00   0.149145E+07   0.149144E+07   0.836286E+01
   0.122209E-02   0.149180E+07   0.149165E+07   0.124218E+07   0.123243E+07   0.148499E+07   0.149158E+07   0.149178E+07   0.149677E+07  -0.594390E+00   0.148937E+07   0.148936E+07   0.917649E+01
   0.134936E-02   0.148933E+07   0.148914E+07   0.111639E+07   0.110616E+07   0.148090E+07   0.148904E+07   0.148930E+07   0.149371E+07  -0.593094E+00   0.148687E+07   0.148685E+07   0.100580E+02
   0.148988E-02   0.148636E+07   0.148613E+07   0.979537E+06   0.969233E+06   0.147596E+07   0.148602E+07   0.148633E+07   0.149011E+07  -0.591565E+00   0.148387E+07   0.148385E+07   0.110101E+02
   0.164504E-02   0.148283E+07   0.148255E+07   0.834695E+06   0.824905E+06   0.147008E+07   0.148241E+07   0.148279E+07   0.148589E+07  -0.589775E+00   0.148029E+07   0.148026E+07   0.120356E+02
   0.181636E-02   0.147864E+07   0.147830E+07   0.686716E+06   0.678169E+06   0.146306E+07   0.147812E+07   0.147859E+07   0.148099E+07  -0.587692E+00   0.147602E+07   0.147599E+07   0.131367E+02
   0.200552E-02   0.147369E+07   0.147328E+07   0.542266E+06   0.535766E+06   0.145473E+07   0.147306E+07   0.147363E+07   0.147533E+07  -0.585286E+00   0.147096E+07   0.147092E+07   0.143157E+02
   0.221438E-02   0.146789E+07   0.146739E+07   0.409469E+06   0.405737E+06   0.144487E+07   0.146712E+07   0.146781E+07   0.146883E+07  -0.582531E+00   0.146500E+07   0.146495E+07   0.155755E+02
   0.244500E-02   0.146111E+07   0.146050E+07   0.296870E+06   0.296300E+06   0.143325E+07   0.146018E+07   0.146101E+07   0.146142E+07  -0.579400E+00   0.145802E+07   0.145797E+07   0.169200E+02
   0.269962E-02   0.145325E+07   0.145251E+07   0.211586E+06   0.213950E+06   0.141965E+07   0.145213E+07   0.145313E+07   0.145302E+07  -0.575868E+00   0.144991E+07   0.144984E+07   0.183547E+02
   0.298077E-02   0.144421E+07   0.144331E+07   0.156814E+06   0.161043E+06   0.140380E+07   0.144286E+07   0.144406E+07   0.144352E+07  -0.571909E+00   0.144055E+07   0.144047E+07   0.198872E+02
   0.329119E-02   0.143386E+07   0.143277E+07   0.129464E+06   0.133718E+06   0.138546E+07   0.143224E+07   0.143369E+07   0.143279E+07  -0.567487E+00   0.142983E+07   0.142974E+07   0.215274E+02
   0.363395E-02   0.142211E+07   0.142079E+07   0.119454E+06   0.121718E+06   0.136436E+07   0.142018E+07   0.142190E+07   0.142068E+07  -0.562556E+00   0.141766E+07   0.141755E+07   0.232858E+02
   0.401240E-02   0.140884E+07   0.140723E+07   0.112527E+06   0.111737E+06   0.134028E+07   0.140654E+07   0.140858E+07   0.140701E+07  -0.557054E+00   0.140394E+07   0.140381E+07   0.251725E+02
   0.443026E-02   0.139392E+07   0.139198E+07   0.971423E+05   0.942497E+05   0.131298E+07   0.139120E+07   0.139361E+07   0.139160E+07  -0.550907E+00   0.138856E+07   0.138841E+07   0.271945E+02
   0.489163E-02   0.137722E+07   0.137487E+07   0.722902E+05   0.700424E+05   0.128229E+07   0.137402E+07   0.137685E+07   0.137432E+07  -0.544039E+00   0.137141E+07   0.137122E+07   0.293556E+02
   0.540106E-02   0.135862E+07   0.135578E+07   0.487696E+05   0.493570E+05   0.124807E+07   0.135487E+07   0.135817E+07   0.135508E+07  -0.536391E+00   0.135233E+07   0.135210E+07   0.316580E+02
   0.596354E-02   0.133796E+07   0.133453E+07   0.381282E+05   0.403619E+05   0.121030E+07   0.133361E+07   0.133742E+07   0.133377E+07  -0.527915E+00   0.133117E+07   0.133091E+07   0.341055E+02
   0.658460E-02   0.131512E+07   0.131099E+07   0.374138E+05   0.351583E+05   0.116907E+07   0.131011E+07   0.131447E+07   0.131027E+07  -0.518574E+00   0.130780E+07   0.130748E+07   0.367032E+02
   0.727033E-02   0.128998E+07   0.128501E+07   0.322037E+05   0.282696E+05   0.112456E+07   0.128426E+07   0.128919E+07   0.128439E+07  -0.508313E+00   0.128210E+07   0.128173E+07   0.394519E+02
   0.802749E-02   0.126242E+07   0.125645E+07   0.208697E+05   0.226767E+05   0.107708E+07   0.125596E+07   0.126147E+07   0.125605E+07  -0.497082E+00   0.125398E+07   0.125354E+07   0.423430E+02
   0.886349E-02   0.123235E+07   0.122520E+07   0.168734E+05   0.181414E+05   0.102696E+07   0.122510E+07   0.123122E+07   0.122517E+07  -0.484848E+00   0.122334E+07   0.122282E+07   0.453621E+02
   0.978655E-02   0.119969E+07   0.119114E+07   0.165596E+05   0.144708E+05   0.974579E+06   0.119163E+07   0.119833E+07   0.119170E+07  -0.471585E+00   0.119010E+07   0.118948E+07   0.484914E+02
   0.108057E-01   0.116437E+07   0.115418E+07   0.103972E+05   0.115070E+05   0.920248E+06   0.115549E+07   0.116274E+07   0.115553E+07  -0.457267E+00   0.115420E+07   0.115348E+07   0.516984E+02
   0.119311E-01   0.112634E+07   0.111424E+07   0.951025E+04   0.911817E+04   0.864270E+06   0.111663E+07   0.112442E+07   0.111667E+07  -0.441878E+00   0.111562E+07   0.111476E+07   0.549341E+02
   0.131736E-01   0.108559E+07   0.107129E+07   0.719385E+04   0.719785E+04   0.806999E+06   0.107504E+07   0.108331E+07   0.107507E+07  -0.425413E+00   0.107431E+07   0.107332E+07   0.581354E+02
   0.145456E-01   0.104211E+07   0.102530E+07   0.573163E+04   0.565818E+04   0.748908E+06   0.103074E+07   0.103944E+07   0.103077E+07  -0.407874E+00   0.103030E+07   0.102914E+07   0.612121E+02
   0.160604E-01   0.995943E+06   0.976295E+06   0.419924E+04   0.442736E+04   0.690527E+06   0.983770E+06   0.992817E+06   0.983788E+06  -0.389281E+00   0.983627E+06   0.982286E+06   0.640496E+02
   0.177329E-01   0.947154E+06   0.924374E+06   0.385259E+04   0.344661E+04   0.632197E+06   0.934212E+06   0.943530E+06   0.934227E+06  -0.369666E+00   0.934363E+06   0.932825E+06   0.664998E+02
   0.195797E-01   0.895875E+06   0.869708E+06   0.244700E+04   0.266796E+04   0.573890E+06   0.882199E+06   0.891712E+06   0.882210E+06  -0.349081E+00   0.882642E+06   0.880897E+06   0.683823E+02
   0.216188E-01   0.842610E+06   0.812895E+06   0.189156E+04   0.205263E+04   0.512642E+06   0.828148E+06   0.837883E+06   0.828156E+06  -0.327691E+00   0.828912E+06   0.826954E+06   0.694834E+02
   0.238702E-01   0.787126E+06   0.753849E+06   0.161026E+04   0.156831E+04   0.454405E+06   0.772032E+06   0.781832E+06   0.772039E+06  -0.305484E+00   0.773065E+06   0.770901E+06   0.695597E+02
   0.263561E-01   0.730250E+06   0.693618E+06   0.129980E+04   0.118984E+04   0.398754E+06   0.714675E+06   0.724422E+06   0.714680E+06  -0.282786E+00   0.715935E+06   0.713587E+06   0.683582E+02
   0.291009E-01   0.672688E+06   0.633204E+06   0.116572E+04   0.896191E+03   0.346498E+06   0.656832E+06   0.666407E+06   0.656836E+06  -0.259897E+00   0.658279E+06   0.655790E+06   0.656396E+02
   0.321315E-01   0.615672E+06   0.574206E+06   0.695159E+03   0.670619E+03   0.297832E+06   0.599760E+06   0.609076E+06   0.599763E+06  -0.237314E+00   0.601357E+06   0.598793E+06   0.612231E+02
   0.354778E-01   0.560439E+06   0.518269E+06   0.525523E+03   0.499158E+03   0.253337E+06   0.544739E+06   0.553730E+06   0.544742E+06  -0.215542E+00   0.546439E+06   0.543893E+06   0.550448E+02
   0.391725E-01   0.508344E+06   0.467133E+06   0.434641E+03   0.370354E+03   0.213819E+06   0.493168E+06   0.501787E+06   0.493170E+06  -0.195136E+00   0.494919E+06   0.492508E+06   0.472313E+02
   0.432520E-01   0.460799E+06   0.422458E+06   0.281473E+03   0.274811E+03   0.179915E+06   0.446475E+06   0.454700E+06   0.446476E+06  -0.176660E+00   0.448232E+06   0.446080E+06   0.381729E+02
   0.475772E-01   0.420159E+06   0.386346E+06   0.207014E+03   0.206856E+03   0.152029E+06   0.406915E+06   0.414780E+06   0.406916E+06  -0.161006E+00   0.408649E+06   0.406855E+06   0.289342E+02
   0.519024E-01   0.388056E+06   0.359551E+06   0.160632E+03   0.160509E+03   0.130563E+06   0.375950E+06   0.383521E+06   0.375950E+06  -0.148754E+00   0.377645E+06   0.376238E+06   0.207871E+02
   0.562276E-01   0.361911E+06   0.338718E+06   0.127700E+03   0.127602E+03   0.113650E+06   0.350901E+06   0.358221E+06   0.350902E+06  -0.138842E+00   0.352552E+06   0.351510E+06   0.142167E+02
   0.605528E-01   0.339756E+06   0.321224E+06   0.103423E+03   0.103344E+03   0.998039E+05   0.329714E+06   0.336808E+06   0.329715E+06  -0.130459E+00   0.331325E+06   0.330581E+06   0.942664E+01
   0.648780E-01   0.320172E+06   0.305198E+06   0.849251E+02   0.848602E+02   0.881673E+05   0.310917E+06   0.317790E+06   0.310918E+06  -0.123022E+00   0.312493E+06   0.311955E+06   0.637167E+01
   0.692032E-01   0.301901E+06   0.289174E+06   0.703677E+02   0.703139E+02   0.780860E+05   0.293238E+06   0.299876E+06   0.293238E+06  -0.116026E+00   0.294784E+06   0.294349E+06   0.481622E+01
   0.735284E-01   0.284074E+06   0.272317E+06   0.586035E+02   0.585586E+02   0.690877E+05   0.275825E+06   0.282203E+06   0.275825E+06  -0.109136E+00   0.277343E+06   0.276921E+06   0.440399E+01
   0.778536E-01   0.266390E+06   0.254555E+06   0.489482E+02   0.489106E+02   0.610091E+05   0.258416E+06   0.264507E+06   0.258417E+06  -0.102248E+00   0.259905E+06   0.259425E+06   0.472773E+01
   0.821788E-01   0.249031E+06   0.236427E+06   0.409887E+02   0.409573E+02   0.537803E+05   0.241242E+06   0.247026E+06   0.241242E+06  -0.954526E-01   0.242698E+06   0.242120E+06   0.539334E+01
   0.865040E-01   0.232427E+06   0.218771E+06   0.344486E+02   0.344222E+02   0.473874E+05   0.224781E+06   0.230254E+06   0.224781E+06  -0.889394E-01   0.226200E+06   0.225515E+06   0.607062E+01
   0.908292E-01   0.216997E+06   0.202390E+06   0.291062E+02   0.290839E+02   0.418436E+05   0.209501E+06   0.214674E+06   0.209501E+06  -0.828934E-01   0.210878E+06   0.210105E+06   0.652532E+01
   0.961876E-01   0.199990E+06   0.184770E+06   0.238629E+02   0.238446E+02   0.360686E+05   0.192735E+06   0.197568E+06   0.192735E+06  -0.762595E-01   0.194056E+06   0.193228E+06   0.659843E+01
   0.101546E+00   0.185693E+06   0.170747E+06   0.198512E+02   0.198359E+02   0.314161E+05   0.178769E+06   0.183315E+06   0.178769E+06  -0.707335E-01   0.180030E+06   0.179222E+06   0.610659E+01
   0.106904E+00   0.174211E+06   0.160408E+06   0.167975E+02   0.167846E+02   0.277291E+05   0.167696E+06   0.172015E+06   0.167696E+06  -0.663525E-01   0.168900E+06   0.168178E+06   0.518734E+01
   0.112263E+00   0.165173E+06   0.153119E+06   0.144509E+02   0.144398E+02   0.248010E+05   0.159112E+06   0.163256E+06   0.159112E+06  -0.629557E-01   0.160263E+06   0.159667E+06   0.406920E+01
   0.117621E+00   0.157813E+06   0.147717E+06   0.125921E+02   0.125825E+02   0.224049E+05   0.152202E+06   0.156207E+06   0.152202E+06  -0.602218E-01   0.153306E+06   0.152847E+06   0.298981E+01
   0.122980E+00   0.151280E+06   0.142951E+06   0.110547E+02   0.110462E+02   0.203395E+05   0.146075E+06   0.149955E+06   0.146075E+06  -0.577976E-01   0.147137E+06   0.146795E+06   0.213240E+01
   0.128338E+00   0.144912E+06   0.137864E+06   0.973066E+01   0.972317E+01   0.184753E+05   0.140040E+06   0.143791E+06   0.140040E+06  -0.554096E-01   0.141063E+06   0.140797E+06   0.159161E+01
   0.133696E+00   0.138337E+06   0.131952E+06   0.855965E+01   0.855306E+01   0.167362E+05   0.133712E+06   0.137321E+06   0.133712E+06  -0.529057E-01   0.134700E+06   0.134462E+06   0.136984E+01
   0.139055E+00   0.131464E+06   0.125164E+06   0.751409E+01   0.750830E+01   0.151061E+05   0.127009E+06   0.130462E+06   0.127009E+06  -0.502537E-01   0.127964E+06   0.127711E+06   0.139689E+01
   0.144413E+00   0.124425E+06   0.117807E+06   0.658493E+01   0.657986E+01   0.135887E+05   0.120087E+06   0.123373E+06   0.120087E+06  -0.475147E-01   0.121009E+06   0.120715E+06   0.156300E+01
   0.149771E+00   0.117482E+06   0.110386E+06   0.577087E+01   0.576643E+01   0.122078E+05   0.113236E+06   0.116353E+06   0.113236E+06  -0.448040E-01   0.114125E+06   0.113783E+06   0.175410E+01
   0.155130E+00   0.110950E+06   0.103455E+06   0.507176E+01   0.506786E+01   0.109814E+05   0.106802E+06   0.109758E+06   0.106802E+06  -0.422582E-01   0.107657E+06   0.107277E+06   0.188001E+01
   0.160488E+00   0.105134E+06   0.974892E+05   0.448480E+01   0.448135E+01   0.992687E+04   0.101105E+06   0.103918E+06   0.101105E+06  -0.400040E-01   0.101928E+06   0.101532E+06   0.189049E+01
   0.165847E+00   0.100213E+06   0.927448E+05   0.400078E+01   0.399770E+01   0.904132E+04   0.963320E+05   0.990252E+05   0.963320E+05  -0.381156E-01   0.971237E+05   0.967393E+05   0.177832E+01
   0.171205E+00   0.961657E+05   0.891732E+05   0.360300E+01   0.360023E+01   0.830400E+04   0.924568E+05   0.950532E+05   0.924568E+05  -0.365823E-01   0.932197E+05   0.928691E+05   0.157138E+01
   0.176563E+00   0.927980E+05   0.864784E+05   0.327107E+01   0.326855E+01   0.768052E+04   0.892751E+05   0.917926E+05   0.892751E+05  -0.353234E-01   0.900116E+05   0.897083E+05   0.131783E+01
   0.181922E+00   0.898623E+05   0.842715E+05   0.298636E+01   0.298405E+01   0.713681E+04   0.865235E+05   0.889729E+05   0.865235E+05  -0.342347E-01   0.872358E+05   0.869822E+05   0.106935E+01
   0.187280E+00   0.871292E+05   0.821871E+05   0.273441E+01   0.273230E+01   0.664590E+04   0.839576E+05   0.863429E+05   0.839576E+05  -0.332194E-01   0.846477E+05   0.844360E+05   0.867341E+00
   0.192639E+00   0.844006E+05   0.799295E+05   0.250470E+01   0.250277E+01   0.618618E+04   0.813696E+05   0.836893E+05   0.813696E+05  -0.321955E-01   0.820392E+05   0.818547E+05   0.734874E+00
   0.197997E+00   0.815380E+05   0.773195E+05   0.229062E+01   0.228885E+01   0.574593E+04   0.786185E+05   0.808669E+05   0.786185E+05  -0.311069E-01   0.792684E+05   0.790943E+05   0.674698E+00
   0.203355E+00   0.785113E+05   0.743451E+05   0.208999E+01   0.208838E+01   0.532095E+04   0.756777E+05   0.778485E+05   0.756777E+05  -0.299434E-01   0.763083E+05   0.761300E+05   0.672559E+00
   0.208714E+00   0.754008E+05   0.711494E+05   0.190395E+01   0.190248E+01   0.491721E+04   0.726351E+05   0.747244E+05   0.726351E+05  -0.287395E-01   0.732465E+05   0.730550E+05   0.704028E+00
   0.214072E+00   0.723362E+05   0.679466E+05   0.173461E+01   0.173328E+01   0.454140E+04   0.696297E+05   0.716379E+05   0.696297E+05  -0.275503E-01   0.702222E+05   0.700150E+05   0.742531E+00
   0.219430E+00   0.694375E+05   0.649386E+05   0.158334E+01   0.158212E+01   0.420039E+04   0.667906E+05   0.687217E+05   0.667906E+05  -0.264270E-01   0.673646E+05   0.671455E+05   0.766211E+00
   0.224789E+00   0.667949E+05   0.622749E+05   0.145037E+01   0.144925E+01   0.389631E+04   0.642147E+05   0.660758E+05   0.642147E+05  -0.254078E-01   0.647708E+05   0.645475E+05   0.762152E+00
   0.230147E+00   0.644612E+05   0.600342E+05   0.133487E+01   0.133384E+01   0.362955E+04   0.619572E+05   0.637569E+05   0.619572E+05  -0.245146E-01   0.624963E+05   0.622781E+05   0.727581E+00
   0.235506E+00   0.624380E+05   0.582099E+05   0.123488E+01   0.123393E+01   0.339663E+04   0.600183E+05   0.617653E+05   0.600183E+05  -0.237474E-01   0.605415E+05   0.603363E+05   0.668446E+00
   0.240864E+00   0.606737E+05   0.567151E+05   0.114759E+01   0.114670E+01   0.319170E+04   0.583423E+05   0.600439E+05   0.583423E+05  -0.230843E-01   0.588507E+05   0.586635E+05   0.596149E+00
   0.246222E+00   0.590840E+05   0.554173E+05   0.106992E+01   0.106910E+01   0.300763E+04   0.568397E+05   0.585006E+05   0.568397E+05  -0.224897E-01   0.573344E+05   0.571664E+05   0.523604E+00
   0.251581E+00   0.575784E+05   0.541783E+05   0.999166E+00   0.998394E+00   0.283768E+04   0.554152E+05   0.570375E+05   0.554152E+05  -0.219261E-01   0.558971E+05   0.557457E+05   0.461735E+00
   0.256939E+00   0.560806E+05   0.528870E+05   0.933272E+00   0.932551E+00   0.267714E+04   0.539894E+05   0.555726E+05   0.539894E+05  -0.213619E-01   0.544590E+05   0.543193E+05   0.417195E+00
   0.262297E+00   0.545447E+05   0.514814E+05   0.871040E+00   0.870367E+00   0.252270E+04   0.525149E+05   0.540574E+05   0.525149E+05  -0.207785E-01   0.529727E+05   0.528388E+05   0.391563E+00
   0.267656E+00   0.529632E+05   0.499585E+05   0.812093E+00   0.811465E+00   0.237412E+04   0.509854E+05   0.524852E+05   0.509854E+05  -0.201733E-01   0.514315E+05   0.512983E+05   0.381911E+00
   0.273014E+00   0.513613E+05   0.483635E+05   0.756620E+00   0.756036E+00   0.223199E+04   0.494282E+05   0.508844E+05   0.494282E+05  -0.195572E-01   0.498629E+05   0.497268E+05   0.382358E+00
   0.278373E+00   0.497791E+05   0.467650E+05   0.705008E+00   0.704463E+00   0.209816E+04   0.478869E+05   0.492996E+05   0.478869E+05  -0.189474E-01   0.483104E+05   0.481703E+05   0.386069E+00
   0.283731E+00   0.482584E+05   0.452333E+05   0.657585E+00   0.657077E+00   0.197361E+04   0.464062E+05   0.477771E+05   0.464062E+05  -0.183615E-01   0.468187E+05   0.466756E+05   0.387073E+00
   0.289089E+00   0.468349E+05   0.438260E+05   0.614526E+00   0.614052E+00   0.185960E+04   0.450244E+05   0.463562E+05   0.450244E+05  -0.178148E-01   0.454263E+05   0.452826E+05   0.381494E+00
   0.294448E+00   0.455321E+05   0.425771E+05   0.575776E+00   0.575331E+00   0.175618E+04   0.437658E+05   0.450620E+05   0.437658E+05  -0.173168E-01   0.441575E+05   0.440163E+05   0.368042E+00
   0.299806E+00   0.443528E+05   0.414884E+05   0.540990E+00   0.540572E+00   0.166278E+04   0.426330E+05   0.438971E+05   0.426330E+05  -0.168686E-01   0.430151E+05   0.428792E+05   0.347806E+00
   0.305165E+00   0.432791E+05   0.405317E+05   0.509589E+00   0.509195E+00   0.157789E+04   0.416070E+05   0.428420E+05   0.416070E+05  -0.164626E-01   0.419800E+05   0.418513E+05   0.323519E+00
   0.310523E+00   0.422818E+05   0.396616E+05   0.480916E+00   0.480545E+00   0.149981E+04   0.406568E+05   0.418649E+05   0.406568E+05  -0.160866E-01   0.410212E+05   0.409003E+05   0.298571E+00
   0.315881E+00   0.413304E+05   0.388312E+05   0.454380E+00   0.454028E+00   0.142698E+04   0.397504E+05   0.409328E+05   0.397504E+05  -0.157280E-01   0.401066E+05   0.399929E+05   0.276039E+00
   0.321240E+00   0.403994E+05   0.380022E+05   0.429514E+00   0.429182E+00   0.135801E+04   0.388610E+05   0.400181E+05   0.388610E+05  -0.153761E-01   0.392093E+05   0.391013E+05   0.258002E+00
   0.326598E+00   0.394706E+05   0.371493E+05   0.405997E+00   0.405683E+00   0.129220E+04   0.379696E+05   0.391013E+05   0.379697E+05  -0.150234E-01   0.383104E+05   0.382060E+05   0.245222E+00
   0.331956E+00   0.385359E+05   0.362648E+05   0.383659E+00   0.383362E+00   0.122892E+04   0.370688E+05   0.381746E+05   0.370688E+05  -0.146670E-01   0.374021E+05   0.372995E+05   0.237212E+00
   0.337315E+00   0.376001E+05   0.353589E+05   0.362478E+00   0.362197E+00   0.116840E+04   0.361638E+05   0.372436E+05   0.361638E+05  -0.143089E-01   0.364898E+05   0.363876E+05   0.232575E+00
   0.342673E+00   0.366769E+05   0.344545E+05   0.342525E+00   0.342261E+00   0.111078E+04   0.352694E+05   0.363233E+05   0.352694E+05  -0.139550E-01   0.355882E+05   0.354857E+05   0.229503E+00
   0.348032E+00   0.357823E+05   0.335776E+05   0.323883E+00   0.323633E+00   0.105661E+04   0.344027E+05   0.354316E+05   0.344027E+05  -0.136121E-01   0.347146E+05   0.346119E+05   0.226276E+00
   0.353390E+00   0.349292E+05   0.327489E+05   0.306586E+00   0.306349E+00   0.100593E+04   0.335774E+05   0.345823E+05   0.335774E+05  -0.132855E-01   0.338824E+05   0.337803E+05   0.221654E+00
   0.358748E+00   0.341245E+05   0.319802E+05   0.290607E+00   0.290382E+00   0.958863E+03   0.328009E+05   0.337833E+05   0.328009E+05  -0.129783E-01   0.330994E+05   0.329989E+05   0.215067E+00
   0.364107E+00   0.333701E+05   0.312739E+05   0.275869E+00   0.275656E+00   0.915189E+03   0.320752E+05   0.330366E+05   0.320752E+05  -0.126912E-01   0.323674E+05   0.322694E+05   0.206621E+00
   0.369465E+00   0.326627E+05   0.306241E+05   0.262254E+00   0.262051E+00   0.874633E+03   0.313966E+05   0.323384E+05   0.313966E+05  -0.124227E-01   0.316829E+05   0.315880E+05   0.196933E+00
   0.374823E+00   0.319940E+05   0.300178E+05   0.249613E+00   0.249420E+00   0.836780E+03   0.307565E+05   0.316796E+05   0.307565E+05  -0.121694E-01   0.310370E+05   0.309457E+05   0.186880E+00
   0.380182E+00   0.313531E+05   0.294382E+05   0.237787E+00   0.237603E+00   0.801129E+03   0.301431E+05   0.310484E+05   0.301431E+05  -0.119267E-01   0.304181E+05   0.303302E+05   0.177343E+00
   0.385540E+00   0.307293E+05   0.288701E+05   0.226638E+00   0.226463E+00   0.767337E+03   0.295456E+05   0.304335E+05   0.295456E+05  -0.116903E-01   0.298152E+05   0.297303E+05   0.168988E+00
   0.390899E+00   0.301157E+05   0.283036E+05   0.216070E+00   0.215903E+00   0.735026E+03   0.289567E+05   0.298274E+05   0.289567E+05  -0.114573E-01   0.292211E+05   0.291385E+05   0.162147E+00
   0.396257E+00   0.295092E+05   0.277348E+05   0.206025E+00   0.205866E+00   0.704163E+03   0.283732E+05   0.292269E+05   0.283732E+05  -0.112264E-01   0.286326E+05   0.285516E+05   0.156800E+00
   0.401615E+00   0.289097E+05   0.271650E+05   0.196474E+00   0.196322E+00   0.674564E+03   0.277953E+05   0.286321E+05   0.277953E+05  -0.109978E-01   0.280497E+05   0.279698E+05   0.152637E+00
   0.406974E+00   0.283197E+05   0.265995E+05   0.187410E+00   0.187265E+00   0.646341E+03   0.272259E+05   0.280460E+05   0.272259E+05  -0.107725E-01   0.274755E+05   0.273964E+05   0.149189E+00
   0.412332E+00   0.277439E+05   0.260462E+05   0.178838E+00   0.178699E+00   0.619442E+03   0.266700E+05   0.274738E+05   0.266700E+05  -0.105525E-01   0.269149E+05   0.268364E+05   0.145959E+00
   0.417691E+00   0.271874E+05   0.255130E+05   0.170765E+00   0.170633E+00   0.594014E+03   0.261330E+05   0.269210E+05   0.261330E+05  -0.103400E-01   0.263732E+05   0.262956E+05   0.142547E+00
   0.423049E+00   0.266533E+05   0.250053E+05   0.163184E+00   0.163058E+00   0.569988E+03   0.256183E+05   0.263911E+05   0.256183E+05  -0.101364E-01   0.258541E+05   0.257776E+05   0.138720E+00
   0.428407E+00   0.261425E+05   0.245245E+05   0.156072E+00   0.155951E+00   0.547360E+03   0.251267E+05   0.258851E+05   0.251267E+05  -0.994188E-02   0.253582E+05   0.252831E+05   0.134432E+00
   0.433766E+00   0.256539E+05   0.240690E+05   0.149393E+00   0.149278E+00   0.526011E+03   0.246573E+05   0.254018E+05   0.246573E+05  -0.975611E-02   0.248845E+05   0.248111E+05   0.129796E+00
   0.439124E+00   0.251853E+05   0.236353E+05   0.143109E+00   0.142999E+00   0.505821E+03   0.242074E+05   0.249387E+05   0.242074E+05  -0.957813E-02   0.244306E+05   0.243591E+05   0.125027E+00
   0.444482E+00   0.247335E+05   0.232185E+05   0.137177E+00   0.137071E+00   0.486690E+03   0.237740E+05   0.244925E+05   0.237740E+05  -0.940662E-02   0.239933E+05   0.239235E+05   0.120372E+00
   0.449841E+00   0.242948E+05   0.228133E+05   0.131557E+00   0.131455E+00   0.468460E+03   0.233531E+05   0.240591E+05   0.233531E+05  -0.924008E-02   0.235685E+05   0.235005E+05   0.116040E+00
   0.455199E+00   0.238662E+05   0.224152E+05   0.126212E+00   0.126114E+00   0.451069E+03   0.229415E+05   0.236354E+05   0.229415E+05  -0.907722E-02   0.231533E+05   0.230867E+05   0.112160E+00
   0.460558E+00   0.234456E+05   0.220219E+05   0.121118E+00   0.121024E+00   0.434371E+03   0.225371E+05   0.232191E+05   0.225371E+05  -0.891725E-02   0.227453E+05   0.226801E+05   0.108766E+00
   0.465916E+00   0.230324E+05   0.216327E+05   0.116259E+00   0.116169E+00   0.418404E+03   0.221396E+05   0.228097E+05   0.221396E+05  -0.875993E-02   0.223442E+05   0.222800E+05   0.105802E+00
   0.471274E+00   0.226272E+05   0.212491E+05   0.111625E+00   0.111539E+00   0.403073E+03   0.217493E+05   0.224079E+05   0.217493E+05  -0.860553E-02   0.219506E+05   0.218872E+05   0.103154E+00
   0.476633E+00   0.222311E+05   0.208732E+05   0.107213E+00   0.107130E+00   0.388437E+03   0.213678E+05   0.220151E+05   0.213678E+05  -0.845456E-02   0.215656E+05   0.215031E+05   0.100685E+00
   0.481991E+00   0.218454E+05   0.205073E+05   0.103018E+00   0.102938E+00   0.374436E+03   0.209962E+05   0.216325E+05   0.209962E+05  -0.830755E-02   0.211908E+05   0.211291E+05   0.982661E-01
   0.487350E+00   0.214709E+05   0.201530E+05   0.990337E-01   0.989570E-01   0.361108E+03   0.206357E+05   0.212613E+05   0.206357E+05  -0.816492E-02   0.208271E+05   0.207663E+05   0.958084E-01
   0.492708E+00   0.211084E+05   0.198114E+05   0.952522E-01   0.951785E-01   0.348391E+03   0.202869E+05   0.209020E+05   0.202869E+05  -0.802689E-02   0.204752E+05   0.204153E+05   0.932723E-01
   0.498066E+00   0.207579E+05   0.194827E+05   0.916643E-01   0.915934E-01   0.336284E+03   0.199499E+05   0.205550E+05   0.199499E+05  -0.789354E-02   0.201351E+05   0.200763E+05   0.906680E-01
   0.503425E+00   0.204188E+05   0.191659E+05   0.882572E-01   0.881889E-01   0.324755E+03   0.196240E+05   0.202195E+05   0.196240E+05  -0.776462E-02   0.198063E+05   0.197486E+05   0.880410E-01
   0.508783E+00   0.200898E+05   0.188593E+05   0.850157E-01   0.849499E-01   0.313735E+03   0.193080E+05   0.198940E+05   0.193080E+05  -0.763957E-02   0.194874E+05   0.194308E+05   0.854541E-01
   0.514141E+00   0.197695E+05   0.185609E+05   0.819257E-01   0.818623E-01   0.303199E+03   0.190003E+05   0.195772E+05   0.190003E+05  -0.751784E-02   0.191770E+05   0.191214E+05   0.829693E-01
   0.519500E+00   0.194569E+05   0.182692E+05   0.789757E-01   0.789146E-01   0.293088E+03   0.187001E+05   0.192680E+05   0.187001E+05  -0.739903E-02   0.188740E+05   0.188194E+05   0.806322E-01
   0.524858E+00   0.191514E+05   0.179834E+05   0.761559E-01   0.760970E-01   0.283414E+03   0.184064E+05   0.189656E+05   0.184064E+05  -0.728286E-02   0.185777E+05   0.185240E+05   0.784642E-01
   0.530217E+00   0.188522E+05   0.177026E+05   0.734574E-01   0.734006E-01   0.274094E+03   0.181188E+05   0.186693E+05   0.181188E+05  -0.716903E-02   0.182874E+05   0.182346E+05   0.764608E-01
   0.535575E+00   0.185589E+05   0.174265E+05   0.708732E-01   0.708183E-01   0.265159E+03   0.178366E+05   0.183788E+05   0.178366E+05  -0.705740E-02   0.180028E+05   0.179507E+05   0.745970E-01
   0.540933E+00   0.182717E+05   0.171557E+05   0.683987E-01   0.683458E-01   0.256557E+03   0.175602E+05   0.180941E+05   0.175602E+05  -0.694804E-02   0.177239E+05   0.176725E+05   0.728360E-01
   0.546292E+00   0.179910E+05   0.168909E+05   0.660314E-01   0.659803E-01   0.248312E+03   0.172902E+05   0.178160E+05   0.172902E+05  -0.684118E-02   0.174514E+05   0.174007E+05   0.711397E-01
   0.551650E+00   0.177173E+05   0.166329E+05   0.637679E-01   0.637186E-01   0.240388E+03   0.170268E+05   0.175447E+05   0.170268E+05  -0.673698E-02   0.171857E+05   0.171357E+05   0.694766E-01
   0.557009E+00   0.174505E+05   0.163818E+05   0.616039E-01   0.615562E-01   0.232802E+03   0.167702E+05   0.172805E+05   0.167702E+05  -0.663547E-02   0.169268E+05   0.168775E+05   0.678273E-01
   0.562367E+00   0.171906E+05   0.161376E+05   0.595343E-01   0.594882E-01   0.225520E+03   0.165203E+05   0.170230E+05   0.165203E+05  -0.653657E-02   0.166745E+05   0.166260E+05   0.661859E-01
   0.567725E+00   0.169373E+05   0.159001E+05   0.575545E-01   0.575099E-01   0.218526E+03   0.162768E+05   0.167723E+05   0.162768E+05  -0.644023E-02   0.164289E+05   0.163811E+05   0.645586E-01
   0.573084E+00   0.166905E+05   0.156690E+05   0.556599E-01   0.556169E-01   0.211822E+03   0.160397E+05   0.165280E+05   0.160397E+05  -0.634641E-02   0.161896E+05   0.161425E+05   0.629593E-01
   0.578442E+00   0.164499E+05   0.154439E+05   0.538456E-01   0.538039E-01   0.205379E+03   0.158085E+05   0.162899E+05   0.158085E+05  -0.625492E-02   0.159562E+05   0.159099E+05   0.614044E-01
   0.629704E+00   0.143922E+05   0.135119E+05   0.397475E-01   0.397168E-01   0.154616E+03   0.138302E+05   0.142522E+05   0.138302E+05  -0.547220E-02   0.139599E+05   0.139194E+05   0.493650E-01
   0.769122E+00   0.104672E+05   0.982753E+04   0.193733E-01   0.193583E-01   0.784056E+02   0.100575E+05   0.103654E+05   0.100575E+05  -0.397945E-02   0.101524E+05   0.101230E+05   0.293388E-01
   0.939408E+00   0.757521E+04   0.711242E+04   0.939689E-02   0.938962E-02   0.392348E+02   0.727823E+04   0.750158E+04   0.727823E+04  -0.287977E-02   0.734718E+04   0.732591E+04   0.173712E-01
   0.114740E+01   0.545850E+04   0.512510E+04   0.453836E-02   0.453485E-02   0.194089E+02   0.524425E+04   0.540546E+04   0.524425E+04  -0.207499E-02   0.529408E+04   0.527876E+04   0.102437E-01
   0.140143E+01   0.391704E+04   0.367783E+04   0.218290E-02   0.218121E-02   0.950319E+01   0.376317E+04   0.387898E+04   0.376317E+04  -0.148897E-02   0.379899E+04   0.378800E+04   0.601690E-02
   0.171171E+01   0.280075E+04   0.262974E+04   0.104619E-02   0.104538E-02   0.461442E+01   0.269067E+04   0.277354E+04   0.269067E+04  -0.106461E-02   0.271632E+04   0.270846E+04   0.352232E-02
   0.209069E+01   0.199593E+04   0.187407E+04   0.499745E-03   0.499358E-03   0.222496E+01   0.191745E+04   0.197654E+04   0.191745E+04  -0.758676E-03   0.193575E+04   0.193015E+04   0.205575E-02
   0.255358E+01   0.141799E+04   0.133142E+04   0.237983E-03   0.237799E-03   0.106653E+01   0.136222E+04   0.140421E+04   0.136222E+04  -0.538987E-03   0.137523E+04   0.137124E+04   0.119658E-02
   0.311895E+01   0.100453E+04   0.943210E+03   0.113009E-03   0.112922E-03   0.508713E+00   0.965020E+03   0.994779E+03   0.965020E+03  -0.381828E-03   0.974241E+03   0.971416E+03   0.694895E-03
   0.380949E+01   0.709821E+03   0.666486E+03   0.535273E-04   0.534858E-04   0.241722E+00   0.681895E+03   0.702927E+03   0.681895E+03  -0.269805E-03   0.688413E+03   0.686413E+03   0.402849E-03
   0.465292E+01   0.500358E+03   0.469807E+03   0.252921E-04   0.252725E-04   0.114456E+00   0.480671E+03   0.495498E+03   0.480671E+03  -0.190187E-03   0.485267E+03   0.483852E+03   0.233250E-03
   0.568309E+01   0.351939E+03   0.330445E+03   0.119248E-04   0.119155E-04   0.540442E-01   0.338090E+03   0.348520E+03   0.338090E+03  -0.133772E-03   0.341323E+03   0.340323E+03   0.134991E-03
   0.694134E+01   0.247036E+03   0.231943E+03   0.561074E-05   0.560639E-05   0.254570E-01   0.237314E+03   0.244635E+03   0.237314E+03  -0.938977E-04   0.239584E+03   0.238877E+03   0.781607E-04
   0.847817E+01   0.173074E+03   0.162493E+03   0.263492E-05   0.263288E-05   0.119634E-01   0.166262E+03   0.171391E+03   0.166262E+03  -0.657845E-04   0.167853E+03   0.167352E+03   0.453373E-04
   0.103553E+02   0.121044E+03   0.113636E+03   0.123524E-05   0.123428E-05   0.561128E-02   0.116278E+03   0.119865E+03   0.116278E+03  -0.460074E-04   0.117391E+03   0.117035E+03   0.263933E-04
   0.126479E+02   0.845155E+02   0.793351E+02   0.578117E-06   0.577669E-06   0.262593E-02   0.811865E+02   0.836914E+02   0.811865E+02  -0.321230E-04   0.819643E+02   0.817094E+02   0.154587E-04
   0.154482E+02   0.589208E+02   0.553008E+02   0.270155E-06   0.269945E-06   0.122777E-02   0.565987E+02   0.583449E+02   0.565987E+02  -0.223943E-04   0.571414E+02   0.569574E+02   0.913997E-05
   0.188685E+02   0.410184E+02   0.384895E+02   0.126060E-06   0.125962E-06   0.573022E-03   0.394005E+02   0.406161E+02   0.394005E+02  -0.155895E-04   0.397788E+02   0.396441E+02   0.547879E-05
   0.230461E+02   0.285170E+02   0.267497E+02   0.587413E-07   0.586959E-07   0.266976E-03   0.273907E+02   0.282358E+02   0.273907E+02  -0.108377E-04   0.276543E+02   0.275537E+02   0.334728E-05
   0.281485E+02   0.198005E+02   0.185638E+02   0.273362E-07   0.273150E-07   0.124241E-03   0.190170E+02   0.196038E+02   0.190170E+02  -0.752444E-05   0.192006E+02   0.191236E+02   0.209679E-05
   0.343807E+02   0.137317E+02   0.128642E+02   0.127051E-07   0.126953E-07   0.577428E-04   0.131868E+02   0.135937E+02   0.131868E+02  -0.521762E-05   0.133147E+02   0.132540E+02   0.135466E-05
   0.419926E+02   0.951195E+01   0.890078E+01   0.589756E-08   0.589300E-08   0.268188E-04   0.913294E+01   0.941472E+01   0.913294E+01  -0.361362E-05   0.922208E+01   0.917244E+01   0.906908E-06
   0.512900E+02   0.658152E+01   0.614811E+01   0.273408E-08   0.273197E-08   0.124401E-04   0.631765E+01   0.651257E+01   0.631765E+01  -0.249970E-05   0.637993E+01   0.633777E+01   0.630612E-06
   0.626457E+02   0.454886E+01   0.423848E+01   0.126582E-08   0.126485E-08   0.576122E-05   0.436481E+01   0.449949E+01   0.436481E+01  -0.172702E-05   0.440848E+01   0.437132E+01   0.455089E-06
   0.765156E+02   0.314047E+01   0.291508E+01   0.585200E-09   0.584750E-09   0.266455E-05   0.301169E+01   0.310461E+01   0.301169E+01  -0.119163E-05   0.304247E+01   0.300860E+01   0.339571E-06
   0.934564E+02   0.216561E+01   0.199885E+01   0.270097E-09   0.269889E-09   0.122942E-05   0.207506E+01   0.213908E+01   0.207506E+01  -0.821036E-06   0.209693E+01   0.206520E+01   0.260431E-06
   0.114148E+03   0.149149E+01   0.136513E+01   0.124415E-09   0.124320E-09   0.566589E-06   0.142735E+01   0.147139E+01   0.142735E+01  -0.564757E-06   0.144306E+01   0.141273E+01   0.203865E-06
