#          k/h    CDM            baryon         photon         nu             mass_nu        total          no_nu          total_de       Weyl           v_CDM          v_b            v_b-v_c     
   0.105171E-04   0.101232E+08   0.101232E+08   0.134944E+08   0.134943E+08   0.101235E+08   0.101233E+08   0.101232E+08   0.101315E+08  -0.584650E+00   0.936746E+07   0.936746E+07   0.101797E+02
   0.116124E-04   0.101232E+08   0.101232E+08   0.134937E+08   0.134935E+08   0.101235E+08   0.101232E+08   0.101232E+08   0.101315E+08  -0.584650E+00   0.936746E+07   0.936746E+07   0.112396E+02
   0.128218E-04   0.101232E+08   0.101232E+08   0.134928E+08   0.134926E+08   0.101235E+08   0.101232E+08   0.101232E+08   0.101315E+08  -0.584650E+00   0.936746E+07   0.936746E+07   0.124099E+02
   0.141570E-04   0.101232E+08   0.101232E+08   0.134918E+08   0.134915E+08   0.101235E+08   0.101232E+08   0.101232E+08   0.101315E+08  -0.584649E+00   0.936746E+07   0.936746E+07   0.137019E+02
   0.156314E-04   0.101232E+08   0.101232E+08   0.134905E+08   0.134902E+08   0.101235E+08   0.101232E+08   0.101232E+08   0.101315E+08  -0.584649E+00   0.936745E+07   0.936745E+07   0.151283E+02
   0.172593E-04   0.101232E+08   0.101232E+08   0.134889E+08   0.134885E+08   0.101235E+08   0.101232E+08   0.101232E+08   0.101315E+08  -0.584649E+00   0.936745E+07   0.936745E+07   0.167031E+02
   0.190567E-04   0.101232E+08   0.101232E+08   0.134869E+08   0.134865E+08   0.101235E+08   0.101232E+08   0.101232E+08   0.101315E+08  -0.584648E+00   0.936744E+07   0.936744E+07   0.184416E+02
   0.210413E-04   0.101232E+08   0.101232E+08   0.134846E+08   0.134841E+08   0.101235E+08   0.101232E+08   0.101232E+08   0.101315E+08  -0.584648E+00   0.936744E+07   0.936743E+07   0.203609E+02
   0.232326E-04   0.101232E+08   0.101232E+08   0.134817E+08   0.134811E+08   0.101235E+08   0.101232E+08   0.101232E+08   0.101314E+08  -0.584647E+00   0.936743E+07   0.936742E+07   0.224796E+02
   0.256521E-04   0.101232E+08   0.101232E+08   0.134782E+08   0.134775E+08   0.101235E+08   0.101232E+08   0.101232E+08   0.101314E+08  -0.584646E+00   0.936742E+07   0.936741E+07   0.248184E+02
   0.283236E-04   0.101232E+08   0.101232E+08   0.134740E+08   0.134731E+08   0.101234E+08   0.101232E+08   0.101232E+08   0.101314E+08  -0.584645E+00   0.936740E+07   0.936740E+07   0.273999E+02
   0.312733E-04   0.101232E+08   0.101232E+08   0.134688E+08   0.134677E+08   0.101234E+08   0.101232E+08   0.101232E+08   0.101314E+08  -0.584644E+00   0.936739E+07   0.936738E+07   0.302491E+02
   0.345301E-04   0.101231E+08   0.101231E+08   0.134625E+08   0.134611E+08   0.101234E+08   0.101231E+08   0.101231E+08   0.101314E+08  -0.584642E+00   0.936737E+07   0.936736E+07   0.333937E+02
   0.381262E-04   0.101231E+08   0.101231E+08   0.134548E+08   0.134531E+08   0.101234E+08   0.101231E+08   0.101231E+08   0.101313E+08  -0.584640E+00   0.936734E+07   0.936734E+07   0.368637E+02
   0.420968E-04   0.101231E+08   0.101231E+08   0.134454E+08   0.134434E+08   0.101233E+08   0.101231E+08   0.101231E+08   0.101313E+08  -0.584638E+00   0.936732E+07   0.936731E+07   0.406925E+02
   0.464808E-04   0.101230E+08   0.101230E+08   0.134340E+08   0.134315E+08   0.101233E+08   0.101231E+08   0.101230E+08   0.101313E+08  -0.584635E+00   0.936728E+07   0.936727E+07   0.449165E+02
   0.513214E-04   0.101230E+08   0.101230E+08   0.134201E+08   0.134171E+08   0.101232E+08   0.101230E+08   0.101230E+08   0.101312E+08  -0.584632E+00   0.936724E+07   0.936723E+07   0.495756E+02
   0.566662E-04   0.101229E+08   0.101229E+08   0.134031E+08   0.133994E+08   0.101232E+08   0.101229E+08   0.101229E+08   0.101311E+08  -0.584628E+00   0.936719E+07   0.936718E+07   0.547134E+02
   0.625675E-04   0.101229E+08   0.101229E+08   0.133825E+08   0.133780E+08   0.101231E+08   0.101229E+08   0.101229E+08   0.101311E+08  -0.584623E+00   0.936712E+07   0.936711E+07   0.603777E+02
   0.690835E-04   0.101228E+08   0.101228E+08   0.133573E+08   0.133519E+08   0.101230E+08   0.101228E+08   0.101228E+08   0.101310E+08  -0.584617E+00   0.936705E+07   0.936703E+07   0.666202E+02
   0.762780E-04   0.101227E+08   0.101227E+08   0.133268E+08   0.133202E+08   0.101229E+08   0.101227E+08   0.101227E+08   0.101308E+08  -0.584610E+00   0.936695E+07   0.936693E+07   0.734972E+02
   0.842218E-04   0.101226E+08   0.101225E+08   0.132896E+08   0.132816E+08   0.101228E+08   0.101226E+08   0.101226E+08   0.101307E+08  -0.584601E+00   0.936684E+07   0.936682E+07   0.810694E+02
   0.929929E-04   0.101224E+08   0.101224E+08   0.132444E+08   0.132347E+08   0.101226E+08   0.101224E+08   0.101224E+08   0.101305E+08  -0.584590E+00   0.936670E+07   0.936667E+07   0.894019E+02
   0.102677E-03   0.101222E+08   0.101222E+08   0.131895E+08   0.131777E+08   0.101224E+08   0.101222E+08   0.101222E+08   0.101303E+08  -0.584576E+00   0.936653E+07   0.936650E+07   0.985643E+02
   0.113370E-03   0.101220E+08   0.101220E+08   0.131229E+08   0.131085E+08   0.101221E+08   0.101220E+08   0.101220E+08   0.101300E+08  -0.584560E+00   0.936632E+07   0.936628E+07   0.108630E+03
   0.125177E-03   0.101217E+08   0.101217E+08   0.130422E+08   0.130247E+08   0.101218E+08   0.101217E+08   0.101217E+08   0.101297E+08  -0.584540E+00   0.936607E+07   0.936602E+07   0.119676E+03
   0.138213E-03   0.101214E+08   0.101213E+08   0.129443E+08   0.129232E+08   0.101215E+08   0.101214E+08   0.101214E+08   0.101293E+08  -0.584516E+00   0.936576E+07   0.936570E+07   0.131781E+03
   0.152607E-03   0.101210E+08   0.101209E+08   0.128260E+08   0.128004E+08   0.101210E+08   0.101210E+08   0.101210E+08   0.101288E+08  -0.584487E+00   0.936539E+07   0.936532E+07   0.145024E+03
   0.168500E-03   0.101205E+08   0.101204E+08   0.126832E+08   0.126522E+08   0.101205E+08   0.101205E+08   0.101205E+08   0.101282E+08  -0.584451E+00   0.936493E+07   0.936485E+07   0.159483E+03
   0.186048E-03   0.101199E+08   0.101198E+08   0.125111E+08   0.124737E+08   0.101198E+08   0.101199E+08   0.101199E+08   0.101275E+08  -0.584408E+00   0.936438E+07   0.936428E+07   0.175229E+03
   0.205424E-03   0.101192E+08   0.101190E+08   0.123043E+08   0.122594E+08   0.101190E+08   0.101191E+08   0.101191E+08   0.101266E+08  -0.584356E+00   0.936370E+07   0.936358E+07   0.192325E+03
   0.226817E-03   0.101183E+08   0.101181E+08   0.120567E+08   0.120027E+08   0.101180E+08   0.101182E+08   0.101182E+08   0.101256E+08  -0.584292E+00   0.936288E+07   0.936273E+07   0.210815E+03
   0.250438E-03   0.101172E+08   0.101170E+08   0.117614E+08   0.116968E+08   0.101168E+08   0.101172E+08   0.101172E+08   0.101243E+08  -0.584215E+00   0.936189E+07   0.936170E+07   0.230719E+03
   0.276520E-03   0.101159E+08   0.101156E+08   0.114108E+08   0.113338E+08   0.101154E+08   0.101158E+08   0.101158E+08   0.101228E+08  -0.584121E+00   0.936068E+07   0.936045E+07   0.252019E+03
   0.305317E-03   0.101143E+08   0.101140E+08   0.109970E+08   0.109058E+08   0.101136E+08   0.101142E+08   0.101142E+08   0.101209E+08  -0.584008E+00   0.935920E+07   0.935894E+07   0.274649E+03
   0.337113E-03   0.101124E+08   0.101120E+08   0.105123E+08   0.104049E+08   0.101115E+08   0.101123E+08   0.101123E+08   0.101187E+08  -0.583872E+00   0.935742E+07   0.935710E+07   0.298472E+03
   0.372221E-03   0.101100E+08   0.101096E+08   0.994954E+07   0.982410E+07   0.101089E+08   0.101099E+08   0.101100E+08   0.101160E+08  -0.583708E+00   0.935525E+07   0.935487E+07   0.323264E+03
   0.410985E-03   0.101072E+08   0.101067E+08   0.930342E+07   0.915823E+07   0.101058E+08   0.101071E+08   0.101071E+08   0.101127E+08  -0.583510E+00   0.935264E+07   0.935218E+07   0.348686E+03
   0.453786E-03   0.101038E+08   0.101031E+08   0.857171E+07   0.840560E+07   0.101020E+08   0.101036E+08   0.101037E+08   0.101088E+08  -0.583274E+00   0.934947E+07   0.934893E+07   0.374263E+03
   0.501045E-03   0.100997E+08   0.100989E+08   0.775709E+07   0.756974E+07   0.100974E+08   0.100995E+08   0.100996E+08   0.101042E+08  -0.582991E+00   0.934565E+07   0.934501E+07   0.399356E+03
   0.553225E-03   0.100947E+08   0.100938E+08   0.686928E+07   0.666169E+07   0.100919E+08   0.100945E+08   0.100946E+08   0.100987E+08  -0.582656E+00   0.934105E+07   0.934031E+07   0.423146E+03
   0.610839E-03   0.100888E+08   0.100877E+08   0.592721E+07   0.570216E+07   0.100853E+08   0.100885E+08   0.100886E+08   0.100921E+08  -0.582258E+00   0.933553E+07   0.933467E+07   0.444628E+03
   0.674453E-03   0.100817E+08   0.100805E+08   0.496075E+07   0.472328E+07   0.100774E+08   0.100814E+08   0.100815E+08   0.100844E+08  -0.581790E+00   0.932893E+07   0.932793E+07   0.462637E+03
   0.744692E-03   0.100733E+08   0.100718E+08   0.401097E+07   0.376871E+07   0.100680E+08   0.100729E+08   0.100731E+08   0.100753E+08  -0.581240E+00   0.932104E+07   0.931991E+07   0.475895E+03
   0.822246E-03   0.100633E+08   0.100616E+08   0.312780E+07   0.289085E+07   0.100568E+08   0.100628E+08   0.100630E+08   0.100647E+08  -0.580599E+00   0.931167E+07   0.931040E+07   0.483127E+03
   0.907877E-03   0.100515E+08   0.100495E+08   0.236361E+07   0.214380E+07   0.100435E+08   0.100509E+08   0.100512E+08   0.100523E+08  -0.579855E+00   0.930059E+07   0.929919E+07   0.483222E+03
   0.100243E-02   0.100376E+08   0.100354E+08   0.176189E+07   0.157116E+07   0.100278E+08   0.100369E+08   0.100372E+08   0.100380E+08  -0.578996E+00   0.928754E+07   0.928602E+07   0.475440E+03
   0.110682E-02   0.100213E+08   0.100189E+08   0.134257E+07   0.119050E+07   0.100093E+08   0.100206E+08   0.100209E+08   0.100214E+08  -0.578007E+00   0.927225E+07   0.927063E+07   0.459635E+03
   0.122209E-02   0.100023E+08   0.999973E+07   0.108864E+07   0.979718E+06   0.998770E+07   0.100015E+08   0.100019E+08   0.100021E+08  -0.576872E+00   0.925444E+07   0.925274E+07   0.436427E+03
   0.134936E-02   0.998030E+07   0.997754E+07   0.943628E+06   0.875359E+06   0.996243E+07   0.997934E+07   0.997986E+07   0.997990E+07  -0.575570E+00   0.923379E+07   0.923204E+07   0.407211E+03
   0.148988E-02   0.995486E+07   0.995197E+07   0.829703E+06   0.793099E+06   0.993304E+07   0.995376E+07   0.995440E+07   0.995426E+07  -0.574076E+00   0.920996E+07   0.920818E+07   0.373964E+03
   0.164504E-02   0.992555E+07   0.992258E+07   0.687568E+06   0.670603E+06   0.989897E+07   0.992429E+07   0.992507E+07   0.992471E+07  -0.572362E+00   0.918256E+07   0.918078E+07   0.338852E+03
   0.181636E-02   0.989189E+07   0.988887E+07   0.516714E+06   0.509106E+06   0.985960E+07   0.989046E+07   0.989141E+07   0.989077E+07  -0.570398E+00   0.915114E+07   0.914939E+07   0.303819E+03
   0.200552E-02   0.985334E+07   0.985031E+07   0.373869E+06   0.369430E+06   0.981418E+07   0.985170E+07   0.985286E+07   0.985193E+07  -0.568152E+00   0.911521E+07   0.911348E+07   0.270427E+03
   0.221438E-02   0.980931E+07   0.980626E+07   0.307013E+06   0.301725E+06   0.976192E+07   0.980742E+07   0.980882E+07   0.980761E+07  -0.565588E+00   0.907419E+07   0.907249E+07   0.239994E+03
   0.244500E-02   0.975916E+07   0.975606E+07   0.285008E+06   0.241515E+06   0.970194E+07   0.975696E+07   0.975866E+07   0.975713E+07  -0.562671E+00   0.902747E+07   0.902580E+07   0.213667E+03
   0.269962E-02   0.970218E+07   0.969897E+07   0.237073E+06   0.196947E+06   0.963327E+07   0.969962E+07   0.970167E+07   0.969976E+07  -0.559359E+00   0.897440E+07   0.897274E+07   0.191949E+03
   0.298077E-02   0.963762E+07   0.963425E+07   0.171388E+06   0.160469E+06   0.955486E+07   0.963462E+07   0.963708E+07   0.963472E+07  -0.555606E+00   0.891427E+07   0.891262E+07   0.174085E+03
   0.329119E-02   0.956468E+07   0.956108E+07   0.143908E+06   0.130624E+06   0.946560E+07   0.956116E+07   0.956410E+07   0.956124E+07  -0.551366E+00   0.884634E+07   0.884468E+07   0.158473E+03
   0.363395E-02   0.948250E+07   0.947864E+07   0.121627E+06   0.106217E+06   0.936435E+07   0.947837E+07   0.948189E+07   0.947844E+07  -0.546589E+00   0.876980E+07   0.876814E+07   0.143853E+03
   0.401240E-02   0.939021E+07   0.938606E+07   0.893887E+05   0.862699E+05   0.924990E+07   0.938537E+07   0.938955E+07   0.938543E+07  -0.541224E+00   0.868384E+07   0.868218E+07   0.129705E+03
   0.443026E-02   0.928688E+07   0.928240E+07   0.841490E+05   0.699768E+05   0.912109E+07   0.928122E+07   0.928616E+07   0.928127E+07  -0.535216E+00   0.858759E+07   0.858595E+07   0.116314E+03
   0.489163E-02   0.917155E+07   0.916667E+07   0.607522E+05   0.566783E+05   0.897676E+07   0.916497E+07   0.917077E+07   0.916500E+07  -0.528510E+00   0.848016E+07   0.847854E+07   0.104506E+03
   0.540106E-02   0.904329E+07   0.903790E+07   0.504914E+05   0.458329E+05   0.881587E+07   0.903565E+07   0.904243E+07   0.903568E+07  -0.521051E+00   0.836068E+07   0.835906E+07   0.943227E+02
   0.596354E-02   0.890117E+07   0.889516E+07   0.376579E+05   0.369965E+05   0.863750E+07   0.889236E+07   0.890022E+07   0.889238E+07  -0.512787E+00   0.822829E+07   0.822667E+07   0.851783E+02
   0.658460E-02   0.874432E+07   0.873758E+07   0.314418E+05   0.298049E+05   0.844090E+07   0.873420E+07   0.874324E+07   0.873422E+07  -0.503666E+00   0.808218E+07   0.808057E+07   0.766299E+02
   0.727033E-02   0.857190E+07   0.856431E+07   0.257885E+05   0.239592E+05   0.822550E+07   0.856037E+07   0.857070E+07   0.856038E+07  -0.493641E+00   0.792160E+07   0.792000E+07   0.689517E+02
   0.802749E-02   0.838321E+07   0.837458E+07   0.206441E+05   0.192142E+05   0.799089E+07   0.837014E+07   0.838184E+07   0.837016E+07  -0.482671E+00   0.774588E+07   0.774428E+07   0.622295E+02
   0.886349E-02   0.817762E+07   0.816775E+07   0.151257E+05   0.153686E+05   0.773680E+07   0.816291E+07   0.817605E+07   0.816292E+07  -0.470720E+00   0.755445E+07   0.755287E+07   0.561412E+02
   0.978655E-02   0.795462E+07   0.794330E+07   0.121851E+05   0.122576E+05   0.746310E+07   0.793817E+07   0.795282E+07   0.793818E+07  -0.457760E+00   0.734686E+07   0.734528E+07   0.506812E+02
   0.108057E-01   0.771383E+07   0.770079E+07   0.107975E+05   0.974554E+04   0.716981E+07   0.769554E+07   0.771176E+07   0.769555E+07  -0.443768E+00   0.712276E+07   0.712118E+07   0.458553E+02
   0.119311E-01   0.745497E+07   0.743994E+07   0.762130E+04   0.772160E+04   0.685723E+07   0.743476E+07   0.745258E+07   0.743477E+07  -0.428730E+00   0.688189E+07   0.688031E+07   0.415369E+02
   0.131736E-01   0.717793E+07   0.716059E+07   0.720826E+04   0.609477E+04   0.652625E+07   0.715576E+07   0.717517E+07   0.715576E+07  -0.412641E+00   0.662418E+07   0.662260E+07   0.377145E+02
   0.145456E-01   0.688278E+07   0.686280E+07   0.475561E+04   0.479057E+04   0.617808E+07   0.685861E+07   0.687960E+07   0.685861E+07  -0.395506E+00   0.634970E+07   0.634811E+07   0.343114E+02
   0.160604E-01   0.656981E+07   0.654685E+07   0.454683E+04   0.374807E+04   0.581415E+07   0.654366E+07   0.656616E+07   0.654366E+07  -0.377343E+00   0.605876E+07   0.605716E+07   0.312804E+02
   0.177329E-01   0.623957E+07   0.621332E+07   0.325315E+04   0.291744E+04   0.543572E+07   0.621146E+07   0.623539E+07   0.621147E+07  -0.358187E+00   0.575188E+07   0.575027E+07   0.285658E+02
   0.195797E-01   0.589294E+07   0.586314E+07   0.234964E+04   0.225802E+04   0.504430E+07   0.586294E+07   0.588820E+07   0.586295E+07  -0.338090E+00   0.542989E+07   0.542826E+07   0.261065E+02
   0.216188E-01   0.553283E+07   0.549931E+07   0.194202E+04   0.173713E+04   0.463910E+07   0.550092E+07   0.552750E+07   0.550092E+07  -0.317213E+00   0.509539E+07   0.509375E+07   0.238472E+02
   0.238702E-01   0.515884E+07   0.512160E+07   0.151205E+04   0.132705E+04   0.423139E+07   0.512534E+07   0.515292E+07   0.512534E+07  -0.295555E+00   0.474830E+07   0.474665E+07   0.217218E+02
   0.263561E-01   0.477646E+07   0.473573E+07   0.988481E+03   0.100658E+04   0.382456E+07   0.474169E+07   0.476998E+07   0.474169E+07  -0.273432E+00   0.439369E+07   0.439204E+07   0.196737E+02
   0.291009E-01   0.439067E+07   0.434702E+07   0.762956E+03   0.757941E+03   0.342403E+07   0.435501E+07   0.438373E+07   0.435501E+07  -0.251134E+00   0.403622E+07   0.403458E+07   0.176467E+02
   0.321315E-01   0.400987E+07   0.396424E+07   0.598963E+03   0.566962E+03   0.303754E+07   0.397373E+07   0.400261E+07   0.397373E+07  -0.229147E+00   0.368367E+07   0.368207E+07   0.156037E+02
   0.354778E-01   0.364253E+07   0.359631E+07   0.446881E+03   0.421811E+03   0.267289E+07   0.360638E+07   0.363518E+07   0.360638E+07  -0.207964E+00   0.334394E+07   0.334241E+07   0.135170E+02
   0.391725E-01   0.329792E+07   0.325292E+07   0.358315E+03   0.312778E+03   0.233793E+07   0.326225E+07   0.329076E+07   0.326225E+07  -0.188119E+00   0.302564E+07   0.302422E+07   0.113882E+02
   0.432520E-01   0.298552E+07   0.294379E+07   0.257979E+03   0.231901E+03   0.203859E+07   0.295075E+07   0.297888E+07   0.295075E+07  -0.170156E+00   0.273748E+07   0.273621E+07   0.925650E+01
   0.475772E-01   0.272048E+07   0.268378E+07   0.179779E+03   0.174393E+03   0.178644E+07   0.268687E+07   0.271464E+07   0.268687E+07  -0.154939E+00   0.249337E+07   0.249227E+07   0.727685E+01
   0.519024E-01   0.251269E+07   0.248182E+07   0.139359E+03   0.135180E+03   0.158808E+07   0.248026E+07   0.250778E+07   0.248026E+07  -0.143025E+00   0.230226E+07   0.230133E+07   0.562121E+01
   0.562276E-01   0.234440E+07   0.231934E+07   0.110672E+03   0.107350E+03   0.142710E+07   0.231309E+07   0.234042E+07   0.231309E+07  -0.133385E+00   0.214764E+07   0.214687E+07   0.430509E+01
   0.605528E-01   0.220203E+07   0.218203E+07   0.895408E+02   0.868508E+02   0.129185E+07   0.217171E+07   0.219885E+07   0.217171E+07  -0.125233E+00   0.201688E+07   0.201624E+07   0.332244E+01
   0.648780E-01   0.207583E+07   0.205967E+07   0.734555E+02   0.712468E+02   0.117441E+07   0.204636E+07   0.207326E+07   0.204636E+07  -0.118004E+00   0.190093E+07   0.190038E+07   0.264369E+01
   0.692032E-01   0.195733E+07   0.194357E+07   0.608114E+02   0.589814E+02   0.106847E+07   0.192861E+07   0.195514E+07   0.192861E+07  -0.111214E+00   0.179197E+07   0.179148E+07   0.221835E+01
   0.735284E-01   0.184086E+07   0.182812E+07   0.506065E+02   0.490824E+02   0.970124E+06   0.181284E+07   0.183884E+07   0.181284E+07  -0.104538E+00   0.168479E+07   0.168432E+07   0.198419E+01
   0.778536E-01   0.172464E+07   0.171178E+07   0.422406E+02   0.409676E+02   0.877878E+06   0.169732E+07   0.172259E+07   0.169732E+07  -0.978766E-01   0.157777E+07   0.157731E+07   0.187659E+01
   0.821788E-01   0.161012E+07   0.159640E+07   0.353513E+02   0.342852E+02   0.792043E+06   0.158353E+07   0.160794E+07   0.158353E+07  -0.913147E-01   0.147231E+07   0.147183E+07   0.183610E+01
   0.865040E-01   0.150043E+07   0.148556E+07   0.296950E+02   0.287989E+02   0.713673E+06   0.147460E+07   0.149807E+07   0.147460E+07  -0.850332E-01   0.137132E+07   0.137082E+07   0.181401E+01
   0.908292E-01   0.139862E+07   0.138271E+07   0.250770E+02   0.243197E+02   0.643595E+06   0.137357E+07   0.139609E+07   0.137357E+07  -0.792078E-01   0.127763E+07   0.127711E+07   0.177568E+01
   0.961876E-01   0.128684E+07   0.127028E+07   0.205460E+02   0.199250E+02   0.568847E+06   0.126281E+07   0.128421E+07   0.126281E+07  -0.728202E-01   0.117487E+07   0.117436E+07   0.167791E+01
   0.101546E+00   0.119360E+07   0.117736E+07   0.170791E+02   0.165626E+02   0.507328E+06   0.117056E+07   0.119102E+07   0.117056E+07  -0.675009E-01   0.108929E+07   0.108880E+07   0.151919E+01
   0.106904E+00   0.111951E+07   0.110454E+07   0.144397E+02   0.140027E+02   0.457962E+06   0.109741E+07   0.111713E+07   0.109741E+07  -0.632824E-01   0.102142E+07   0.102098E+07   0.131666E+01
   0.112263E+00   0.106191E+07   0.104886E+07   0.124111E+02   0.120352E+02   0.418452E+06   0.104064E+07   0.105983E+07   0.104064E+07  -0.600090E-01   0.968777E+06   0.968384E+06   0.109966E+01
   0.117621E+00   0.101544E+07   0.100453E+07   0.108046E+02   0.104771E+02   0.385764E+06   0.994919E+06   0.101371E+07   0.994919E+06  -0.573724E-01   0.926381E+06   0.926044E+06   0.898341E+00
   0.122980E+00   0.974242E+06   0.965247E+06   0.947694E+01   0.918954E+01   0.357060E+06   0.954387E+06   0.972811E+06   0.954387E+06  -0.550351E-01   0.888796E+06   0.888508E+06   0.735472E+00
   0.128338E+00   0.933745E+06   0.926134E+06   0.833518E+01   0.808226E+01   0.330350E+06   0.914516E+06   0.932535E+06   0.914516E+06  -0.527360E-01   0.851808E+06   0.851554E+06   0.622144E+00
   0.133696E+00   0.891417E+06   0.884513E+06   0.732715E+01   0.710469E+01   0.304604E+06   0.872793E+06   0.890318E+06   0.872793E+06  -0.503300E-01   0.813079E+06   0.812841E+06   0.557260E+00
   0.139055E+00   0.846706E+06   0.839880E+06   0.642856E+01   0.623328E+01   0.279589E+06   0.828684E+06   0.845620E+06   0.828684E+06  -0.477864E-01   0.772110E+06   0.771875E+06   0.530161E+00
   0.144413E+00   0.800610E+06   0.793428E+06   0.563106E+01   0.545992E+01   0.255602E+06   0.783194E+06   0.799467E+06   0.783194E+06  -0.451632E-01   0.729838E+06   0.729597E+06   0.525073E+00
   0.149771E+00   0.755027E+06   0.747320E+06   0.493295E+01   0.478296E+01   0.233180E+06   0.738223E+06   0.753801E+06   0.738223E+06  -0.425700E-01   0.688034E+06   0.687783E+06   0.525891E+00
   0.155130E+00   0.712214E+06   0.704071E+06   0.433368E+01   0.420184E+01   0.212898E+06   0.696017E+06   0.710918E+06   0.696017E+06  -0.401361E-01   0.648789E+06   0.648532E+06   0.520044E+00
   0.160488E+00   0.674271E+06   0.665970E+06   0.383052E+01   0.371394E+01   0.195204E+06   0.658655E+06   0.672950E+06   0.658655E+06  -0.379816E-01   0.614045E+06   0.613789E+06   0.500648E+00
   0.165847E+00   0.642431E+06   0.634328E+06   0.341546E+01   0.331147E+01   0.180237E+06   0.627351E+06   0.641142E+06   0.627351E+06  -0.361764E-01   0.584935E+06   0.584688E+06   0.466738E+00
   0.171205E+00   0.616518E+06   0.608939E+06   0.307421E+01   0.298057E+01   0.167723E+06   0.601920E+06   0.615312E+06   0.601920E+06  -0.347100E-01   0.561290E+06   0.561060E+06   0.422005E+00
   0.176563E+00   0.595191E+06   0.588349E+06   0.278936E+01   0.270437E+01   0.157101E+06   0.581027E+06   0.594103E+06   0.581027E+06  -0.335052E-01   0.541868E+06   0.541659E+06   0.372776E+00
   0.181922E+00   0.576721E+06   0.570673E+06   0.254508E+01   0.246749E+01   0.147771E+06   0.562953E+06   0.575759E+06   0.562953E+06  -0.324629E-01   0.525069E+06   0.524880E+06   0.325855E+00
   0.187280E+00   0.559504E+06   0.554160E+06   0.232907E+01   0.225804E+01   0.139226E+06   0.546104E+06   0.558654E+06   0.546104E+06  -0.314913E-01   0.509406E+06   0.509235E+06   0.286673E+00
   0.192639E+00   0.542175E+06   0.537340E+06   0.213236E+01   0.206731E+01   0.131077E+06   0.529128E+06   0.541406E+06   0.529128E+06  -0.305124E-01   0.493620E+06   0.493462E+06   0.258119E+00
   0.197997E+00   0.523801E+06   0.519236E+06   0.194929E+01   0.188980E+01   0.123079E+06   0.511106E+06   0.523075E+06   0.511106E+06  -0.294731E-01   0.476854E+06   0.476702E+06   0.240299E+00
   0.203355E+00   0.504202E+06   0.499690E+06   0.177794E+01   0.172367E+01   0.115188E+06   0.491866E+06   0.503484E+06   0.491866E+06  -0.283637E-01   0.458947E+06   0.458798E+06   0.231075E+00
   0.208714E+00   0.483953E+06   0.479344E+06   0.161921E+01   0.156976E+01   0.107534E+06   0.471978E+06   0.483220E+06   0.471978E+06  -0.272168E-01   0.440432E+06   0.440281E+06   0.227027E+00
   0.214072E+00   0.463962E+06   0.459201E+06   0.147481E+01   0.142977E+01   0.100306E+06   0.452346E+06   0.463205E+06   0.452346E+06  -0.260847E-01   0.422150E+06   0.421997E+06   0.224498E+00
   0.219430E+00   0.445076E+06   0.440195E+06   0.134585E+01   0.130473E+01   0.936591E+05   0.433808E+06   0.444299E+06   0.433808E+06  -0.250157E-01   0.404884E+06   0.404730E+06   0.220479E+00
   0.224789E+00   0.427927E+06   0.423024E+06   0.123249E+01   0.119482E+01   0.876871E+05   0.416990E+06   0.427147E+06   0.416990E+06  -0.240459E-01   0.389220E+06   0.389067E+06   0.213196E+00
   0.230147E+00   0.412878E+06   0.408078E+06   0.113399E+01   0.109932E+01   0.824177E+05   0.402249E+06   0.412114E+06   0.402249E+06  -0.231959E-01   0.375491E+06   0.375342E+06   0.202276E+00
   0.235506E+00   0.399931E+06   0.395350E+06   0.104869E+01   0.101662E+01   0.778027E+05   0.389586E+06   0.399202E+06   0.389586E+06  -0.224656E-01   0.363697E+06   0.363555E+06   0.188531E+00
   0.240864E+00   0.388723E+06   0.384436E+06   0.974202E+00   0.944405E+00   0.737275E+05   0.378636E+06   0.388041E+06   0.378636E+06  -0.218342E-01   0.353500E+06   0.353367E+06   0.173489E+00
   0.246222E+00   0.378665E+06   0.374696E+06   0.907940E+00   0.880163E+00   0.700452E+05   0.368819E+06   0.378034E+06   0.368819E+06  -0.212681E-01   0.344357E+06   0.344233E+06   0.158859E+00
   0.251581E+00   0.369133E+06   0.365454E+06   0.847599E+00   0.821662E+00   0.666165E+05   0.359514E+06   0.368548E+06   0.359514E+06  -0.207315E-01   0.335692E+06   0.335574E+06   0.146067E+00
   0.256939E+00   0.359603E+06   0.356147E+06   0.791452E+00   0.767227E+00   0.633323E+05   0.350205E+06   0.359054E+06   0.350205E+06  -0.201947E-01   0.327021E+06   0.326909E+06   0.135956E+00
   0.262297E+00   0.349764E+06   0.346448E+06   0.738474E+00   0.715866E+00   0.601313E+05   0.340586E+06   0.349237E+06   0.340586E+06  -0.196401E-01   0.318059E+06   0.317951E+06   0.128679E+00
   0.267656E+00   0.339573E+06   0.336318E+06   0.688336E+00   0.667259E+00   0.570029E+05   0.330615E+06   0.339055E+06   0.330615E+06  -0.190651E-01   0.308766E+06   0.308661E+06   0.123797E+00
   0.273014E+00   0.329207E+06   0.325958E+06   0.641186E+00   0.621548E+00   0.539746E+05   0.320470E+06   0.328690E+06   0.320470E+06  -0.184800E-01   0.299310E+06   0.299205E+06   0.120486E+00
   0.278373E+00   0.318951E+06   0.315684E+06   0.597336E+00   0.579038E+00   0.510882E+05   0.310432E+06   0.318432E+06   0.310432E+06  -0.179012E-01   0.289952E+06   0.289847E+06   0.117801E+00
   0.283731E+00   0.309099E+06   0.305820E+06   0.557054E+00   0.539987E+00   0.483830E+05   0.300792E+06   0.308577E+06   0.300792E+06  -0.173453E-01   0.280963E+06   0.280859E+06   0.114920E+00
   0.289089E+00   0.299900E+06   0.296639E+06   0.520478E+00   0.504529E+00   0.458878E+05   0.291797E+06   0.299381E+06   0.291797E+06  -0.168266E-01   0.272576E+06   0.272473E+06   0.111315E+00
   0.294448E+00   0.291515E+06   0.288312E+06   0.487558E+00   0.472614E+00   0.436149E+05   0.283603E+06   0.291005E+06   0.283603E+06  -0.163541E-01   0.264936E+06   0.264835E+06   0.106814E+00
   0.299806E+00   0.283960E+06   0.280857E+06   0.458000E+00   0.443960E+00   0.415537E+05   0.276228E+06   0.283466E+06   0.276228E+06  -0.159288E-01   0.258059E+06   0.257962E+06   0.101567E+00
   0.305165E+00   0.277111E+06   0.274136E+06   0.431317E+00   0.418093E+00   0.396741E+05   0.269548E+06   0.276638E+06   0.269548E+06  -0.155436E-01   0.251830E+06   0.251737E+06   0.959361E-01
   0.310523E+00   0.270766E+06   0.267928E+06   0.406953E+00   0.394474E+00   0.379367E+05   0.263361E+06   0.270314E+06   0.263361E+06  -0.151868E-01   0.246061E+06   0.245972E+06   0.903684E-01
   0.315881E+00   0.264713E+06   0.262007E+06   0.384411E+00   0.372622E+00   0.363046E+05   0.257461E+06   0.264282E+06   0.257461E+06  -0.148466E-01   0.240559E+06   0.240473E+06   0.852678E-01
   0.321240E+00   0.258776E+06   0.256181E+06   0.363299E+00   0.352155E+00   0.347481E+05   0.251672E+06   0.258363E+06   0.251672E+06  -0.145128E-01   0.235161E+06   0.235078E+06   0.809013E-01
   0.326598E+00   0.252832E+06   0.250319E+06   0.343342E+00   0.332809E+00   0.332471E+05   0.245874E+06   0.252432E+06   0.245874E+06  -0.141784E-01   0.229753E+06   0.229673E+06   0.773553E-01
   0.331956E+00   0.246830E+06   0.244370E+06   0.324396E+00   0.314443E+00   0.317925E+05   0.240016E+06   0.246439E+06   0.240016E+06  -0.138406E-01   0.224289E+06   0.224210E+06   0.745479E-01
   0.337315E+00   0.240804E+06   0.238376E+06   0.306440E+00   0.297037E+00   0.303869E+05   0.234133E+06   0.240418E+06   0.234133E+06  -0.135014E-01   0.218800E+06   0.218722E+06   0.722792E-01
   0.342673E+00   0.234850E+06   0.232442E+06   0.289532E+00   0.280645E+00   0.290404E+05   0.228320E+06   0.234467E+06   0.228320E+06  -0.131662E-01   0.213376E+06   0.213300E+06   0.702993E-01
   0.348032E+00   0.229082E+06   0.226693E+06   0.273736E+00   0.265334E+00   0.277641E+05   0.222689E+06   0.228702E+06   0.222689E+06  -0.128415E-01   0.208122E+06   0.208046E+06   0.683726E-01
   0.353390E+00   0.223587E+06   0.221224E+06   0.259081E+00   0.251127E+00   0.265653E+05   0.217327E+06   0.223211E+06   0.217327E+06  -0.125322E-01   0.203118E+06   0.203043E+06   0.663285E-01
   0.358748E+00   0.218415E+06   0.216092E+06   0.245542E+00   0.238004E+00   0.254461E+05   0.212283E+06   0.218045E+06   0.212283E+06  -0.122414E-01   0.198411E+06   0.198337E+06   0.640881E-01
   0.364107E+00   0.213579E+06   0.211308E+06   0.233055E+00   0.225899E+00   0.244039E+05   0.207568E+06   0.213218E+06   0.207568E+06  -0.119695E-01   0.194011E+06   0.193940E+06   0.616646E-01
   0.369465E+00   0.209055E+06   0.206847E+06   0.221519E+00   0.214716E+00   0.234323E+05   0.203160E+06   0.208704E+06   0.203160E+06  -0.117153E-01   0.189897E+06   0.189828E+06   0.591405E-01
   0.374823E+00   0.204786E+06   0.202646E+06   0.210809E+00   0.204334E+00   0.225213E+05   0.199002E+06   0.204445E+06   0.199002E+06  -0.114755E-01   0.186017E+06   0.185949E+06   0.566320E-01
   0.380182E+00   0.200695E+06   0.198621E+06   0.200791E+00   0.194623E+00   0.216598E+05   0.195018E+06   0.200365E+06   0.195018E+06  -0.112458E-01   0.182299E+06   0.182233E+06   0.542530E-01
   0.385540E+00   0.196711E+06   0.194698E+06   0.191349E+00   0.185470E+00   0.208376E+05   0.191138E+06   0.196391E+06   0.191138E+06  -0.110220E-01   0.178677E+06   0.178613E+06   0.520884E-01
   0.390899E+00   0.192786E+06   0.190823E+06   0.182402E+00   0.176798E+00   0.200480E+05   0.187314E+06   0.192473E+06   0.187314E+06  -0.108016E-01   0.175108E+06   0.175045E+06   0.501782E-01
   0.396257E+00   0.188898E+06   0.186977E+06   0.173900E+00   0.168557E+00   0.192875E+05   0.183527E+06   0.188593E+06   0.183527E+06  -0.105832E-01   0.171572E+06   0.171511E+06   0.485150E-01
   0.401615E+00   0.185050E+06   0.183160E+06   0.165820E+00   0.160724E+00   0.185551E+05   0.179776E+06   0.184749E+06   0.179776E+06  -0.103669E-01   0.168071E+06   0.168011E+06   0.470528E-01
   0.406974E+00   0.181258E+06   0.179395E+06   0.158152E+00   0.153292E+00   0.178513E+05   0.176081E+06   0.180962E+06   0.176081E+06  -0.101538E-01   0.164621E+06   0.164562E+06   0.457245E-01
   0.412332E+00   0.177558E+06   0.175718E+06   0.150902E+00   0.146264E+00   0.171783E+05   0.172475E+06   0.177265E+06   0.172475E+06  -0.994584E-02   0.161254E+06   0.161196E+06   0.444613E-01
   0.417691E+00   0.173982E+06   0.172168E+06   0.144076E+00   0.139647E+00   0.165382E+05   0.168991E+06   0.173693E+06   0.168991E+06  -0.974494E-02   0.158001E+06   0.157944E+06   0.432080E-01
   0.423049E+00   0.170554E+06   0.168769E+06   0.137665E+00   0.133433E+00   0.159317E+05   0.165652E+06   0.170270E+06   0.165652E+06  -0.955240E-02   0.154884E+06   0.154827E+06   0.419323E-01
   0.428407E+00   0.167280E+06   0.165527E+06   0.131651E+00   0.127604E+00   0.153579E+05   0.162464E+06   0.167001E+06   0.162464E+06  -0.936855E-02   0.151906E+06   0.151851E+06   0.406268E-01
   0.433766E+00   0.164152E+06   0.162435E+06   0.126004E+00   0.122130E+00   0.148146E+05   0.159419E+06   0.163879E+06   0.159419E+06  -0.919295E-02   0.149063E+06   0.149008E+06   0.393056E-01
   0.439124E+00   0.161155E+06   0.159476E+06   0.120691E+00   0.116980E+00   0.142992E+05   0.156502E+06   0.160888E+06   0.156502E+06  -0.902473E-02   0.146339E+06   0.146285E+06   0.379970E-01
   0.444482E+00   0.158266E+06   0.156625E+06   0.115676E+00   0.112119E+00   0.138085E+05   0.153690E+06   0.158005E+06   0.153690E+06  -0.886262E-02   0.143713E+06   0.143661E+06   0.367328E-01
   0.449841E+00   0.155461E+06   0.153857E+06   0.110925E+00   0.107513E+00   0.133394E+05   0.150961E+06   0.155206E+06   0.150961E+06  -0.870524E-02   0.141164E+06   0.141113E+06   0.355396E-01
   0.455199E+00   0.152719E+06   0.151147E+06   0.106408E+00   0.103135E+00   0.128891E+05   0.148293E+06   0.152469E+06   0.148293E+06  -0.855135E-02   0.138672E+06   0.138622E+06   0.344328E-01
   0.460558E+00   0.150026E+06   0.148484E+06   0.102103E+00   0.989629E-01   0.124559E+05   0.145672E+06   0.149780E+06   0.145672E+06  -0.840021E-02   0.136224E+06   0.136175E+06   0.334149E-01
   0.465916E+00   0.147378E+06   0.145862E+06   0.979982E-01   0.949837E-01   0.120386E+05   0.143094E+06   0.147137E+06   0.143094E+06  -0.825159E-02   0.133817E+06   0.133769E+06   0.324769E-01
   0.471274E+00   0.144779E+06   0.143287E+06   0.940847E-01   0.911903E-01   0.116372E+05   0.140565E+06   0.144542E+06   0.140565E+06  -0.810575E-02   0.131454E+06   0.131407E+06   0.316020E-01
   0.476633E+00   0.142239E+06   0.140768E+06   0.903586E-01   0.875786E-01   0.112516E+05   0.138092E+06   0.142005E+06   0.138092E+06  -0.796316E-02   0.129145E+06   0.129098E+06   0.307706E-01
   0.481991E+00   0.139765E+06   0.138316E+06   0.868159E-01   0.841448E-01   0.108820E+05   0.135685E+06   0.139534E+06   0.135685E+06  -0.782433E-02   0.126896E+06   0.126850E+06   0.299644E-01
   0.487350E+00   0.137365E+06   0.135937E+06   0.834515E-01   0.808837E-01   0.105282E+05   0.133349E+06   0.137137E+06   0.133349E+06  -0.768963E-02   0.124714E+06   0.124668E+06   0.291706E-01
   0.492708E+00   0.135041E+06   0.133637E+06   0.802586E-01   0.777889E-01   0.101900E+05   0.131089E+06   0.134818E+06   0.131089E+06  -0.755930E-02   0.122602E+06   0.122558E+06   0.283834E-01
   0.498066E+00   0.132797E+06   0.131416E+06   0.772294E-01   0.748527E-01   0.986682E+04   0.128906E+06   0.132577E+06   0.128906E+06  -0.743339E-02   0.120562E+06   0.120519E+06   0.276037E-01
   0.503425E+00   0.130627E+06   0.129270E+06   0.743530E-01   0.720647E-01   0.955783E+04   0.126795E+06   0.130411E+06   0.126795E+06  -0.731167E-02   0.118590E+06   0.118547E+06   0.268372E-01
   0.508783E+00   0.128522E+06   0.127189E+06   0.716166E-01   0.694124E-01   0.926178E+04   0.124747E+06   0.128310E+06   0.124747E+06  -0.719361E-02   0.116678E+06   0.116635E+06   0.260915E-01
   0.514141E+00   0.126472E+06   0.125163E+06   0.690083E-01   0.668843E-01   0.897755E+04   0.122755E+06   0.126264E+06   0.122755E+06  -0.707870E-02   0.114816E+06   0.114774E+06   0.253742E-01
   0.519500E+00   0.124472E+06   0.123186E+06   0.665185E-01   0.644710E-01   0.870423E+04   0.120810E+06   0.124268E+06   0.120810E+06  -0.696655E-02   0.112999E+06   0.112958E+06   0.246908E-01
   0.524858E+00   0.122517E+06   0.121252E+06   0.641389E-01   0.621645E-01   0.844110E+04   0.118908E+06   0.122316E+06   0.118908E+06  -0.685690E-02   0.111222E+06   0.111182E+06   0.240435E-01
   0.530217E+00   0.120601E+06   0.119356E+06   0.618620E-01   0.599576E-01   0.818746E+04   0.117045E+06   0.120403E+06   0.117045E+06  -0.674948E-02   0.109481E+06   0.109442E+06   0.234309E-01
   0.535575E+00   0.118723E+06   0.117496E+06   0.596817E-01   0.578443E-01   0.794282E+04   0.115219E+06   0.118528E+06   0.115219E+06  -0.664413E-02   0.107774E+06   0.107735E+06   0.228488E-01
   0.540933E+00   0.116882E+06   0.115674E+06   0.575943E-01   0.558211E-01   0.770693E+04   0.113429E+06   0.116690E+06   0.113429E+06  -0.654094E-02   0.106102E+06   0.106063E+06   0.222915E-01
   0.546292E+00   0.115084E+06   0.113893E+06   0.555974E-01   0.538855E-01   0.747975E+04   0.111680E+06   0.114895E+06   0.111680E+06  -0.644010E-02   0.104468E+06   0.104430E+06   0.217537E-01
   0.551650E+00   0.113331E+06   0.112156E+06   0.536883E-01   0.520351E-01   0.726115E+04   0.109976E+06   0.113144E+06   0.109976E+06  -0.634179E-02   0.102875E+06   0.102837E+06   0.212307E-01
   0.557009E+00   0.111622E+06   0.110465E+06   0.518631E-01   0.502661E-01   0.705086E+04   0.108315E+06   0.111438E+06   0.108315E+06  -0.624602E-02   0.101322E+06   0.101286E+06   0.207195E-01
   0.562367E+00   0.109958E+06   0.108817E+06   0.501177E-01   0.485744E-01   0.684850E+04   0.106697E+06   0.109777E+06   0.106697E+06  -0.615271E-02   0.998103E+05   0.997741E+05   0.202189E-01
   0.567725E+00   0.108337E+06   0.107213E+06   0.484481E-01   0.469561E-01   0.665378E+04   0.105121E+06   0.108158E+06   0.105121E+06  -0.606184E-02   0.983375E+05   0.983018E+05   0.197292E-01
   0.573084E+00   0.106758E+06   0.105651E+06   0.468506E-01   0.454077E-01   0.646635E+04   0.103586E+06   0.106582E+06   0.103586E+06  -0.597333E-02   0.969030E+05   0.968679E+05   0.192524E-01
   0.578442E+00   0.105218E+06   0.104128E+06   0.453208E-01   0.439250E-01   0.628582E+04   0.102090E+06   0.105045E+06   0.102090E+06  -0.588704E-02   0.955044E+05   0.954698E+05   0.187902E-01
   0.629704E+00   0.920467E+05   0.910932E+05   0.334383E-01   0.324080E-01   0.484242E+04   0.892903E+05   0.918950E+05   0.892903E+05  -0.514896E-02   0.835404E+05   0.835100E+05   0.151165E-01
   0.769122E+00   0.669309E+05   0.662380E+05   0.162822E-01   0.157802E-01   0.258629E+04   0.648987E+05   0.668207E+05   0.648987E+05  -0.374241E-02   0.607334E+05   0.607113E+05   0.901762E-02
   0.939408E+00   0.484316E+05   0.479303E+05   0.789166E-02   0.764817E-02   0.135811E+04   0.469457E+05   0.483519E+05   0.469457E+05  -0.270715E-02   0.439404E+05   0.439244E+05   0.536342E-02
   0.114740E+01   0.348950E+05   0.345338E+05   0.380922E-02   0.369164E-02   0.702099E+03   0.338161E+05   0.348375E+05   0.338161E+05  -0.195002E-02   0.316555E+05   0.316439E+05   0.318314E-02
   0.140143E+01   0.250389E+05   0.247797E+05   0.183142E-02   0.177487E-02   0.357639E+03   0.242604E+05   0.249977E+05   0.242604E+05  -0.139899E-02   0.227126E+05   0.227042E+05   0.188721E-02
   0.171171E+01   0.179023E+05   0.177170E+05   0.877465E-03   0.850363E-03   0.179724E+03   0.173434E+05   0.178728E+05   0.173434E+05  -0.100012E-02   0.162381E+05   0.162320E+05   0.111988E-02
   0.209069E+01   0.127575E+05   0.126253E+05   0.419054E-03   0.406108E-03   0.892008E+02   0.123580E+05   0.127365E+05   0.123580E+05  -0.712631E-03   0.115710E+05   0.115666E+05   0.666649E-03
   0.255358E+01   0.906317E+04   0.896922E+04   0.199525E-03   0.193360E-03   0.437790E+02   0.877880E+04   0.904822E+04   0.877880E+04  -0.506233E-03   0.822006E+04   0.821681E+04   0.399300E-03
   0.311895E+01   0.642045E+04   0.635382E+04   0.947357E-04   0.918085E-04   0.212767E+02   0.621870E+04   0.640985E+04   0.621870E+04  -0.358604E-03   0.582306E+04   0.582066E+04   0.241605E-03
   0.380949E+01   0.453674E+04   0.448958E+04   0.448680E-04   0.434817E-04   0.102546E+02   0.439402E+04   0.452924E+04   0.439402E+04  -0.253383E-03   0.411455E+04   0.411275E+04   0.148425E-03
   0.465292E+01   0.319795E+04   0.316462E+04   0.211992E-04   0.205441E-04   0.490769E+01   0.309727E+04   0.319265E+04   0.309727E+04  -0.178605E-03   0.290032E+04   0.289894E+04   0.931127E-04
   0.568309E+01   0.224934E+04   0.222580E+04   0.999450E-05   0.968568E-05   0.233525E+01   0.217847E+04   0.224559E+04   0.217847E+04  -0.125622E-03   0.203997E+04   0.203888E+04   0.600263E-04
   0.694134E+01   0.157886E+04   0.156224E+04   0.470230E-05   0.455701E-05   0.110593E+01   0.152909E+04   0.157622E+04   0.152909E+04  -0.881754E-04   0.143189E+04   0.143100E+04   0.399889E-04
   0.847817E+01   0.110614E+04   0.109440E+04   0.220819E-05   0.213997E-05   0.521724E+00   0.107125E+04   0.110427E+04   0.107125E+04  -0.617740E-04   0.100316E+04   0.100242E+04   0.276380E-04
   0.103553E+02   0.773595E+03   0.765276E+03   0.103512E-05   0.100315E-05   0.245347E+00   0.749172E+03   0.772272E+03   0.749172E+03  -0.432013E-04   0.701567E+03   0.700912E+03   0.198401E-04
   0.126479E+02   0.540132E+03   0.534212E+03   0.484420E-06   0.469459E-06   0.115071E+00   0.523060E+03   0.539190E+03   0.523060E+03  -0.301625E-04   0.489833E+03   0.489237E+03   0.147647E-04
   0.154482E+02   0.376547E+03   0.372305E+03   0.226344E-06   0.219355E-06   0.538497E-01   0.364627E+03   0.375872E+03   0.364627E+03  -0.210264E-04   0.341473E+03   0.340915E+03   0.113410E-04
   0.188685E+02   0.262126E+03   0.259053E+03   0.105599E-06   0.102340E-06   0.251510E-01   0.253810E+03   0.261638E+03   0.253810E+03  -0.146360E-04   0.237702E+03   0.237164E+03   0.893998E-05
   0.230461E+02   0.182225E+03   0.179964E+03   0.491948E-07   0.476777E-07   0.117268E-01   0.176424E+03   0.181865E+03   0.176424E+03  -0.101736E-04   0.165236E+03   0.164708E+03   0.718916E-05
   0.281485E+02   0.126514E+03   0.124815E+03   0.228851E-07   0.221802E-07   0.545906E-02   0.122466E+03   0.126244E+03   0.122466E+03  -0.706208E-05   0.114710E+03   0.114184E+03   0.586582E-05
   0.343807E+02   0.877252E+02   0.864142E+02   0.106306E-07   0.103036E-07   0.253757E-02   0.848981E+02   0.875166E+02   0.848981E+02  -0.489568E-05   0.795309E+02   0.790011E+02   0.483432E-05
   0.419926E+02   0.607543E+02   0.597090E+02   0.493057E-08   0.477929E-08   0.117785E-02   0.587752E+02   0.605880E+02   0.587752E+02  -0.338929E-05   0.550695E+02   0.545328E+02   0.401009E-05
   0.512900E+02   0.420239E+02   0.411596E+02   0.228303E-08   0.221322E-08   0.545909E-03   0.406331E+02   0.418864E+02   0.406331E+02  -0.234312E-05   0.380817E+02   0.375359E+02   0.333873E-05
   0.626457E+02   0.290314E+02   0.282893E+02   0.105510E-08   0.102301E-08   0.252630E-03   0.280482E+02   0.289133E+02   0.280482E+02  -0.161741E-05   0.262977E+02   0.257418E+02   0.278391E-05
   0.765156E+02   0.200288E+02   0.193686E+02   0.486481E-09   0.471803E-09   0.116703E-03   0.193276E+02   0.199238E+02   0.193276E+02  -0.111453E-05   0.181322E+02   0.175664E+02   0.232030E-05
   0.934564E+02   0.137972E+02   0.131915E+02   0.223647E-09   0.216979E-09   0.537999E-04   0.132909E+02   0.137008E+02   0.132909E+02  -0.766424E-06   0.124800E+02   0.119052E+02   0.192942E-05
   0.114148E+03   0.948778E+01   0.891882E+01   0.102421E-09   0.994209E-10   0.247380E-04   0.911609E+01   0.939727E+01   0.911609E+01  -0.525683E-06   0.857110E+01   0.798997E+01   0.159729E-05
