#          k/h    CDM            baryon         photon         nu             mass_nu        total          no_nu          total_de       Weyl           v_CDM          v_b            v_b-v_c     
   0.105171E-04   0.395290E+07   0.395290E+07   0.527005E+07   0.527003E+07   0.395324E+07   0.395291E+07   0.395290E+07   0.396134E+07  -0.599454E+00   0.393261E+07   0.393261E+07   0.105033E+02
   0.116124E-04   0.395290E+07   0.395290E+07   0.526994E+07   0.526992E+07   0.395324E+07   0.395291E+07   0.395290E+07   0.396134E+07  -0.599454E+00   0.393261E+07   0.393261E+07   0.115971E+02
   0.128218E-04   0.395290E+07   0.395290E+07   0.526981E+07   0.526979E+07   0.395324E+07   0.395291E+07   0.395290E+07   0.396134E+07  -0.599454E+00   0.393261E+07   0.393260E+07   0.128046E+02
   0.141570E-04   0.395290E+07   0.395290E+07   0.526965E+07   0.526962E+07   0.395324E+07   0.395291E+07   0.395290E+07   0.396134E+07  -0.599454E+00   0.393260E+07   0.393260E+07   0.141379E+02
   0.156314E-04   0.395290E+07   0.395290E+07   0.526945E+07   0.526942E+07   0.395324E+07   0.395291E+07   0.395290E+07   0.396134E+07  -0.599454E+00   0.393260E+07   0.393260E+07   0.156100E+02
   0.172593E-04   0.395289E+07   0.395289E+07   0.526922E+07   0.526918E+07   0.395324E+07   0.395290E+07   0.395289E+07   0.396134E+07  -0.599453E+00   0.393260E+07   0.393260E+07   0.172352E+02
   0.190567E-04   0.395289E+07   0.395289E+07   0.526893E+07   0.526888E+07   0.395324E+07   0.395290E+07   0.395289E+07   0.396134E+07  -0.599453E+00   0.393260E+07   0.393260E+07   0.190296E+02
   0.210413E-04   0.395289E+07   0.395289E+07   0.526857E+07   0.526851E+07   0.395323E+07   0.395290E+07   0.395289E+07   0.396133E+07  -0.599452E+00   0.393260E+07   0.393260E+07   0.210107E+02
   0.232326E-04   0.395289E+07   0.395289E+07   0.526814E+07   0.526807E+07   0.395323E+07   0.395290E+07   0.395289E+07   0.396133E+07  -0.599452E+00   0.393259E+07   0.393259E+07   0.231978E+02
   0.256521E-04   0.395288E+07   0.395288E+07   0.526762E+07   0.526753E+07   0.395322E+07   0.395289E+07   0.395288E+07   0.396132E+07  -0.599451E+00   0.393259E+07   0.393259E+07   0.256123E+02
   0.283236E-04   0.395288E+07   0.395288E+07   0.526698E+07   0.526687E+07   0.395322E+07   0.395289E+07   0.395288E+07   0.396132E+07  -0.599450E+00   0.393259E+07   0.393258E+07   0.282778E+02
   0.312733E-04   0.395287E+07   0.395287E+07   0.526620E+07   0.526607E+07   0.395321E+07   0.395288E+07   0.395287E+07   0.396131E+07  -0.599449E+00   0.393258E+07   0.393258E+07   0.312203E+02
   0.345301E-04   0.395287E+07   0.395287E+07   0.526525E+07   0.526509E+07   0.395320E+07   0.395288E+07   0.395287E+07   0.396130E+07  -0.599448E+00   0.393257E+07   0.393257E+07   0.344684E+02
   0.381262E-04   0.395286E+07   0.395286E+07   0.526409E+07   0.526390E+07   0.395319E+07   0.395287E+07   0.395286E+07   0.396129E+07  -0.599446E+00   0.393257E+07   0.393256E+07   0.380537E+02
   0.420968E-04   0.395285E+07   0.395285E+07   0.526268E+07   0.526244E+07   0.395318E+07   0.395286E+07   0.395285E+07   0.396128E+07  -0.599444E+00   0.393256E+07   0.393255E+07   0.420108E+02
   0.464808E-04   0.395284E+07   0.395284E+07   0.526096E+07   0.526067E+07   0.395317E+07   0.395285E+07   0.395284E+07   0.396127E+07  -0.599442E+00   0.393255E+07   0.393254E+07   0.463780E+02
   0.513214E-04   0.395282E+07   0.395282E+07   0.525886E+07   0.525851E+07   0.395315E+07   0.395283E+07   0.395282E+07   0.396125E+07  -0.599439E+00   0.393253E+07   0.393253E+07   0.511972E+02
   0.566662E-04   0.395281E+07   0.395280E+07   0.525631E+07   0.525587E+07   0.395313E+07   0.395282E+07   0.395281E+07   0.396123E+07  -0.599436E+00   0.393252E+07   0.393251E+07   0.565146E+02
   0.625675E-04   0.395279E+07   0.395278E+07   0.525320E+07   0.525267E+07   0.395310E+07   0.395280E+07   0.395279E+07   0.396120E+07  -0.599432E+00   0.393249E+07   0.393249E+07   0.623808E+02
   0.690835E-04   0.395276E+07   0.395276E+07   0.524940E+07   0.524876E+07   0.395307E+07   0.395277E+07   0.395276E+07   0.396117E+07  -0.599427E+00   0.393247E+07   0.393246E+07   0.688512E+02
   0.762780E-04   0.395273E+07   0.395272E+07   0.524478E+07   0.524400E+07   0.395303E+07   0.395274E+07   0.395273E+07   0.396113E+07  -0.599420E+00   0.393244E+07   0.393243E+07   0.759865E+02
   0.842218E-04   0.395269E+07   0.395269E+07   0.523915E+07   0.523820E+07   0.395298E+07   0.395270E+07   0.395269E+07   0.396108E+07  -0.599413E+00   0.393240E+07   0.393239E+07   0.838527E+02
   0.929929E-04   0.395264E+07   0.395264E+07   0.523230E+07   0.523114E+07   0.395293E+07   0.395265E+07   0.395264E+07   0.396103E+07  -0.599403E+00   0.393235E+07   0.393234E+07   0.925219E+02
   0.102677E-03   0.395259E+07   0.395258E+07   0.522396E+07   0.522254E+07   0.395286E+07   0.395259E+07   0.395259E+07   0.396096E+07  -0.599392E+00   0.393230E+07   0.393228E+07   0.102072E+03
   0.113370E-03   0.395252E+07   0.395251E+07   0.521380E+07   0.521207E+07   0.395277E+07   0.395252E+07   0.395252E+07   0.396087E+07  -0.599378E+00   0.393223E+07   0.393220E+07   0.112587E+03
   0.125177E-03   0.395244E+07   0.395242E+07   0.520144E+07   0.519934E+07   0.395266E+07   0.395244E+07   0.395243E+07   0.396076E+07  -0.599362E+00   0.393215E+07   0.393212E+07   0.124158E+03
   0.138213E-03   0.395233E+07   0.395232E+07   0.518642E+07   0.518387E+07   0.395254E+07   0.395234E+07   0.395233E+07   0.396064E+07  -0.599341E+00   0.393205E+07   0.393201E+07   0.136881E+03
   0.152607E-03   0.395221E+07   0.395219E+07   0.516816E+07   0.516505E+07   0.395238E+07   0.395221E+07   0.395220E+07   0.396048E+07  -0.599316E+00   0.393192E+07   0.393187E+07   0.150857E+03
   0.168500E-03   0.395206E+07   0.395203E+07   0.514598E+07   0.514220E+07   0.395219E+07   0.395206E+07   0.395205E+07   0.396029E+07  -0.599286E+00   0.393177E+07   0.393171E+07   0.166194E+03
   0.186048E-03   0.395187E+07   0.395184E+07   0.511906E+07   0.511448E+07   0.395196E+07   0.395187E+07   0.395187E+07   0.396006E+07  -0.599249E+00   0.393159E+07   0.393152E+07   0.182999E+03
   0.205424E-03   0.395164E+07   0.395161E+07   0.508642E+07   0.508086E+07   0.395168E+07   0.395164E+07   0.395164E+07   0.395978E+07  -0.599205E+00   0.393137E+07   0.393128E+07   0.201383E+03
   0.226817E-03   0.395137E+07   0.395132E+07   0.504690E+07   0.504017E+07   0.395133E+07   0.395136E+07   0.395136E+07   0.395944E+07  -0.599150E+00   0.393110E+07   0.393099E+07   0.221451E+03
   0.250438E-03   0.395104E+07   0.395098E+07   0.499911E+07   0.499097E+07   0.395091E+07   0.395102E+07   0.395103E+07   0.395902E+07  -0.599084E+00   0.393076E+07   0.393064E+07   0.243303E+03
   0.276520E-03   0.395063E+07   0.395056E+07   0.494144E+07   0.493160E+07   0.395040E+07   0.395061E+07   0.395062E+07   0.395851E+07  -0.599003E+00   0.393036E+07   0.393021E+07   0.267020E+03
   0.305317E-03   0.395013E+07   0.395005E+07   0.487198E+07   0.486012E+07   0.394978E+07   0.395011E+07   0.395012E+07   0.395790E+07  -0.598905E+00   0.392987E+07   0.392968E+07   0.292662E+03
   0.337113E-03   0.394953E+07   0.394943E+07   0.478857E+07   0.477431E+07   0.394903E+07   0.394950E+07   0.394951E+07   0.395716E+07  -0.598787E+00   0.392928E+07   0.392905E+07   0.320251E+03
   0.372221E-03   0.394880E+07   0.394868E+07   0.468872E+07   0.467162E+07   0.394811E+07   0.394876E+07   0.394878E+07   0.395625E+07  -0.598643E+00   0.392855E+07   0.392828E+07   0.349753E+03
   0.410985E-03   0.394791E+07   0.394777E+07   0.456968E+07   0.454927E+07   0.394700E+07   0.394786E+07   0.394789E+07   0.395516E+07  -0.598468E+00   0.392767E+07   0.392734E+07   0.381062E+03
   0.453786E-03   0.394683E+07   0.394666E+07   0.442848E+07   0.440421E+07   0.394564E+07   0.394677E+07   0.394680E+07   0.395384E+07  -0.598258E+00   0.392660E+07   0.392621E+07   0.413970E+03
   0.501045E-03   0.394552E+07   0.394532E+07   0.426202E+07   0.423331E+07   0.394400E+07   0.394544E+07   0.394549E+07   0.395225E+07  -0.598003E+00   0.392530E+07   0.392483E+07   0.448134E+03
   0.553225E-03   0.394394E+07   0.394369E+07   0.406724E+07   0.403351E+07   0.394201E+07   0.394384E+07   0.394390E+07   0.395033E+07  -0.597697E+00   0.392373E+07   0.392317E+07   0.483040E+03
   0.610839E-03   0.394202E+07   0.394173E+07   0.384145E+07   0.380214E+07   0.393959E+07   0.394190E+07   0.394197E+07   0.394803E+07  -0.597329E+00   0.392183E+07   0.392116E+07   0.517959E+03
   0.674453E-03   0.393971E+07   0.393936E+07   0.358269E+07   0.353733E+07   0.393667E+07   0.393956E+07   0.393965E+07   0.394527E+07  -0.596888E+00   0.391952E+07   0.391874E+07   0.551905E+03
   0.744692E-03   0.393692E+07   0.393651E+07   0.329035E+07   0.323864E+07   0.393315E+07   0.393674E+07   0.393685E+07   0.394198E+07  -0.596361E+00   0.391674E+07   0.391583E+07   0.583596E+03
   0.822246E-03   0.393357E+07   0.393308E+07   0.296588E+07   0.290777E+07   0.392890E+07   0.393335E+07   0.393349E+07   0.393807E+07  -0.595735E+00   0.391340E+07   0.391234E+07   0.611438E+03
   0.907877E-03   0.392955E+07   0.392899E+07   0.261367E+07   0.254950E+07   0.392380E+07   0.392929E+07   0.392946E+07   0.393344E+07  -0.594993E+00   0.390938E+07   0.390817E+07   0.633535E+03
   0.100243E-02   0.392475E+07   0.392410E+07   0.224188E+07   0.217251E+07   0.391767E+07   0.392444E+07   0.392465E+07   0.392799E+07  -0.594120E+00   0.390456E+07   0.390320E+07   0.647764E+03
   0.110682E-02   0.391903E+07   0.391830E+07   0.186316E+07   0.179000E+07   0.391035E+07   0.391866E+07   0.391892E+07   0.392160E+07  -0.593098E+00   0.389882E+07   0.389730E+07   0.651941E+03
   0.122209E-02   0.391226E+07   0.391143E+07   0.149459E+07   0.141967E+07   0.390162E+07   0.391181E+07   0.391213E+07   0.391417E+07  -0.591909E+00   0.389199E+07   0.389033E+07   0.644097E+03
   0.134936E-02   0.390426E+07   0.390334E+07   0.115664E+07   0.108239E+07   0.389121E+07   0.390373E+07   0.390412E+07   0.390554E+07  -0.590533E+00   0.388391E+07   0.388214E+07   0.622896E+03
   0.148988E-02   0.389488E+07   0.389387E+07   0.870278E+06   0.799221E+06   0.387890E+07   0.389424E+07   0.389472E+07   0.389560E+07  -0.588953E+00   0.387441E+07   0.387256E+07   0.588158E+03
   0.164504E-02   0.388392E+07   0.388284E+07   0.652186E+06   0.586369E+06   0.386443E+07   0.388317E+07   0.388375E+07   0.388418E+07  -0.587148E+00   0.386329E+07   0.386141E+07   0.541399E+03
   0.181636E-02   0.387119E+07   0.387005E+07   0.508575E+06   0.448972E+06   0.384749E+07   0.387031E+07   0.387101E+07   0.387109E+07  -0.585095E+00   0.385036E+07   0.384850E+07   0.486180E+03
   0.200552E-02   0.385650E+07   0.385529E+07   0.429854E+06   0.376024E+06   0.382773E+07   0.385546E+07   0.385631E+07   0.385612E+07  -0.582767E+00   0.383543E+07   0.383363E+07   0.427961E+03
   0.221438E-02   0.383963E+07   0.383835E+07   0.390109E+06   0.340548E+06   0.380480E+07   0.383839E+07   0.383942E+07   0.383899E+07  -0.580129E+00   0.381830E+07   0.381656E+07   0.373152E+03
   0.244500E-02   0.382033E+07   0.381898E+07   0.355544E+06   0.308933E+06   0.377827E+07   0.381887E+07   0.382012E+07   0.381941E+07  -0.577137E+00   0.379874E+07   0.379705E+07   0.327279E+03
   0.269962E-02   0.379836E+07   0.379689E+07   0.301942E+06   0.258700E+06   0.374770E+07   0.379662E+07   0.379813E+07   0.379708E+07  -0.573744E+00   0.377650E+07   0.377484E+07   0.292790E+03
   0.298077E-02   0.377343E+07   0.377180E+07   0.231473E+06   0.194052E+06   0.371260E+07   0.377136E+07   0.377317E+07   0.377171E+07  -0.569898E+00   0.375131E+07   0.374963E+07   0.267784E+03
   0.329119E-02   0.374523E+07   0.374338E+07   0.170620E+06   0.141236E+06   0.367245E+07   0.374276E+07   0.374493E+07   0.374302E+07  -0.565549E+00   0.372284E+07   0.372113E+07   0.247150E+03
   0.363395E-02   0.371342E+07   0.371132E+07   0.140476E+06   0.118027E+06   0.362669E+07   0.371050E+07   0.371309E+07   0.371072E+07  -0.560650E+00   0.369076E+07   0.368903E+07   0.226205E+03
   0.401240E-02   0.367768E+07   0.367528E+07   0.127149E+06   0.101094E+06   0.357479E+07   0.367423E+07   0.367729E+07   0.367442E+07  -0.555152E+00   0.365470E+07   0.365298E+07   0.204118E+03
   0.443026E-02   0.363764E+07   0.363490E+07   0.101601E+06   0.820090E+05   0.351624E+07   0.363358E+07   0.363720E+07   0.363373E+07  -0.548998E+00   0.361433E+07   0.361262E+07   0.183351E+03
   0.489163E-02   0.359294E+07   0.358978E+07   0.711825E+05   0.664297E+05   0.345058E+07   0.358819E+07   0.359244E+07   0.358830E+07  -0.542128E+00   0.356928E+07   0.356757E+07   0.165685E+03
   0.540106E-02   0.354322E+07   0.353955E+07   0.607081E+05   0.537214E+05   0.337743E+07   0.353769E+07   0.354263E+07   0.353778E+07  -0.534488E+00   0.351917E+07   0.351746E+07   0.150551E+03
   0.596354E-02   0.348811E+07   0.348383E+07   0.515436E+05   0.433659E+05   0.329653E+07   0.348172E+07   0.348743E+07   0.348179E+07  -0.526024E+00   0.346364E+07   0.346192E+07   0.136994E+03
   0.658460E-02   0.342727E+07   0.342226E+07   0.369894E+05   0.349376E+05   0.320774E+07   0.341993E+07   0.342648E+07   0.341999E+07  -0.516683E+00   0.340236E+07   0.340063E+07   0.124276E+03
   0.727033E-02   0.336038E+07   0.335450E+07   0.358364E+05   0.280857E+05   0.311108E+07   0.335202E+07   0.335945E+07   0.335207E+07  -0.506418E+00   0.333500E+07   0.333328E+07   0.112604E+03
   0.802749E-02   0.328715E+07   0.328023E+07   0.256846E+05   0.225239E+05   0.300667E+07   0.327769E+07   0.328605E+07   0.327773E+07  -0.495185E+00   0.326130E+07   0.325956E+07   0.102846E+03
   0.886349E-02   0.320734E+07   0.319918E+07   0.226906E+05   0.180162E+05   0.289470E+07   0.319672E+07   0.320604E+07   0.319676E+07  -0.482949E+00   0.318101E+07   0.317926E+07   0.938925E+02
   0.978655E-02   0.312073E+07   0.311113E+07   0.167006E+05   0.143694E+05   0.277538E+07   0.310892E+07   0.311920E+07   0.310894E+07  -0.469681E+00   0.309394E+07   0.309217E+07   0.859569E+02
   0.108057E-01   0.302718E+07   0.301587E+07   0.131802E+05   0.114247E+05   0.264898E+07   0.301412E+07   0.302538E+07   0.301414E+07  -0.455357E+00   0.299994E+07   0.299814E+07   0.790257E+02
   0.119311E-01   0.292657E+07   0.291327E+07   0.116092E+05   0.905213E+04   0.251585E+07   0.291223E+07   0.292446E+07   0.291225E+07  -0.439963E+00   0.289890E+07   0.289707E+07   0.728346E+02
   0.131736E-01   0.281885E+07   0.280326E+07   0.731503E+04   0.714510E+04   0.237661E+07   0.280321E+07   0.281637E+07   0.280323E+07  -0.423492E+00   0.279079E+07   0.278892E+07   0.674637E+02
   0.145456E-01   0.270404E+07   0.268583E+07   0.635761E+04   0.561626E+04   0.223209E+07   0.268711E+07   0.270114E+07   0.268712E+07  -0.405950E+00   0.267563E+07   0.267372E+07   0.626688E+02
   0.160604E-01   0.258224E+07   0.256108E+07   0.444014E+04   0.439420E+04   0.208320E+07   0.256404E+07   0.257887E+07   0.256405E+07  -0.387357E+00   0.255355E+07   0.255158E+07   0.584324E+02
   0.177329E-01   0.245365E+07   0.242923E+07   0.331037E+04   0.342051E+04   0.193056E+07   0.243423E+07   0.244976E+07   0.243423E+07  -0.367745E+00   0.242476E+07   0.242272E+07   0.546160E+02
   0.195797E-01   0.231861E+07   0.229068E+07   0.268283E+04   0.264750E+04   0.177457E+07   0.229802E+07   0.231417E+07   0.229802E+07  -0.347167E+00   0.228960E+07   0.228749E+07   0.511024E+02
   0.216188E-01   0.217833E+07   0.214671E+07   0.252906E+04   0.203683E+04   0.161229E+07   0.215651E+07   0.217330E+07   0.215652E+07  -0.325789E+00   0.214917E+07   0.214700E+07   0.477740E+02
   0.238702E-01   0.203247E+07   0.199716E+07   0.179176E+04   0.155612E+04   0.145312E+07   0.200969E+07   0.202685E+07   0.200969E+07  -0.303607E+00   0.200339E+07   0.200115E+07   0.444997E+02
   0.263561E-01   0.188320E+07   0.184442E+07   0.139081E+04   0.118045E+04   0.129712E+07   0.185968E+07   0.187703E+07   0.185968E+07  -0.280945E+00   0.185438E+07   0.185210E+07   0.411420E+02
   0.291009E-01   0.173244E+07   0.169073E+07   0.927142E+03   0.888971E+03   0.114615E+07   0.170846E+07   0.172580E+07   0.170846E+07  -0.258100E+00   0.170413E+07   0.170183E+07   0.375788E+02
   0.321315E-01   0.158345E+07   0.153973E+07   0.732764E+03   0.665081E+03   0.100263E+07   0.155932E+07   0.157650E+07   0.155932E+07  -0.235569E+00   0.155589E+07   0.155361E+07   0.337257E+02
   0.354778E-01   0.143953E+07   0.139515E+07   0.596392E+03   0.494908E+03   0.869098E+06   0.141561E+07   0.143247E+07   0.141561E+07  -0.213858E+00   0.141298E+07   0.141078E+07   0.295296E+02
   0.391725E-01   0.130428E+07   0.126099E+07   0.444768E+03   0.367072E+03   0.748292E+06   0.128096E+07   0.129739E+07   0.128096E+07  -0.193517E+00   0.127904E+07   0.127698E+07   0.250134E+02
   0.432520E-01   0.118142E+07   0.114122E+07   0.281290E+03   0.272242E+03   0.641920E+06   0.115907E+07   0.117503E+07   0.115908E+07  -0.175103E+00   0.115775E+07   0.115590E+07   0.202987E+02
   0.475772E-01   0.107696E+07   0.104157E+07   0.226826E+03   0.204805E+03   0.553220E+06   0.105582E+07   0.107133E+07   0.105582E+07  -0.159504E+00   0.105498E+07   0.105340E+07   0.157908E+02
   0.519024E-01   0.994876E+06   0.965113E+06   0.175913E+03   0.158817E+03   0.484125E+06   0.975000E+06   0.990141E+06   0.975000E+06  -0.147294E+00   0.974529E+06   0.973223E+06   0.119552E+02
   0.562276E-01   0.928295E+06   0.904134E+06   0.139770E+03   0.126174E+03   0.428655E+06   0.909616E+06   0.924451E+06   0.909616E+06  -0.137417E+00   0.909439E+06   0.908387E+06   0.889131E+01
   0.605528E-01   0.871938E+06   0.852675E+06   0.113138E+03   0.102122E+03   0.382562E+06   0.854322E+06   0.868873E+06   0.854322E+06  -0.129063E+00   0.854388E+06   0.853544E+06   0.662175E+01
   0.648780E-01   0.822013E+06   0.806474E+06   0.928572E+02   0.838087E+02   0.343150E+06   0.805286E+06   0.819541E+06   0.805286E+06  -0.121655E+00   0.805558E+06   0.804863E+06   0.509357E+01
   0.692032E-01   0.775211E+06   0.762008E+06   0.769081E+02   0.694081E+02   0.308215E+06   0.759200E+06   0.773110E+06   0.759200E+06  -0.114693E+00   0.759648E+06   0.759038E+06   0.419181E+01
   0.735284E-01   0.729292E+06   0.717078E+06   0.640292E+02   0.577809E+02   0.276427E+06   0.713856E+06   0.727349E+06   0.713856E+06  -0.107843E+00   0.714456E+06   0.713873E+06   0.376451E+01
   0.778536E-01   0.683529E+06   0.671200E+06   0.534659E+02   0.482453E+02   0.247231E+06   0.668571E+06   0.681568E+06   0.668571E+06  -0.101002E+00   0.669296E+06   0.668699E+06   0.364804E+01
   0.821788E-01   0.638471E+06   0.625306E+06   0.447627E+02   0.403895E+02   0.220555E+06   0.623934E+06   0.636376E+06   0.623934E+06  -0.942582E-01   0.624760E+06   0.624122E+06   0.368886E+01
   0.865040E-01   0.595317E+06   0.581028E+06   0.376143E+02   0.339376E+02   0.196600E+06   0.581181E+06   0.593043E+06   0.581181E+06  -0.877995E-01   0.582085E+06   0.581400E+06   0.376001E+01
   0.908292E-01   0.555240E+06   0.539940E+06   0.317760E+02   0.286686E+02   0.175468E+06   0.541515E+06   0.552806E+06   0.541515E+06  -0.818071E-01   0.542476E+06   0.541755E+06   0.377130E+01
   0.961876E-01   0.511182E+06   0.495237E+06   0.260460E+02   0.234975E+02   0.153192E+06   0.498009E+06   0.508645E+06   0.498009E+06  -0.752347E-01   0.499017E+06   0.498282E+06   0.363097E+01
   0.101546E+00   0.474344E+06   0.458694E+06   0.216609E+02   0.195403E+02   0.135036E+06   0.461776E+06   0.471855E+06   0.461776E+06  -0.697609E-01   0.462812E+06   0.462105E+06   0.330815E+01
   0.106904E+00   0.444984E+06   0.430546E+06   0.183220E+02   0.165272E+02   0.120537E+06   0.433047E+06   0.442687E+06   0.433047E+06  -0.654208E-01   0.434100E+06   0.433459E+06   0.285085E+01
   0.112263E+00   0.422077E+06   0.409490E+06   0.157554E+02   0.142112E+02   0.108968E+06   0.410765E+06   0.420074E+06   0.410765E+06  -0.620546E-01   0.411831E+06   0.411278E+06   0.234014E+01
   0.117621E+00   0.403549E+06   0.393028E+06   0.137225E+02   0.123768E+02   0.994316E+05   0.392825E+06   0.401875E+06   0.392825E+06  -0.593444E-01   0.393901E+06   0.393441E+06   0.185978E+01
   0.122980E+00   0.387114E+06   0.378453E+06   0.120418E+02   0.108603E+02   0.911368E+05   0.376921E+06   0.385736E+06   0.376921E+06  -0.569417E-01   0.378005E+06   0.377624E+06   0.147364E+01
   0.128338E+00   0.370996E+06   0.363677E+06   0.105955E+02   0.955542E+01   0.835289E+05   0.361265E+06   0.369832E+06   0.361265E+06  -0.545766E-01   0.362353E+06   0.362025E+06   0.121362E+01
   0.133696E+00   0.354204E+06   0.347571E+06   0.931778E+01   0.840273E+01   0.763284E+05   0.344866E+06   0.353149E+06   0.344866E+06  -0.520991E-01   0.345952E+06   0.345649E+06   0.107840E+01
   0.139055E+00   0.336515E+06   0.329959E+06   0.817798E+01   0.737458E+01   0.694550E+05   0.327512E+06   0.335472E+06   0.327512E+06  -0.494775E-01   0.328590E+06   0.328286E+06   0.104053E+01
   0.144413E+00   0.318307E+06   0.311405E+06   0.716581E+01   0.646163E+01   0.629703E+05   0.309602E+06   0.317209E+06   0.309602E+06  -0.467718E-01   0.310666E+06   0.310344E+06   0.105845E+01
   0.149771E+00   0.300311E+06   0.292898E+06   0.627936E+01   0.566213E+01   0.569874E+05   0.291886E+06   0.299132E+06   0.291886E+06  -0.440955E-01   0.292930E+06   0.292587E+06   0.108941E+01
   0.155130E+00   0.283398E+06   0.275560E+06   0.551816E+01   0.497562E+01   0.516313E+05   0.275254E+06   0.282151E+06   0.275254E+06  -0.415828E-01   0.276275E+06   0.275916E+06   0.109990E+01
   0.160488E+00   0.268388E+06   0.260391E+06   0.487894E+01   0.439912E+01   0.469891E+05   0.260529E+06   0.267116E+06   0.260529E+06  -0.393583E-01   0.261526E+06   0.261165E+06   0.107140E+01
   0.165847E+00   0.255762E+06   0.247952E+06   0.435162E+01   0.392355E+01   0.430768E+05   0.248193E+06   0.254519E+06   0.248193E+06  -0.374946E-01   0.249169E+06   0.248819E+06   0.100130E+01
   0.171205E+00   0.245455E+06   0.238149E+06   0.391806E+01   0.353253E+01   0.398095E+05   0.238174E+06   0.244293E+06   0.238174E+06  -0.359811E-01   0.239132E+06   0.238808E+06   0.899668E+00
   0.176563E+00   0.236946E+06   0.230351E+06   0.355615E+01   0.320613E+01   0.370405E+05   0.229946E+06   0.235897E+06   0.229946E+06  -0.347382E-01   0.230888E+06   0.230597E+06   0.783809E+00
   0.181922E+00   0.229563E+06   0.223736E+06   0.324573E+01   0.292616E+01   0.346163E+05   0.222830E+06   0.228636E+06   0.222830E+06  -0.336631E-01   0.223758E+06   0.223501E+06   0.672321E+00
   0.187280E+00   0.222682E+06   0.217537E+06   0.297114E+01   0.267853E+01   0.324120E+05   0.216195E+06   0.221864E+06   0.216195E+06  -0.326607E-01   0.217110E+06   0.216881E+06   0.580073E+00
   0.192639E+00   0.215773E+06   0.211121E+06   0.272096E+01   0.245292E+01   0.303315E+05   0.209506E+06   0.215033E+06   0.209506E+06  -0.316503E-01   0.210407E+06   0.210198E+06   0.515137E+00
   0.197997E+00   0.208468E+06   0.204078E+06   0.248800E+01   0.224286E+01   0.283150E+05   0.202400E+06   0.207770E+06   0.202400E+06  -0.305767E-01   0.203285E+06   0.203086E+06   0.478105E+00
   0.203355E+00   0.200695E+06   0.196355E+06   0.226983E+01   0.204615E+01   0.263503E+05   0.194808E+06   0.200005E+06   0.194808E+06  -0.294298E-01   0.195675E+06   0.195476E+06   0.463440E+00
   0.208714E+00   0.192674E+06   0.188241E+06   0.206763E+01   0.186385E+01   0.244649E+05   0.186957E+06   0.191969E+06   0.186957E+06  -0.282437E-01   0.187803E+06   0.187600E+06   0.462038E+00
   0.214072E+00   0.184760E+06   0.180178E+06   0.188364E+01   0.169796E+01   0.226998E+05   0.179204E+06   0.184031E+06   0.179204E+06  -0.270724E-01   0.180028E+06   0.179819E+06   0.464088E+00
   0.219430E+00   0.177280E+06   0.172581E+06   0.171928E+01   0.154978E+01   0.210868E+05   0.171881E+06   0.176532E+06   0.171881E+06  -0.259662E-01   0.172684E+06   0.172471E+06   0.461520E+00
   0.224789E+00   0.170480E+06   0.165758E+06   0.157478E+01   0.141950E+01   0.196440E+05   0.165238E+06   0.169728E+06   0.165238E+06  -0.249625E-01   0.166020E+06   0.165808E+06   0.449572E+00
   0.230147E+00   0.164501E+06   0.159877E+06   0.144922E+01   0.130630E+01   0.183741E+05   0.159415E+06   0.163766E+06   0.159415E+06  -0.240830E-01   0.160180E+06   0.159973E+06   0.427236E+00
   0.235506E+00   0.159347E+06   0.154932E+06   0.134048E+01   0.120827E+01   0.172639E+05   0.154414E+06   0.158644E+06   0.154414E+06  -0.233274E-01   0.155162E+06   0.154965E+06   0.396695E+00
   0.240864E+00   0.154875E+06   0.150744E+06   0.124553E+01   0.112267E+01   0.162849E+05   0.150090E+06   0.154218E+06   0.150090E+06  -0.226742E-01   0.150824E+06   0.150640E+06   0.362094E+00
   0.246222E+00   0.150857E+06   0.147034E+06   0.116106E+01   0.104650E+01   0.154031E+05   0.146214E+06   0.150249E+06   0.146214E+06  -0.220886E-01   0.146934E+06   0.146764E+06   0.328095E+00
   0.251581E+00   0.147050E+06   0.143507E+06   0.108411E+01   0.977129E+00   0.145858E+05   0.142540E+06   0.146486E+06   0.142540E+06  -0.215335E-01   0.143247E+06   0.143089E+06   0.298611E+00
   0.256939E+00   0.143249E+06   0.139922E+06   0.101248E+01   0.912558E+00   0.138086E+05   0.138863E+06   0.142720E+06   0.138863E+06  -0.209781E-01   0.139557E+06   0.139408E+06   0.275981E+00
   0.262297E+00   0.139332E+06   0.136141E+06   0.944875E+00   0.851611E+00   0.130570E+05   0.135061E+06   0.138825E+06   0.135061E+06  -0.204038E-01   0.135743E+06   0.135599E+06   0.260693E+00
   0.267656E+00   0.135282E+06   0.132150E+06   0.880867E+00   0.793912E+00   0.123286E+05   0.131119E+06   0.134783E+06   0.131119E+06  -0.198083E-01   0.131786E+06   0.131645E+06   0.251608E+00
   0.273014E+00   0.131166E+06   0.128040E+06   0.820654E+00   0.739635E+00   0.116283E+05   0.127107E+06   0.130669E+06   0.127107E+06  -0.192021E-01   0.127760E+06   0.127618E+06   0.246531E+00
   0.278373E+00   0.127097E+06   0.123952E+06   0.764642E+00   0.689146E+00   0.109650E+05   0.123136E+06   0.126596E+06   0.123136E+06  -0.186023E-01   0.123774E+06   0.123632E+06   0.242934E+00
   0.283731E+00   0.123186E+06   0.120029E+06   0.713179E+00   0.642758E+00   0.103461E+05   0.119322E+06   0.122684E+06   0.119322E+06  -0.180261E-01   0.119945E+06   0.119803E+06   0.238612E+00
   0.289089E+00   0.119532E+06   0.116391E+06   0.666447E+00   0.600635E+00   0.977735E+04   0.115763E+06   0.119032E+06   0.115763E+06  -0.174884E-01   0.116372E+06   0.116231E+06   0.232143E+00
   0.294448E+00   0.116197E+06   0.113113E+06   0.624381E+00   0.562718E+00   0.926047E+04   0.112521E+06   0.115706E+06   0.112521E+06  -0.169987E-01   0.113117E+06   0.112979E+06   0.223060E+00
   0.299806E+00   0.113188E+06   0.110199E+06   0.586612E+00   0.528674E+00   0.879273E+04   0.109603E+06   0.112713E+06   0.109603E+06  -0.165579E-01   0.110187E+06   0.110054E+06   0.211763E+00
   0.305165E+00   0.110458E+06   0.107592E+06   0.552514E+00   0.497938E+00   0.836695E+04   0.106961E+06   0.110002E+06   0.106961E+06  -0.161586E-01   0.107533E+06   0.107405E+06   0.199241E+00
   0.310523E+00   0.107926E+06   0.105193E+06   0.521378E+00   0.469872E+00   0.797451E+04   0.104513E+06   0.107491E+06   0.104513E+06  -0.157889E-01   0.105075E+06   0.104953E+06   0.186715E+00
   0.315881E+00   0.105510E+06   0.102905E+06   0.492565E+00   0.443901E+00   0.760712E+04   0.102179E+06   0.105096E+06   0.102179E+06  -0.154362E-01   0.102731E+06   0.102614E+06   0.175290E+00
   0.321240E+00   0.103143E+06   0.100644E+06   0.465573E+00   0.419572E+00   0.725832E+04   0.998880E+05   0.102745E+06   0.998880E+05  -0.150901E-01   0.100430E+06   0.100318E+06   0.165703E+00
   0.326598E+00   0.100775E+06   0.983550E+05   0.440052E+00   0.396569E+00   0.692366E+04   0.975929E+05   0.100390E+06   0.975929E+05  -0.147434E-01   0.981253E+05   0.980166E+05   0.158207E+00
   0.331956E+00   0.983856E+05   0.960179E+05   0.415818E+00   0.374727E+00   0.660107E+04   0.952738E+05   0.980089E+05   0.952738E+05  -0.143931E-01   0.957961E+05   0.956895E+05   0.152600E+00
   0.337315E+00   0.959888E+05   0.936517E+05   0.392845E+00   0.354021E+00   0.629087E+04   0.929441E+05   0.956170E+05   0.929441E+05  -0.140411E-01   0.934562E+05   0.933509E+05   0.148354E+00
   0.342673E+00   0.936217E+05   0.913037E+05   0.371208E+00   0.334521E+00   0.599498E+04   0.906420E+05   0.932530E+05   0.906420E+05  -0.136933E-01   0.911439E+05   0.910395E+05   0.144800E+00
   0.348032E+00   0.913282E+05   0.890282E+05   0.350993E+00   0.316301E+00   0.571556E+04   0.884115E+05   0.909623E+05   0.884115E+05  -0.133564E-01   0.889034E+05   0.887999E+05   0.141305E+00
   0.353390E+00   0.891426E+05   0.868679E+05   0.332235E+00   0.299396E+00   0.545384E+04   0.862874E+05   0.887807E+05   0.862874E+05  -0.130355E-01   0.867696E+05   0.866674E+05   0.137410E+00
   0.358748E+00   0.870843E+05   0.848470E+05   0.314906E+00   0.283778E+00   0.521011E+04   0.842892E+05   0.867284E+05   0.842892E+05  -0.127336E-01   0.847621E+05   0.846618E+05   0.132906E+00
   0.364107E+00   0.851581E+05   0.829713E+05   0.298921E+00   0.269371E+00   0.498363E+04   0.824216E+05   0.848102E+05   0.824216E+05  -0.124515E-01   0.828859E+05   0.827879E+05   0.127828E+00
   0.369465E+00   0.833550E+05   0.812286E+05   0.284153E+00   0.256061E+00   0.477295E+04   0.806754E+05   0.830167E+05   0.806754E+05  -0.121877E-01   0.811314E+05   0.810362E+05   0.122401E+00
   0.374823E+00   0.816526E+05   0.795915E+05   0.270441E+00   0.243703E+00   0.457584E+04   0.790281E+05   0.813247E+05   0.790281E+05  -0.119388E-01   0.794762E+05   0.793840E+05   0.116941E+00
   0.380182E+00   0.800210E+05   0.780242E+05   0.257614E+00   0.232143E+00   0.438995E+04   0.774498E+05   0.797033E+05   0.774498E+05  -0.117004E-01   0.778903E+05   0.778009E+05   0.111763E+00
   0.385540E+00   0.784324E+05   0.764938E+05   0.245523E+00   0.221246E+00   0.421308E+04   0.759124E+05   0.781240E+05   0.759124E+05  -0.114681E-01   0.763454E+05   0.762585E+05   0.107102E+00
   0.390899E+00   0.768679E+05   0.749784E+05   0.234064E+00   0.210918E+00   0.404384E+04   0.743972E+05   0.765673E+05   0.743972E+05  -0.112392E-01   0.748229E+05   0.747381E+05   0.103071E+00
   0.396257E+00   0.753193E+05   0.734691E+05   0.223174E+00   0.201104E+00   0.388137E+04   0.728962E+05   0.750250E+05   0.728962E+05  -0.110125E-01   0.733146E+05   0.732315E+05   0.996556E-01
   0.401615E+00   0.737868E+05   0.719674E+05   0.212821E+00   0.191774E+00   0.372546E+04   0.714096E+05   0.734973E+05   0.714096E+05  -0.107879E-01   0.718207E+05   0.717390E+05   0.967369E-01
   0.406974E+00   0.722775E+05   0.704835E+05   0.202996E+00   0.182920E+00   0.357609E+04   0.699449E+05   0.719921E+05   0.699449E+05  -0.105666E-01   0.703489E+05   0.702683E+05   0.941371E-01
   0.412332E+00   0.708043E+05   0.690336E+05   0.193705E+00   0.174548E+00   0.343371E+04   0.685151E+05   0.705226E+05   0.685151E+05  -0.103506E-01   0.689120E+05   0.688325E+05   0.916725E-01
   0.417691E+00   0.693808E+05   0.676343E+05   0.184956E+00   0.166663E+00   0.329860E+04   0.671339E+05   0.691029E+05   0.671339E+05  -0.101420E-01   0.675239E+05   0.674455E+05   0.891951E-01
   0.423049E+00   0.680157E+05   0.662967E+05   0.176740E+00   0.159259E+00   0.317089E+04   0.658101E+05   0.677422E+05   0.658101E+05  -0.994197E-02   0.661935E+05   0.661164E+05   0.866183E-01
   0.428407E+00   0.667113E+05   0.650235E+05   0.169031E+00   0.152312E+00   0.305027E+04   0.645459E+05   0.664428E+05   0.645459E+05  -0.975099E-02   0.649229E+05   0.648472E+05   0.839235E-01
   0.433766E+00   0.654646E+05   0.638115E+05   0.161793E+00   0.145789E+00   0.293633E+04   0.633385E+05   0.652016E+05   0.633385E+05  -0.956858E-02   0.637093E+05   0.636352E+05   0.811504E-01
   0.439124E+00   0.642696E+05   0.626531E+05   0.154981E+00   0.139650E+00   0.282845E+04   0.621817E+05   0.640125E+05   0.621817E+05  -0.939383E-02   0.625465E+05   0.624741E+05   0.783763E-01
   0.444482E+00   0.631178E+05   0.615379E+05   0.148552E+00   0.133857E+00   0.272597E+04   0.610669E+05   0.628665E+05   0.610669E+05  -0.922542E-02   0.614260E+05   0.613552E+05   0.756888E-01
   0.449841E+00   0.619995E+05   0.604545E+05   0.142460E+00   0.128367E+00   0.262822E+04   0.599846E+05   0.617537E+05   0.599846E+05  -0.906191E-02   0.603380E+05   0.602688E+05   0.731619E-01
   0.455199E+00   0.609063E+05   0.593932E+05   0.136669E+00   0.123147E+00   0.253462E+04   0.589262E+05   0.606656E+05   0.589262E+05  -0.890202E-02   0.592741E+05   0.592063E+05   0.708395E-01
   0.460558E+00   0.598329E+05   0.583482E+05   0.131149E+00   0.118173E+00   0.244479E+04   0.578866E+05   0.595967E+05   0.578866E+05  -0.874496E-02   0.582291E+05   0.581625E+05   0.687305E-01
   0.465916E+00   0.587778E+05   0.573181E+05   0.125883E+00   0.113428E+00   0.235850E+04   0.568643E+05   0.585456E+05   0.568643E+05  -0.859053E-02   0.572015E+05   0.571360E+05   0.668126E-01
   0.471274E+00   0.577425E+05   0.563054E+05   0.120864E+00   0.108905E+00   0.227568E+04   0.558610E+05   0.575139E+05   0.558610E+05  -0.843896E-02   0.561929E+05   0.561285E+05   0.650420E-01
   0.476633E+00   0.567304E+05   0.553143E+05   0.116084E+00   0.104598E+00   0.219630E+04   0.548800E+05   0.565051E+05   0.548800E+05  -0.829076E-02   0.552068E+05   0.551433E+05   0.633665E-01
   0.481991E+00   0.557448E+05   0.543492E+05   0.111539E+00   0.100502E+00   0.212038E+04   0.539249E+05   0.555228E+05   0.539249E+05  -0.814646E-02   0.542466E+05   0.541840E+05   0.617381E-01
   0.487350E+00   0.547884E+05   0.534138E+05   0.107223E+00   0.966126E-01   0.204785E+04   0.529981E+05   0.545697E+05   0.529981E+05  -0.800646E-02   0.533149E+05   0.532532E+05   0.601231E-01
   0.492708E+00   0.538626E+05   0.525099E+05   0.103126E+00   0.929211E-01   0.197865E+04   0.521013E+05   0.536474E+05   0.521013E+05  -0.787098E-02   0.524133E+05   0.523527E+05   0.585060E-01
   0.498066E+00   0.529679E+05   0.516380E+05   0.992391E-01   0.894186E-01   0.191264E+04   0.512350E+05   0.527563E+05   0.512350E+05  -0.774010E-02   0.515423E+05   0.514827E+05   0.568901E-01
   0.503425E+00   0.521027E+05   0.507961E+05   0.955481E-01   0.860926E-01   0.184965E+04   0.503974E+05   0.518949E+05   0.503974E+05  -0.761357E-02   0.507002E+05   0.506416E+05   0.552910E-01
   0.508783E+00   0.512634E+05   0.499802E+05   0.920366E-01   0.829283E-01   0.178939E+04   0.495850E+05   0.510593E+05   0.495850E+05  -0.749084E-02   0.498834E+05   0.498259E+05   0.537306E-01
   0.514141E+00   0.504463E+05   0.491859E+05   0.886893E-01   0.799120E-01   0.173166E+04   0.487942E+05   0.502458E+05   0.487942E+05  -0.737136E-02   0.490883E+05   0.490318E+05   0.522301E-01
   0.519500E+00   0.496490E+05   0.484104E+05   0.854937E-01   0.770325E-01   0.167624E+04   0.480224E+05   0.494519E+05   0.480224E+05  -0.725477E-02   0.483123E+05   0.482567E+05   0.508053E-01
   0.524858E+00   0.488694E+05   0.476513E+05   0.824394E-01   0.742802E-01   0.162301E+04   0.472677E+05   0.486756E+05   0.472677E+05  -0.714076E-02   0.475534E+05   0.474988E+05   0.494629E-01
   0.530217E+00   0.481057E+05   0.469068E+05   0.795166E-01   0.716465E-01   0.157177E+04   0.465283E+05   0.479150E+05   0.465283E+05  -0.702906E-02   0.468100E+05   0.467562E+05   0.482000E-01
   0.535575E+00   0.473569E+05   0.461760E+05   0.767177E-01   0.691245E-01   0.152247E+04   0.458032E+05   0.471690E+05   0.458032E+05  -0.691952E-02   0.460809E+05   0.460280E+05   0.470060E-01
   0.540933E+00   0.466234E+05   0.454596E+05   0.740379E-01   0.667097E-01   0.147501E+04   0.450928E+05   0.464383E+05   0.450928E+05  -0.681221E-02   0.453667E+05   0.453145E+05   0.458667E-01
   0.546292E+00   0.459066E+05   0.447594E+05   0.714740E-01   0.643995E-01   0.142938E+04   0.443987E+05   0.457241E+05   0.443987E+05  -0.670734E-02   0.446687E+05   0.446173E+05   0.447677E-01
   0.551650E+00   0.452077E+05   0.440768E+05   0.690228E-01   0.621907E-01   0.138555E+04   0.437219E+05   0.450278E+05   0.437219E+05  -0.660510E-02   0.439882E+05   0.439375E+05   0.436969E-01
   0.557009E+00   0.445268E+05   0.434122E+05   0.666793E-01   0.600790E-01   0.134346E+04   0.430626E+05   0.443494E+05   0.430626E+05  -0.650549E-02   0.433252E+05   0.432752E+05   0.426466E-01
   0.562367E+00   0.438632E+05   0.427651E+05   0.644380E-01   0.580594E-01   0.130302E+04   0.424203E+05   0.436885E+05   0.424203E+05  -0.640846E-02   0.426792E+05   0.426300E+05   0.416138E-01
   0.567725E+00   0.432169E+05   0.421352E+05   0.622940E-01   0.561275E-01   0.126417E+04   0.417946E+05   0.430448E+05   0.417946E+05  -0.631394E-02   0.420501E+05   0.420016E+05   0.406004E-01
   0.573084E+00   0.425872E+05   0.415219E+05   0.602424E-01   0.542789E-01   0.122684E+04   0.411852E+05   0.424178E+05   0.411852E+05  -0.622188E-02   0.414373E+05   0.413895E+05   0.396111E-01
   0.578442E+00   0.419733E+05   0.409241E+05   0.582776E-01   0.525085E-01   0.119093E+04   0.405911E+05   0.418064E+05   0.405911E+05  -0.613212E-02   0.408398E+05   0.407927E+05   0.386516E-01
   0.629704E+00   0.367216E+05   0.358035E+05   0.430130E-01   0.387542E-01   0.906073E+03   0.355083E+05   0.365756E+05   0.355083E+05  -0.536425E-02   0.357280E+05   0.356869E+05   0.310748E-01
   0.769122E+00   0.267053E+05   0.260382E+05   0.209590E-01   0.188832E-01   0.470490E+03   0.258173E+05   0.265992E+05   0.258173E+05  -0.390024E-02   0.259802E+05   0.259503E+05   0.184927E-01
   0.939408E+00   0.193260E+05   0.188434E+05   0.101639E-01   0.915699E-02   0.240590E+03   0.186805E+05   0.192492E+05   0.186805E+05  -0.282207E-02   0.188000E+05   0.187783E+05   0.109621E-01
   0.114740E+01   0.139254E+05   0.135777E+05   0.490804E-02   0.442173E-02   0.121316E+03   0.134587E+05   0.138701E+05   0.134587E+05  -0.203321E-02   0.135456E+05   0.135300E+05   0.647404E-02
   0.140143E+01   0.999269E+04   0.974322E+04   0.236045E-02   0.212653E-02   0.603894E+02   0.965699E+04   0.995300E+04   0.965699E+04  -0.145889E-02   0.971983E+04   0.970860E+04   0.381068E-02
   0.171171E+01   0.714484E+04   0.696649E+04   0.113119E-02   0.101908E-02   0.297232E+02   0.690441E+04   0.711647E+04   0.690441E+04  -0.104305E-02   0.694957E+04   0.694152E+04   0.223746E-02
   0.209069E+01   0.509165E+04   0.496456E+04   0.540317E-03   0.486765E-03   0.144865E+02   0.492012E+04   0.507144E+04   0.492012E+04  -0.743285E-03   0.495241E+04   0.494664E+04   0.131152E-02
   0.255358E+01   0.361728E+04   0.352698E+04   0.257293E-03   0.231791E-03   0.700165E+01   0.349532E+04   0.360291E+04   0.349532E+04  -0.528040E-03   0.351832E+04   0.351419E+04   0.768221E-03
   0.311895E+01   0.256256E+04   0.249858E+04   0.122175E-03   0.110065E-03   0.336054E+01   0.247610E+04   0.255238E+04   0.247610E+04  -0.374067E-03   0.249243E+04   0.248947E+04   0.450277E-03
   0.380949E+01   0.181074E+04   0.176552E+04   0.578675E-04   0.521317E-04   0.160385E+01   0.174963E+04   0.180354E+04   0.174963E+04  -0.264317E-03   0.176117E+04   0.175905E+04   0.264588E-03
   0.465292E+01   0.127640E+04   0.124451E+04   0.273425E-04   0.246323E-04   0.761848E+00   0.123331E+04   0.127133E+04   0.123331E+04  -0.186317E-03   0.124145E+04   0.123993E+04   0.156237E-03
   0.568309E+01   0.897784E+03   0.875336E+03   0.128913E-04   0.116135E-04   0.360508E+00   0.867466E+03   0.894212E+03   0.867466E+03  -0.131049E-03   0.873201E+03   0.872089E+03   0.930185E-04
   0.694134E+01   0.630179E+03   0.614404E+03   0.606539E-05   0.546424E-05   0.170048E+00   0.608893E+03   0.627669E+03   0.608893E+03  -0.919858E-04   0.612921E+03   0.612102E+03   0.560716E-04
   0.847817E+01   0.441503E+03   0.430432E+03   0.284839E-05   0.256610E-05   0.799943E-01   0.426586E+03   0.439742E+03   0.426586E+03  -0.644446E-04   0.429410E+03   0.428797E+03   0.344022E-04
   0.103553E+02   0.308774E+03   0.301010E+03   0.133528E-05   0.120296E-05   0.375436E-01   0.298337E+03   0.307538E+03   0.298337E+03  -0.450700E-04   0.300314E+03   0.299844E+03   0.216124E-04
   0.126479E+02   0.215591E+03   0.210149E+03   0.624917E-06   0.563001E-06   0.175847E-01   0.208301E+03   0.214725E+03   0.208301E+03  -0.314681E-04   0.209683E+03   0.209311E+03   0.139872E-04
   0.154482E+02   0.150300E+03   0.146483E+03   0.292010E-06   0.263085E-06   0.822179E-02   0.145214E+03   0.149692E+03   0.145214E+03  -0.219375E-04   0.146179E+03   0.145874E+03   0.937354E-05
   0.188685E+02   0.104631E+03   0.101950E+03   0.136249E-06   0.122758E-06   0.383785E-02   0.101087E+03   0.104204E+03   0.101087E+03  -0.152712E-04   0.101760E+03   0.101501E+03   0.652414E-05
   0.230461E+02   0.727400E+02   0.708514E+02   0.634825E-07   0.572001E-07   0.178884E-02   0.702720E+02   0.724395E+02   0.702720E+02  -0.106160E-04   0.707422E+02   0.705135E+02   0.471636E-05
   0.281485E+02   0.505042E+02   0.491674E+02   0.295380E-07   0.266172E-07   0.832599E-03   0.487867E+02   0.502915E+02   0.487867E+02  -0.737023E-05   0.491149E+02   0.489058E+02   0.353095E-05
   0.343807E+02   0.350226E+02   0.340691E+02   0.137253E-07   0.123698E-07   0.387022E-03   0.338275E+02   0.348709E+02   0.338275E+02  -0.511034E-05   0.340570E+02   0.338600E+02   0.272382E-05
   0.419926E+02   0.242579E+02   0.235702E+02   0.636893E-08   0.574108E-08   0.179671E-03   0.234259E+02   0.241485E+02   0.234259E+02  -0.353897E-05   0.235869E+02   0.233967E+02   0.215198E-05
   0.512900E+02   0.167822E+02   0.162783E+02   0.295110E-08   0.266097E-08   0.833054E-04   0.162023E+02   0.167021E+02   0.162023E+02  -0.244769E-05   0.163157E+02   0.161289E+02   0.173089E-05
   0.626457E+02   0.115968E+02   0.112196E+02   0.136526E-08   0.123159E-08   0.385737E-04   0.111916E+02   0.115368E+02   0.111916E+02  -0.169072E-05   0.112720E+02   0.110862E+02   0.140978E-05
   0.765156E+02   0.800378E+01   0.771389E+01   0.630462E-09   0.569109E-09   0.178358E-04   0.771955E+01   0.795766E+01   0.771955E+01  -0.116620E-05   0.777718E+01   0.759084E+01   0.115756E-05
   0.934564E+02   0.551676E+01   0.528672E+01   0.290500E-09   0.262487E-09   0.823320E-05   0.531618E+01   0.548016E+01   0.531618E+01  -0.803119E-06   0.535808E+01   0.517038E+01   0.954657E-06
   0.114148E+03   0.379693E+01   0.360792E+01   0.133483E-09   0.120787E-09   0.379335E-05   0.365415E+01   0.376686E+01   0.365415E+01  -0.552035E-06   0.368518E+01   0.349588E+01   0.788282E-06
