#          k/h    CDM            baryon         photon         nu             mass_nu        total          no_nu          total_de       Weyl           v_CDM          v_b            v_b-v_c     
   0.105171E-04   0.198369E+08   0.198369E+08   0.264354E+08   0.264350E+08   0.198371E+08   0.198369E+08   0.198369E+08   0.198436E+08  -0.473685E+00   0.105040E+08   0.105040E+08   0.598201E+01
   0.116124E-04   0.198369E+08   0.198369E+08   0.264324E+08   0.264319E+08   0.198371E+08   0.198369E+08   0.198369E+08   0.198436E+08  -0.473685E+00   0.105040E+08   0.105040E+08   0.660479E+01
   0.128218E-04   0.198369E+08   0.198369E+08   0.264287E+08   0.264281E+08   0.198371E+08   0.198369E+08   0.198369E+08   0.198436E+08  -0.473685E+00   0.105040E+08   0.105040E+08   0.729236E+01
   0.141570E-04   0.198369E+08   0.198369E+08   0.264242E+08   0.264235E+08   0.198371E+08   0.198369E+08   0.198369E+08   0.198435E+08  -0.473685E+00   0.105040E+08   0.105040E+08   0.805145E+01
   0.156314E-04   0.198368E+08   0.198368E+08   0.264188E+08   0.264179E+08   0.198371E+08   0.198369E+08   0.198368E+08   0.198435E+08  -0.473684E+00   0.105040E+08   0.105040E+08   0.888947E+01
   0.172593E-04   0.198368E+08   0.198368E+08   0.264121E+08   0.264110E+08   0.198371E+08   0.198368E+08   0.198368E+08   0.198435E+08  -0.473684E+00   0.105040E+08   0.105040E+08   0.981459E+01
   0.190567E-04   0.198368E+08   0.198368E+08   0.264040E+08   0.264027E+08   0.198371E+08   0.198368E+08   0.198368E+08   0.198435E+08  -0.473684E+00   0.105040E+08   0.105040E+08   0.108358E+02
   0.210413E-04   0.198368E+08   0.198368E+08   0.263941E+08   0.263925E+08   0.198370E+08   0.198368E+08   0.198368E+08   0.198435E+08  -0.473683E+00   0.105039E+08   0.105039E+08   0.119631E+02
   0.232326E-04   0.198368E+08   0.198368E+08   0.263820E+08   0.263801E+08   0.198370E+08   0.198368E+08   0.198368E+08   0.198435E+08  -0.473683E+00   0.105039E+08   0.105039E+08   0.132074E+02
   0.256521E-04   0.198368E+08   0.198368E+08   0.263673E+08   0.263649E+08   0.198370E+08   0.198368E+08   0.198368E+08   0.198434E+08  -0.473682E+00   0.105039E+08   0.105039E+08   0.145807E+02
   0.283236E-04   0.198367E+08   0.198367E+08   0.263494E+08   0.263465E+08   0.198370E+08   0.198367E+08   0.198367E+08   0.198434E+08  -0.473681E+00   0.105039E+08   0.105039E+08   0.160963E+02
   0.312733E-04   0.198367E+08   0.198367E+08   0.263276E+08   0.263240E+08   0.198369E+08   0.198367E+08   0.198367E+08   0.198434E+08  -0.473680E+00   0.105039E+08   0.105039E+08   0.177688E+02
   0.345301E-04   0.198366E+08   0.198366E+08   0.263010E+08   0.262967E+08   0.198369E+08   0.198366E+08   0.198366E+08   0.198433E+08  -0.473678E+00   0.105039E+08   0.105039E+08   0.196141E+02
   0.381262E-04   0.198366E+08   0.198366E+08   0.262686E+08   0.262634E+08   0.198368E+08   0.198366E+08   0.198366E+08   0.198432E+08  -0.473676E+00   0.105038E+08   0.105038E+08   0.216498E+02
   0.420968E-04   0.198365E+08   0.198365E+08   0.262292E+08   0.262228E+08   0.198367E+08   0.198365E+08   0.198365E+08   0.198431E+08  -0.473674E+00   0.105038E+08   0.105038E+08   0.238951E+02
   0.464808E-04   0.198364E+08   0.198364E+08   0.261812E+08   0.261734E+08   0.198366E+08   0.198364E+08   0.198364E+08   0.198430E+08  -0.473672E+00   0.105037E+08   0.105037E+08   0.263709E+02
   0.513214E-04   0.198363E+08   0.198363E+08   0.261228E+08   0.261134E+08   0.198365E+08   0.198363E+08   0.198363E+08   0.198429E+08  -0.473669E+00   0.105037E+08   0.105037E+08   0.291003E+02
   0.566662E-04   0.198362E+08   0.198362E+08   0.260518E+08   0.260403E+08   0.198364E+08   0.198362E+08   0.198362E+08   0.198428E+08  -0.473665E+00   0.105036E+08   0.105036E+08   0.321080E+02
   0.625675E-04   0.198360E+08   0.198360E+08   0.259654E+08   0.259515E+08   0.198362E+08   0.198360E+08   0.198360E+08   0.198426E+08  -0.473660E+00   0.105035E+08   0.105035E+08   0.354211E+02
   0.690835E-04   0.198359E+08   0.198358E+08   0.258605E+08   0.258435E+08   0.198360E+08   0.198359E+08   0.198358E+08   0.198424E+08  -0.473654E+00   0.105034E+08   0.105034E+08   0.390687E+02
   0.762780E-04   0.198356E+08   0.198356E+08   0.257332E+08   0.257125E+08   0.198358E+08   0.198356E+08   0.198356E+08   0.198421E+08  -0.473648E+00   0.105033E+08   0.105033E+08   0.430819E+02
   0.842218E-04   0.198353E+08   0.198353E+08   0.255787E+08   0.255536E+08   0.198355E+08   0.198353E+08   0.198353E+08   0.198418E+08  -0.473639E+00   0.105032E+08   0.105031E+08   0.474941E+02
   0.929929E-04   0.198350E+08   0.198350E+08   0.253915E+08   0.253611E+08   0.198351E+08   0.198350E+08   0.198350E+08   0.198414E+08  -0.473629E+00   0.105030E+08   0.105030E+08   0.523401E+02
   0.102677E-03   0.198346E+08   0.198345E+08   0.251649E+08   0.251282E+08   0.198347E+08   0.198346E+08   0.198346E+08   0.198409E+08  -0.473616E+00   0.105027E+08   0.105027E+08   0.576567E+02
   0.113370E-03   0.198341E+08   0.198340E+08   0.248913E+08   0.248470E+08   0.198342E+08   0.198341E+08   0.198341E+08   0.198404E+08  -0.473601E+00   0.105025E+08   0.105025E+08   0.634812E+02
   0.125177E-03   0.198335E+08   0.198334E+08   0.245614E+08   0.245079E+08   0.198335E+08   0.198335E+08   0.198334E+08   0.198397E+08  -0.473583E+00   0.105021E+08   0.105021E+08   0.698510E+02
   0.138213E-03   0.198327E+08   0.198326E+08   0.241647E+08   0.241004E+08   0.198327E+08   0.198327E+08   0.198327E+08   0.198388E+08  -0.473560E+00   0.105017E+08   0.105017E+08   0.768025E+02
   0.152607E-03   0.198318E+08   0.198317E+08   0.236891E+08   0.236119E+08   0.198318E+08   0.198318E+08   0.198318E+08   0.198378E+08  -0.473533E+00   0.105012E+08   0.105012E+08   0.843691E+02
   0.168500E-03   0.198307E+08   0.198305E+08   0.231209E+08   0.230287E+08   0.198306E+08   0.198307E+08   0.198307E+08   0.198365E+08  -0.473500E+00   0.105006E+08   0.105006E+08   0.925791E+02
   0.186048E-03   0.198293E+08   0.198292E+08   0.224453E+08   0.223356E+08   0.198292E+08   0.198293E+08   0.198293E+08   0.198350E+08  -0.473460E+00   0.104999E+08   0.104999E+08   0.101452E+03
   0.205424E-03   0.198277E+08   0.198275E+08   0.216464E+08   0.215167E+08   0.198274E+08   0.198277E+08   0.198277E+08   0.198331E+08  -0.473412E+00   0.104990E+08   0.104990E+08   0.110996E+03
   0.226817E-03   0.198257E+08   0.198254E+08   0.207082E+08   0.205557E+08   0.198253E+08   0.198257E+08   0.198257E+08   0.198309E+08  -0.473353E+00   0.104980E+08   0.104979E+08   0.121201E+03
   0.250438E-03   0.198233E+08   0.198230E+08   0.196155E+08   0.194377E+08   0.198228E+08   0.198232E+08   0.198233E+08   0.198282E+08  -0.473283E+00   0.104967E+08   0.104966E+08   0.132033E+03
   0.276520E-03   0.198204E+08   0.198200E+08   0.183561E+08   0.181510E+08   0.198197E+08   0.198203E+08   0.198203E+08   0.198249E+08  -0.473198E+00   0.104951E+08   0.104950E+08   0.143426E+03
   0.305317E-03   0.198169E+08   0.198164E+08   0.169231E+08   0.166895E+08   0.198160E+08   0.198168E+08   0.198168E+08   0.198210E+08  -0.473096E+00   0.104932E+08   0.104930E+08   0.155274E+03
   0.337113E-03   0.198126E+08   0.198120E+08   0.153184E+08   0.150565E+08   0.198115E+08   0.198125E+08   0.198125E+08   0.198163E+08  -0.472974E+00   0.104909E+08   0.104907E+08   0.167419E+03
   0.372221E-03   0.198075E+08   0.198067E+08   0.135568E+08   0.132688E+08   0.198060E+08   0.198073E+08   0.198074E+08   0.198107E+08  -0.472829E+00   0.104881E+08   0.104879E+08   0.179646E+03
   0.410985E-03   0.198013E+08   0.198004E+08   0.116705E+08   0.113618E+08   0.197995E+08   0.198011E+08   0.198012E+08   0.198040E+08  -0.472657E+00   0.104848E+08   0.104845E+08   0.191671E+03
   0.453786E-03   0.197939E+08   0.197928E+08   0.971335E+07   0.939263E+07   0.197916E+08   0.197936E+08   0.197937E+08   0.197961E+08  -0.472452E+00   0.104808E+08   0.104805E+08   0.203139E+03
   0.501045E-03   0.197850E+08   0.197838E+08   0.776247E+07   0.744270E+07   0.197822E+08   0.197847E+08   0.197848E+08   0.197867E+08  -0.472212E+00   0.104760E+08   0.104757E+08   0.213630E+03
   0.553225E-03   0.197744E+08   0.197730E+08   0.591588E+07   0.561382E+07   0.197710E+08   0.197741E+08   0.197742E+08   0.197756E+08  -0.471930E+00   0.104703E+08   0.104699E+08   0.222672E+03
   0.610839E-03   0.197619E+08   0.197602E+08   0.428244E+07   0.401731E+07   0.197576E+08   0.197615E+08   0.197616E+08   0.197625E+08  -0.471601E+00   0.104635E+08   0.104631E+08   0.229774E+03
   0.674453E-03   0.197470E+08   0.197450E+08   0.296227E+07   0.275277E+07   0.197418E+08   0.197465E+08   0.197467E+08   0.197473E+08  -0.471219E+00   0.104555E+08   0.104550E+08   0.234472E+03
   0.744692E-03   0.197295E+08   0.197272E+08   0.201846E+07   0.187809E+07   0.197231E+08   0.197289E+08   0.197291E+08   0.197294E+08  -0.470777E+00   0.104460E+08   0.104455E+08   0.236385E+03
   0.822246E-03   0.197089E+08   0.197063E+08   0.144701E+07   0.137864E+07   0.197010E+08   0.197082E+08   0.197085E+08   0.197086E+08  -0.470266E+00   0.104349E+08   0.104344E+08   0.235277E+03
   0.907877E-03   0.196848E+08   0.196819E+08   0.116105E+07   0.115286E+07   0.196752E+08   0.196841E+08   0.196843E+08   0.196844E+08  -0.469675E+00   0.104220E+08   0.104214E+08   0.231094E+03
   0.100243E-02   0.196567E+08   0.196536E+08   0.101036E+07   0.103655E+07   0.196450E+08   0.196559E+08   0.196562E+08   0.196561E+08  -0.468993E+00   0.104070E+08   0.104063E+08   0.223969E+03
   0.110682E-02   0.196241E+08   0.196207E+08   0.847346E+06   0.876327E+06   0.196097E+08   0.196231E+08   0.196236E+08   0.196234E+08  -0.468206E+00   0.103895E+08   0.103888E+08   0.214172E+03
   0.122209E-02   0.195863E+08   0.195826E+08   0.614540E+06   0.623027E+06   0.195688E+08   0.195852E+08   0.195857E+08   0.195854E+08  -0.467296E+00   0.103694E+08   0.103686E+08   0.202047E+03
   0.134936E-02   0.195427E+08   0.195388E+08   0.380314E+06   0.365043E+06   0.195213E+08   0.195414E+08   0.195421E+08   0.195415E+08  -0.466245E+00   0.103461E+08   0.103453E+08   0.187989E+03
   0.148988E-02   0.194924E+08   0.194883E+08   0.252894E+06   0.228751E+06   0.194663E+08   0.194910E+08   0.194917E+08   0.194910E+08  -0.465037E+00   0.103193E+08   0.103186E+08   0.172491E+03
   0.164504E-02   0.194345E+08   0.194304E+08   0.228190E+06  -0.170169E+06   0.194028E+08   0.194329E+08   0.194339E+08   0.194330E+08  -0.463648E+00   0.102886E+08   0.102878E+08   0.156228E+03
   0.181636E-02   0.193682E+08   0.193641E+08   0.183630E+06  -0.139094E+06   0.193296E+08   0.193664E+08   0.193675E+08   0.193664E+08  -0.462059E+00   0.102533E+08   0.102526E+08   0.140024E+03
   0.200552E-02   0.192923E+08   0.192882E+08   0.878869E+05  -0.113637E+06   0.192455E+08   0.192903E+08   0.192917E+08   0.192903E+08  -0.460241E+00   0.102130E+08   0.102122E+08   0.124674E+03
   0.221438E-02   0.192057E+08   0.192016E+08   0.546783E+05  -0.927875E+05   0.191491E+08   0.192034E+08   0.192050E+08   0.192034E+08  -0.458166E+00   0.101670E+08   0.101662E+08   0.110792E+03
   0.244500E-02   0.191071E+08   0.191029E+08   0.651935E+05  -0.757156E+05   0.190387E+08   0.191044E+08   0.191064E+08   0.191044E+08  -0.455803E+00   0.101146E+08   0.101138E+08   0.987932E+02
   0.269962E-02   0.189951E+08   0.189908E+08   0.260902E+05  -0.617400E+05   0.189127E+08   0.189920E+08   0.189944E+08   0.189920E+08  -0.453119E+00   0.100550E+08   0.100543E+08   0.887744E+02
   0.298077E-02   0.188682E+08   0.188637E+08   0.219020E+05  -0.503032E+05   0.187692E+08   0.188645E+08   0.188675E+08   0.188645E+08  -0.450078E+00   0.998760E+07   0.998688E+07   0.803944E+02
   0.329119E-02   0.187248E+08   0.187202E+08   0.121979E+05  -0.409475E+05   0.186062E+08   0.187206E+08   0.187241E+08   0.187206E+08  -0.446643E+00   0.991140E+07   0.991068E+07   0.730793E+02
   0.363395E-02   0.185633E+08   0.185584E+08   0.388739E+04  -0.332977E+05   0.184218E+08   0.185583E+08   0.185625E+08   0.185583E+08  -0.442772E+00   0.982556E+07   0.982484E+07   0.662626E+02
   0.401240E-02   0.183820E+08   0.183767E+08  -0.392353E+04  -0.270458E+05   0.182137E+08   0.183761E+08   0.183811E+08   0.183761E+08  -0.438424E+00   0.972914E+07   0.972842E+07   0.596954E+02
   0.443026E-02   0.181789E+08   0.181733E+08   0.370883E+04  -0.219397E+05   0.179797E+08   0.181720E+08   0.181780E+08   0.181720E+08  -0.433555E+00   0.962118E+07   0.962047E+07   0.535312E+02
   0.489163E-02   0.179522E+08   0.179463E+08  -0.224681E+03  -0.177722E+05   0.177178E+08   0.179443E+08   0.179513E+08   0.179443E+08  -0.428121E+00   0.950067E+07   0.949997E+07   0.480645E+02
   0.540106E-02   0.177001E+08   0.176937E+08  -0.359031E+04  -0.143735E+05   0.174259E+08   0.176909E+08   0.176991E+08   0.176909E+08  -0.422076E+00   0.936664E+07   0.936594E+07   0.433328E+02
   0.596354E-02   0.174208E+08   0.174138E+08  -0.120025E+04  -0.116044E+05   0.171019E+08   0.174102E+08   0.174197E+08   0.174102E+08  -0.415378E+00   0.921813E+07   0.921743E+07   0.390761E+02
   0.658460E-02   0.171125E+08   0.171048E+08  -0.230897E+04  -0.935071E+04   0.167444E+08   0.171003E+08   0.171113E+08   0.171003E+08  -0.407985E+00   0.905422E+07   0.905352E+07   0.351153E+02
   0.727033E-02   0.167737E+08   0.167651E+08  -0.157183E+04  -0.751866E+04   0.163516E+08   0.167598E+08   0.167724E+08   0.167598E+08  -0.399859E+00   0.887407E+07   0.887338E+07   0.315541E+02
   0.802749E-02   0.164029E+08   0.163933E+08  -0.239591E+04  -0.603145E+04   0.159225E+08   0.163871E+08   0.164014E+08   0.163871E+08  -0.390967E+00   0.867693E+07   0.867624E+07   0.284257E+02
   0.886349E-02   0.159990E+08   0.159881E+08  -0.223447E+04  -0.482604E+04   0.154560E+08   0.159810E+08   0.159972E+08   0.159810E+08  -0.381280E+00   0.846216E+07   0.846149E+07   0.255930E+02
   0.978655E-02   0.155608E+08   0.155485E+08  -0.144384E+04  -0.385072E+04   0.149515E+08   0.155407E+08   0.155589E+08   0.155407E+08  -0.370774E+00   0.822926E+07   0.822859E+07   0.230515E+02
   0.108057E-01   0.150878E+08   0.150737E+08  -0.154483E+04  -0.306308E+04   0.144085E+08   0.150653E+08   0.150856E+08   0.150653E+08  -0.359432E+00   0.797782E+07   0.797715E+07   0.208010E+02
   0.119311E-01   0.145793E+08   0.145633E+08  -0.127222E+04  -0.242834E+04   0.138271E+08   0.145543E+08   0.145768E+08   0.145543E+08  -0.347241E+00   0.770757E+07   0.770690E+07   0.187851E+02
   0.131736E-01   0.140352E+08   0.140168E+08  -0.843875E+03  -0.191799E+04   0.132082E+08   0.140076E+08   0.140323E+08   0.140076E+08  -0.334198E+00   0.741842E+07   0.741775E+07   0.169987E+02
   0.145456E-01   0.134556E+08   0.134346E+08  -0.951037E+03  -0.150871E+04   0.125534E+08   0.134254E+08   0.134523E+08   0.134254E+08  -0.320306E+00   0.711047E+07   0.710980E+07   0.154063E+02
   0.160604E-01   0.128411E+08   0.128172E+08  -0.705116E+03  -0.118142E+04   0.118644E+08   0.128082E+08   0.128373E+08   0.128082E+08  -0.305582E+00   0.678406E+07   0.678338E+07   0.139880E+02
   0.177329E-01   0.121929E+08   0.121656E+08  -0.562882E+03  -0.920512E+03   0.111436E+08   0.121573E+08   0.121885E+08   0.121573E+08  -0.290052E+00   0.643977E+07   0.643910E+07   0.127180E+02
   0.195797E-01   0.115126E+08   0.114818E+08  -0.562233E+03  -0.713258E+03   0.103937E+08   0.114744E+08   0.115077E+08   0.114744E+08  -0.273758E+00   0.607856E+07   0.607788E+07   0.115700E+02
   0.216188E-01   0.108059E+08   0.107713E+08  -0.281150E+03  -0.549425E+03   0.961732E+07   0.107650E+08   0.108004E+08   0.107650E+08  -0.256834E+00   0.570334E+07   0.570266E+07   0.105198E+02
   0.238702E-01   0.100723E+08   0.100340E+08  -0.258253E+03  -0.420325E+03   0.882670E+07   0.100291E+08   0.100662E+08   0.100291E+08  -0.239277E+00   0.531406E+07   0.531337E+07   0.953844E+01
   0.263561E-01   0.932253E+07   0.928077E+07  -0.216575E+03  -0.319328E+03   0.803099E+07   0.927744E+07   0.931589E+07   0.927744E+07  -0.221344E+00   0.491639E+07   0.491571E+07   0.860168E+01
   0.291009E-01   0.856644E+07   0.852176E+07  -0.142900E+03  -0.240874E+03   0.724116E+07   0.851989E+07   0.855933E+07   0.851989E+07  -0.203270E+00   0.451557E+07   0.451490E+07   0.768542E+01
   0.321315E-01   0.782046E+07   0.777383E+07  -0.138411E+03  -0.180533E+03   0.647321E+07   0.777295E+07   0.781304E+07   0.777295E+07  -0.185449E+00   0.412033E+07   0.411968E+07   0.677347E+01
   0.354778E-01   0.710125E+07   0.705409E+07  -0.848774E+02  -0.134600E+03   0.574361E+07   0.705335E+07   0.709375E+07   0.705335E+07  -0.168281E+00   0.373952E+07   0.373890E+07   0.585360E+01
   0.391725E-01   0.642700E+07   0.638111E+07  -0.664379E+02  -0.100038E+03   0.506854E+07   0.637927E+07   0.641970E+07   0.637927E+07  -0.152198E+00   0.338277E+07   0.338219E+07   0.492567E+01
   0.432520E-01   0.581618E+07   0.577365E+07  -0.484027E+02  -0.743557E+02   0.446180E+07   0.576909E+07   0.580942E+07   0.576909E+07  -0.137641E+00   0.305983E+07   0.305931E+07   0.400509E+01
   0.475772E-01   0.529834E+07   0.526095E+07   0.109562E+03  -0.560600E+02   0.394857E+07   0.525218E+07   0.529239E+07   0.525218E+07  -0.125308E+00   0.278625E+07   0.278580E+07   0.315587E+01
   0.519024E-01   0.489262E+07   0.486118E+07   0.849083E+02  -0.435626E+02   0.354377E+07   0.484741E+07   0.488762E+07   0.484741E+07  -0.115651E+00   0.257205E+07   0.257167E+07   0.244858E+01
   0.562276E-01   0.456420E+07   0.453865E+07   0.674137E+02  -0.346777E+02   0.321423E+07   0.451986E+07   0.456013E+07   0.451986E+07  -0.107836E+00   0.239873E+07   0.239841E+07   0.188699E+01
   0.605528E-01   0.428640E+07   0.426599E+07   0.545286E+02  -0.281213E+02   0.293602E+07   0.424284E+07   0.428315E+07   0.424284E+07  -0.101227E+00   0.225215E+07   0.225188E+07   0.146690E+01
   0.648780E-01   0.404010E+07   0.402359E+07   0.447217E+02  -0.231214E+02   0.269258E+07   0.399723E+07   0.403747E+07   0.399723E+07  -0.953670E-01   0.212218E+07   0.212195E+07   0.117498E+01
   0.692032E-01   0.380877E+07   0.379471E+07   0.370140E+02  -0.191835E+02   0.247063E+07   0.376656E+07   0.380653E+07   0.376656E+07  -0.898636E-01   0.200009E+07   0.199988E+07   0.989562E+00
   0.735284E-01   0.358136E+07   0.356832E+07   0.307944E+02  -0.159984E+02   0.226180E+07   0.353986E+07   0.357928E+07   0.353986E+07  -0.844549E-01   0.188005E+07   0.187986E+07   0.884427E+00
   0.778536E-01   0.335438E+07   0.334123E+07   0.256967E+02  -0.133816E+02   0.206315E+07   0.331372E+07   0.335229E+07   0.331372E+07  -0.790595E-01   0.176026E+07   0.176006E+07   0.832576E+00
   0.821788E-01   0.313075E+07   0.311673E+07   0.214995E+02  -0.112220E+02   0.187579E+07   0.309104E+07   0.312852E+07   0.309104E+07  -0.737467E-01   0.164226E+07   0.164206E+07   0.809315E+00
   0.865040E-01   0.291659E+07   0.290140E+07   0.180544E+02  -0.944511E+01   0.170291E+07   0.287793E+07   0.291418E+07   0.287793E+07  -0.686625E-01   0.152930E+07   0.152909E+07   0.794463E+00
   0.908292E-01   0.271788E+07   0.270165E+07   0.152424E+02  -0.799155E+01   0.154691E+07   0.268034E+07   0.271530E+07   0.268034E+07  -0.639482E-01   0.142453E+07   0.142432E+07   0.773654E+00
   0.961876E-01   0.249984E+07   0.248296E+07   0.124840E+02  -0.656255E+01   0.137920E+07   0.246371E+07   0.249716E+07   0.246371E+07  -0.587797E-01   0.130966E+07   0.130945E+07   0.728075E+00
   0.101546E+00   0.231810E+07   0.230156E+07   0.103739E+02  -0.546710E+01   0.124039E+07   0.228330E+07   0.231547E+07   0.228330E+07  -0.544756E-01   0.121399E+07   0.121379E+07   0.658290E+00
   0.106904E+00   0.217383E+07   0.215858E+07   0.876784E+01  -0.463178E+01   0.112876E+07   0.214021E+07   0.217140E+07   0.214021E+07  -0.510616E-01   0.113812E+07   0.113794E+07   0.571251E+00
   0.112263E+00   0.206178E+07   0.204848E+07   0.753363E+01  -0.398892E+01   0.103944E+07   0.202913E+07   0.205966E+07   0.202913E+07  -0.484116E-01   0.107924E+07   0.107908E+07   0.478910E+00
   0.117621E+00   0.197146E+07   0.196033E+07   0.655637E+01  -0.347913E+01   0.965458E+06   0.193964E+07   0.196969E+07   0.193964E+07  -0.462764E-01   0.103182E+07   0.103168E+07   0.393533E+00
   0.122980E+00   0.189137E+07   0.188220E+07   0.574893E+01  -0.305717E+01   0.900122E+06   0.186030E+07   0.188991E+07   0.186030E+07  -0.443835E-01   0.989776E+06   0.989656E+06   0.324354E+00
   0.128338E+00   0.181263E+07   0.180485E+07   0.505473E+01  -0.269358E+01   0.838650E+06   0.178228E+07   0.181139E+07   0.178228E+07  -0.425222E-01   0.948420E+06   0.948314E+06   0.275834E+00
   0.133696E+00   0.173026E+07   0.172320E+07   0.444202E+01  -0.237188E+01   0.778553E+06   0.170069E+07   0.172914E+07   0.170069E+07  -0.405756E-01   0.905143E+06   0.905044E+06   0.247451E+00
   0.139055E+00   0.164321E+07   0.163623E+07   0.389602E+01  -0.208446E+01   0.719329E+06   0.161449E+07   0.164210E+07   0.161449E+07  -0.385188E-01   0.859393E+06   0.859295E+06   0.234775E+00
   0.144413E+00   0.155344E+07   0.154610E+07   0.341162E+01  -0.182883E+01   0.661818E+06   0.152563E+07   0.155227E+07   0.152563E+07  -0.363988E-01   0.812212E+06   0.812112E+06   0.231288E+00
   0.149771E+00   0.146467E+07   0.145681E+07   0.298773E+01  -0.160461E+01   0.607512E+06   0.143781E+07   0.146342E+07   0.143781E+07  -0.343037E-01   0.765570E+06   0.765467E+06   0.230353E+00
   0.155130E+00   0.138133E+07   0.137302E+07   0.262396E+01  -0.141179E+01   0.558015E+06   0.135541E+07   0.138001E+07   0.135541E+07  -0.323377E-01   0.721795E+06   0.721690E+06   0.226793E+00
   0.160488E+00   0.130750E+07   0.129904E+07   0.231862E+01  -0.124968E+01   0.514640E+06   0.128247E+07   0.130616E+07   0.128247E+07  -0.305976E-01   0.683044E+06   0.682940E+06   0.217782E+00
   0.165847E+00   0.124560E+07   0.123734E+07   0.206680E+01  -0.111580E+01   0.477892E+06   0.122135E+07   0.124428E+07   0.122135E+07  -0.291394E-01   0.650575E+06   0.650474E+06   0.202924E+00
   0.171205E+00   0.119526E+07   0.118754E+07   0.185978E+01  -0.100564E+01   0.447181E+06   0.117169E+07   0.119403E+07   0.117169E+07  -0.279544E-01   0.624196E+06   0.624102E+06   0.183728E+00
   0.176563E+00   0.115387E+07   0.114690E+07   0.168701E+01  -0.913601E+00   0.421128E+06   0.113087E+07   0.115276E+07   0.113087E+07  -0.269806E-01   0.602524E+06   0.602438E+06   0.162781E+00
   0.181922E+00   0.111805E+07   0.111188E+07   0.153887E+01  -0.834594E+00   0.398206E+06   0.109556E+07   0.111707E+07   0.109556E+07  -0.261381E-01   0.583774E+06   0.583697E+06   0.142863E+00
   0.187280E+00   0.108465E+07   0.107920E+07   0.140791E+01  -0.764650E+00   0.377110E+06   0.106264E+07   0.108378E+07   0.106264E+07  -0.253527E-01   0.566296E+06   0.566225E+06   0.126193E+00
   0.192639E+00   0.105102E+07   0.104608E+07   0.128867E+01  -0.700861E+00   0.356819E+06   0.102948E+07   0.105023E+07   0.102948E+07  -0.245617E-01   0.548687E+06   0.548621E+06   0.113943E+00
   0.197997E+00   0.101533E+07   0.101067E+07   0.117774E+01  -0.641398E+00   0.336687E+06   0.994306E+06   0.101459E+07   0.994306E+06  -0.237224E-01   0.529993E+06   0.529930E+06   0.106144E+00
   0.203355E+00   0.977248E+06   0.972641E+06   0.107395E+01  -0.585647E+00   0.316606E+06   0.956770E+06   0.976515E+06   0.956770E+06  -0.228269E-01   0.510037E+06   0.509975E+06   0.101908E+00
   0.208714E+00   0.937889E+06   0.933185E+06   0.977832E+00  -0.533922E+00   0.296947E+06   0.917986E+06   0.937141E+06   0.917986E+06  -0.219015E-01   0.489410E+06   0.489348E+06   0.998266E-01
   0.214072E+00   0.899033E+06   0.894175E+06   0.890420E+00  -0.486805E+00   0.278250E+06   0.879709E+06   0.898260E+06   0.879709E+06  -0.209883E-01   0.469049E+06   0.468986E+06   0.983969E-01
   0.219430E+00   0.862331E+06   0.857353E+06   0.812369E+00  -0.444675E+00   0.260970E+06   0.843569E+06   0.861539E+06   0.843569E+06  -0.201261E-01   0.449822E+06   0.449758E+06   0.963825E-01
   0.224789E+00   0.829019E+06   0.824020E+06   0.743772E+00  -0.407604E+00   0.245394E+06   0.810784E+06   0.828223E+06   0.810784E+06  -0.193439E-01   0.432379E+06   0.432316E+06   0.930538E-01
   0.230147E+00   0.799804E+06   0.794911E+06   0.684179E+00  -0.375369E+00   0.231630E+06   0.782048E+06   0.799025E+06   0.782048E+06  -0.186583E-01   0.417090E+06   0.417030E+06   0.882589E-01
   0.235506E+00   0.774687E+06   0.770017E+06   0.632581E+00  -0.347436E+00   0.219571E+06   0.757356E+06   0.773944E+06   0.757356E+06  -0.180692E-01   0.403956E+06   0.403898E+06   0.823306E-01
   0.240864E+00   0.752956E+06   0.748585E+06   0.587531E+00  -0.323030E+00   0.208919E+06   0.736003E+06   0.752260E+06   0.736003E+06  -0.175597E-01   0.392598E+06   0.392543E+06   0.758948E-01
   0.246222E+00   0.733463E+06   0.729416E+06   0.547460E+00  -0.301302E+00   0.199277E+06   0.716855E+06   0.732819E+06   0.716855E+06  -0.171029E-01   0.382414E+06   0.382363E+06   0.696508E-01
   0.251581E+00   0.714988E+06   0.711235E+06   0.510977E+00  -0.281500E+00   0.190263E+06   0.698709E+06   0.714391E+06   0.698709E+06  -0.166700E-01   0.372763E+06   0.372714E+06   0.641809E-01
   0.256939E+00   0.696512E+06   0.692986E+06   0.477037E+00  -0.263054E+00   0.181576E+06   0.680560E+06   0.695951E+06   0.680560E+06  -0.162370E-01   0.363108E+06   0.363062E+06   0.598269E-01
   0.262297E+00   0.677427E+06   0.674043E+06   0.445021E+00  -0.245629E+00   0.173045E+06   0.661813E+06   0.676889E+06   0.661813E+06  -0.157897E-01   0.353131E+06   0.353087E+06   0.566496E-01
   0.267656E+00   0.657651E+06   0.654330E+06   0.414729E+00  -0.229121E+00   0.164645E+06   0.642387E+06   0.657122E+06   0.642387E+06  -0.153262E-01   0.342790E+06   0.342746E+06   0.544663E-01
   0.273014E+00   0.637532E+06   0.634217E+06   0.386249E+00  -0.213579E+00   0.156460E+06   0.622626E+06   0.637004E+06   0.622626E+06  -0.148548E-01   0.332268E+06   0.332225E+06   0.529375E-01
   0.278373E+00   0.617626E+06   0.614293E+06   0.359769E+00  -0.199111E+00   0.148616E+06   0.603078E+06   0.617095E+06   0.603078E+06  -0.143884E-01   0.321858E+06   0.321815E+06   0.516746E-01
   0.283731E+00   0.598504E+06   0.595160E+06   0.335448E+00  -0.185809E+00   0.141234E+06   0.584306E+06   0.597972E+06   0.584306E+06  -0.139405E-01   0.311860E+06   0.311817E+06   0.503399E-01
   0.289089E+00   0.580657E+06   0.577331E+06   0.313369E+00  -0.173723E+00   0.134406E+06   0.566791E+06   0.580128E+06   0.566791E+06  -0.135226E-01   0.302531E+06   0.302489E+06   0.487167E-01
   0.294448E+00   0.564393E+06   0.561128E+06   0.293499E+00  -0.162838E+00   0.128175E+06   0.550837E+06   0.563874E+06   0.550837E+06  -0.131420E-01   0.294034E+06   0.293993E+06   0.467351E-01
   0.299806E+00   0.549747E+06   0.546583E+06   0.275661E+00  -0.153059E+00   0.122517E+06   0.536475E+06   0.549244E+06   0.536475E+06  -0.127994E-01   0.286385E+06   0.286345E+06   0.444558E-01
   0.305165E+00   0.536475E+06   0.533441E+06   0.259560E+00  -0.144227E+00   0.117351E+06   0.523466E+06   0.535993E+06   0.523466E+06  -0.124890E-01   0.279457E+06   0.279418E+06   0.420276E-01
   0.310523E+00   0.524181E+06   0.521288E+06   0.244861E+00  -0.136158E+00   0.112566E+06   0.511418E+06   0.523721E+06   0.511418E+06  -0.122016E-01   0.273040E+06   0.273004E+06   0.396331E-01
   0.315881E+00   0.512455E+06   0.509695E+06   0.231262E+00  -0.128688E+00   0.108057E+06   0.499929E+06   0.512016E+06   0.499929E+06  -0.119274E-01   0.266921E+06   0.266886E+06   0.374373E-01
   0.321240E+00   0.500953E+06   0.498305E+06   0.218529E+00  -0.121686E+00   0.103738E+06   0.488659E+06   0.500531E+06   0.488659E+06  -0.116585E-01   0.260918E+06   0.260884E+06   0.355489E-01
   0.326598E+00   0.489433E+06   0.486869E+06   0.206495E+00  -0.115063E+00   0.995539E+05   0.477371E+06   0.489025E+06   0.477371E+06  -0.113892E-01   0.254904E+06   0.254871E+06   0.340025E-01
   0.331956E+00   0.477797E+06   0.475288E+06   0.195072E+00  -0.108770E+00   0.954781E+05   0.465970E+06   0.477398E+06   0.465970E+06  -0.111172E-01   0.248830E+06   0.248797E+06   0.327637E-01
   0.337315E+00   0.466113E+06   0.463636E+06   0.184248E+00  -0.102802E+00   0.915205E+05   0.454522E+06   0.465719E+06   0.454522E+06  -0.108441E-01   0.242728E+06   0.242696E+06   0.317500E-01
   0.342673E+00   0.454569E+06   0.452113E+06   0.174057E+00  -0.971777E-01   0.877132E+05   0.443213E+06   0.454178E+06   0.443213E+06  -0.105743E-01   0.236701E+06   0.236669E+06   0.308586E-01
   0.348032E+00   0.443384E+06   0.440948E+06   0.164539E+00  -0.919206E-01   0.840923E+05   0.432258E+06   0.442997E+06   0.432258E+06  -0.103129E-01   0.230861E+06   0.230830E+06   0.299928E-01
   0.353390E+00   0.432732E+06   0.430323E+06   0.155710E+00  -0.870404E-01   0.806822E+05   0.421826E+06   0.432349E+06   0.421826E+06  -0.100640E-01   0.225300E+06   0.225270E+06   0.290824E-01
   0.358748E+00   0.422709E+06   0.420339E+06   0.147554E+00  -0.825297E-01   0.774916E+05   0.412014E+06   0.422332E+06   0.412014E+06  -0.982993E-02   0.220069E+06   0.220039E+06   0.280951E-01
   0.364107E+00   0.413338E+06   0.411023E+06   0.140032E+00  -0.783674E-01   0.745153E+05   0.402843E+06   0.412970E+06   0.402843E+06  -0.961113E-02   0.215181E+06   0.215151E+06   0.270362E-01
   0.369465E+00   0.404575E+06   0.402323E+06   0.133084E+00  -0.745204E-01   0.717354E+05   0.394268E+06   0.404216E+06   0.394268E+06  -0.940655E-02   0.210609E+06   0.210581E+06   0.259395E-01
   0.374823E+00   0.396306E+06   0.394123E+06   0.126634E+00  -0.709472E-01   0.691239E+05   0.386179E+06   0.395959E+06   0.386179E+06  -0.921357E-02   0.206297E+06   0.206269E+06   0.248524E-01
   0.380182E+00   0.388383E+06   0.386268E+06   0.120602E+00  -0.676033E-01   0.666477E+05   0.378430E+06   0.388047E+06   0.378430E+06  -0.902868E-02   0.202166E+06   0.202139E+06   0.238215E-01
   0.385540E+00   0.380667E+06   0.378613E+06   0.114918E+00  -0.644502E-01   0.642776E+05   0.370883E+06   0.380340E+06   0.370883E+06  -0.884862E-02   0.198142E+06   0.198116E+06   0.228813E-01
   0.390899E+00   0.373064E+06   0.371062E+06   0.109532E+00  -0.614607E-01   0.619937E+05   0.363447E+06   0.372745E+06   0.363447E+06  -0.867121E-02   0.194177E+06   0.194151E+06   0.220479E-01
   0.396257E+00   0.365533E+06   0.363573E+06   0.104415E+00  -0.586186E-01   0.597863E+05   0.356082E+06   0.365221E+06   0.356082E+06  -0.849550E-02   0.190250E+06   0.190224E+06   0.213180E-01
   0.401615E+00   0.358076E+06   0.356149E+06   0.995522E-01  -0.559157E-01   0.576526E+05   0.348790E+06   0.357770E+06   0.348790E+06  -0.832152E-02   0.186361E+06   0.186336E+06   0.206727E-01
   0.406974E+00   0.350731E+06   0.348830E+06   0.949385E-01  -0.533498E-01   0.555960E+05   0.341607E+06   0.350428E+06   0.341607E+06  -0.815014E-02   0.182529E+06   0.182505E+06   0.200842E-01
   0.412332E+00   0.343560E+06   0.341685E+06   0.905769E-01  -0.509225E-01   0.536237E+05   0.334596E+06   0.343262E+06   0.334596E+06  -0.798287E-02   0.178790E+06   0.178766E+06   0.195241E-01
   0.417691E+00   0.336633E+06   0.334783E+06   0.864702E-01  -0.486358E-01   0.517431E+05   0.327823E+06   0.336339E+06   0.327823E+06  -0.782129E-02   0.175177E+06   0.175154E+06   0.189698E-01
   0.423049E+00   0.329993E+06   0.328173E+06   0.826144E-01  -0.464878E-01   0.499573E+05   0.321333E+06   0.329704E+06   0.321333E+06  -0.766645E-02   0.171715E+06   0.171692E+06   0.184081E-01
   0.428407E+00   0.323652E+06   0.321864E+06   0.789974E-01  -0.444717E-01   0.482643E+05   0.315136E+06   0.323368E+06   0.315136E+06  -0.751860E-02   0.168409E+06   0.168386E+06   0.178358E-01
   0.433766E+00   0.317595E+06   0.315844E+06   0.756015E-01  -0.425779E-01   0.466585E+05   0.309218E+06   0.317316E+06   0.309218E+06  -0.737739E-02   0.165252E+06   0.165229E+06   0.172587E-01
   0.439124E+00   0.311790E+06   0.310078E+06   0.724066E-01  -0.407955E-01   0.451319E+05   0.303548E+06   0.311518E+06   0.303548E+06  -0.724211E-02   0.162227E+06   0.162205E+06   0.166882E-01
   0.444482E+00   0.306197E+06   0.304524E+06   0.693915E-01  -0.391125E-01   0.436756E+05   0.298084E+06   0.305931E+06   0.298084E+06  -0.711176E-02   0.159312E+06   0.159290E+06   0.161375E-01
   0.449841E+00   0.300767E+06   0.299130E+06   0.665352E-01  -0.375174E-01   0.422800E+05   0.292780E+06   0.300506E+06   0.292780E+06  -0.698521E-02   0.156482E+06   0.156461E+06   0.156173E-01
   0.455199E+00   0.295457E+06   0.293854E+06   0.638201E-01  -0.360004E-01   0.409371E+05   0.287594E+06   0.295202E+06   0.287594E+06  -0.686149E-02   0.153715E+06   0.153694E+06   0.151338E-01
   0.460558E+00   0.290242E+06   0.288669E+06   0.612331E-01  -0.345542E-01   0.396415E+05   0.282501E+06   0.289992E+06   0.282501E+06  -0.673998E-02   0.150997E+06   0.150977E+06   0.146879E-01
   0.465916E+00   0.285114E+06   0.283568E+06   0.587659E-01  -0.331744E-01   0.383905E+05   0.277493E+06   0.284868E+06   0.277493E+06  -0.662051E-02   0.148325E+06   0.148305E+06   0.142759E-01
   0.471274E+00   0.280082E+06   0.278560E+06   0.564142E-01  -0.318585E-01   0.371838E+05   0.272580E+06   0.279840E+06   0.272580E+06  -0.650327E-02   0.145703E+06   0.145683E+06   0.138908E-01
   0.476633E+00   0.275163E+06   0.273662E+06   0.541754E-01  -0.306052E-01   0.360220E+05   0.267776E+06   0.274924E+06   0.267776E+06  -0.638866E-02   0.143139E+06   0.143120E+06   0.135244E-01
   0.481991E+00   0.270372E+06   0.268894E+06   0.520471E-01  -0.294131E-01   0.349058E+05   0.263099E+06   0.270137E+06   0.263099E+06  -0.627707E-02   0.140643E+06   0.140624E+06   0.131694E-01
   0.487350E+00   0.265724E+06   0.264268E+06   0.500260E-01  -0.282807E-01   0.338353E+05   0.258561E+06   0.265493E+06   0.258561E+06  -0.616882E-02   0.138221E+06   0.138202E+06   0.128203E-01
   0.492708E+00   0.261226E+06   0.259794E+06   0.481081E-01  -0.272057E-01   0.328099E+05   0.254171E+06   0.260998E+06   0.254171E+06  -0.606407E-02   0.135877E+06   0.135859E+06   0.124749E-01
   0.498066E+00   0.256881E+06   0.255472E+06   0.462887E-01  -0.261854E-01   0.318283E+05   0.249930E+06   0.256657E+06   0.249930E+06  -0.596289E-02   0.133614E+06   0.133596E+06   0.121333E-01
   0.503425E+00   0.252680E+06   0.251296E+06   0.445612E-01  -0.252163E-01   0.308880E+05   0.245830E+06   0.252460E+06   0.245830E+06  -0.586507E-02   0.131425E+06   0.131407E+06   0.117980E-01
   0.508783E+00   0.248605E+06   0.247245E+06   0.429180E-01  -0.242942E-01   0.299855E+05   0.241853E+06   0.248388E+06   0.241853E+06  -0.577020E-02   0.129303E+06   0.129285E+06   0.114720E-01
   0.514141E+00   0.244638E+06   0.243303E+06   0.413519E-01  -0.234149E-01   0.291172E+05   0.237983E+06   0.244425E+06   0.237983E+06  -0.567786E-02   0.127236E+06   0.127219E+06   0.111584E-01
   0.519500E+00   0.240766E+06   0.239454E+06   0.398570E-01  -0.225753E-01   0.282806E+05   0.234206E+06   0.240558E+06   0.234206E+06  -0.558775E-02   0.125220E+06   0.125203E+06   0.108594E-01
   0.524858E+00   0.236981E+06   0.235691E+06   0.384284E-01  -0.217727E-01   0.274735E+05   0.230513E+06   0.236776E+06   0.230513E+06  -0.549964E-02   0.123249E+06   0.123232E+06   0.105759E-01
   0.530217E+00   0.233273E+06   0.232003E+06   0.370616E-01  -0.210044E-01   0.266939E+05   0.226896E+06   0.233071E+06   0.226896E+06  -0.541334E-02   0.121317E+06   0.121301E+06   0.103072E-01
   0.535575E+00   0.229636E+06   0.228385E+06   0.357529E-01  -0.202686E-01   0.259404E+05   0.223348E+06   0.229437E+06   0.223348E+06  -0.532870E-02   0.119423E+06   0.119407E+06   0.100516E-01
   0.540933E+00   0.226074E+06   0.224841E+06   0.345000E-01  -0.195639E-01   0.252124E+05   0.219874E+06   0.225878E+06   0.219874E+06  -0.524580E-02   0.117568E+06   0.117552E+06   0.980677E-02
   0.546292E+00   0.222593E+06   0.221378E+06   0.333016E-01  -0.188895E-01   0.245098E+05   0.216478E+06   0.222400E+06   0.216478E+06  -0.516480E-02   0.115755E+06   0.115739E+06   0.957045E-02
   0.551650E+00   0.219199E+06   0.218001E+06   0.321560E-01  -0.182446E-01   0.238327E+05   0.213168E+06   0.219008E+06   0.213168E+06  -0.508583E-02   0.113987E+06   0.113972E+06   0.934075E-02
   0.557009E+00   0.215892E+06   0.214712E+06   0.310608E-01  -0.176280E-01   0.231800E+05   0.209944E+06   0.215704E+06   0.209944E+06  -0.500889E-02   0.112266E+06   0.112250E+06   0.911637E-02
   0.562367E+00   0.212671E+06   0.211508E+06   0.300136E-01  -0.170381E-01   0.225510E+05   0.206803E+06   0.212486E+06   0.206803E+06  -0.493395E-02   0.110588E+06   0.110573E+06   0.889679E-02
   0.567725E+00   0.209533E+06   0.208387E+06   0.290119E-01  -0.164737E-01   0.219446E+05   0.203743E+06   0.209351E+06   0.203743E+06  -0.486096E-02   0.108954E+06   0.108939E+06   0.868221E-02
   0.573084E+00   0.206477E+06   0.205348E+06   0.280535E-01  -0.159336E-01   0.213599E+05   0.200764E+06   0.206297E+06   0.200764E+06  -0.478987E-02   0.107363E+06   0.107348E+06   0.847332E-02
   0.578442E+00   0.203497E+06   0.202386E+06   0.271358E-01  -0.154162E-01   0.207958E+05   0.197859E+06   0.203320E+06   0.197859E+06  -0.472057E-02   0.105812E+06   0.105797E+06   0.827087E-02
   0.629704E+00   0.178008E+06   0.177035E+06   0.200104E-01  -0.113928E-01   0.162470E+05   0.173017E+06   0.177853E+06   0.173017E+06  -0.412789E-02   0.925426E+05   0.925300E+05   0.665967E-02
   0.769122E+00   0.129414E+06   0.128708E+06   0.973284E-02  -0.556596E-02   0.896086E+04   0.125701E+06   0.129302E+06   0.125701E+06  -0.299901E-02   0.672578E+05   0.672486E+05   0.398370E-02
   0.939408E+00   0.936328E+05   0.931214E+05   0.471293E-02  -0.270483E-02   0.485311E+04   0.908975E+05   0.935515E+05   0.908975E+05  -0.216866E-02   0.486493E+05   0.486426E+05   0.237891E-02
   0.114740E+01   0.674558E+05   0.670872E+05   0.227317E-02  -0.130829E-02   0.258448E+04   0.654579E+05   0.673972E+05   0.654579E+05  -0.156171E-02   0.350415E+05   0.350366E+05   0.142020E-02
   0.140143E+01   0.483994E+05   0.481349E+05   0.109226E-02  -0.630007E-03   0.135454E+04   0.469510E+05   0.483573E+05   0.469510E+05  -0.112017E-02   0.251385E+05   0.251350E+05   0.849263E-03
   0.171171E+01   0.346028E+05   0.344135E+05   0.523074E-03  -0.302211E-03   0.699488E+03   0.335592E+05   0.345727E+05   0.335592E+05  -0.800663E-03   0.179707E+05   0.179680E+05   0.510238E-03
   0.209069E+01   0.246576E+05   0.245225E+05   0.249716E-03  -0.144458E-03   0.356244E+03   0.239096E+05   0.246361E+05   0.239096E+05  -0.570441E-03   0.128047E+05   0.128027E+05   0.309128E-03
   0.255358E+01   0.175167E+05   0.174207E+05   0.118864E-03  -0.688268E-04   0.179109E+03   0.169832E+05   0.175015E+05   0.169832E+05  -0.405188E-03   0.909591E+04   0.909445E+04   0.189739E-03
   0.311895E+01   0.124088E+05   0.123406E+05   0.564253E-04  -0.326955E-04   0.889945E+02   0.120297E+05   0.123980E+05   0.120297E+05  -0.287007E-03   0.644324E+04   0.644214E+04   0.118655E-03
   0.380949E+01   0.876803E+04   0.871965E+04   0.267191E-04  -0.154906E-04   0.437528E+02   0.849952E+04   0.876033E+04   0.849952E+04  -0.202784E-03   0.455264E+04   0.455177E+04   0.760766E-04
   0.465292E+01   0.618053E+04   0.614624E+04   0.126223E-04  -0.732093E-05   0.213068E+02   0.599094E+04   0.617507E+04   0.599094E+04  -0.142933E-03   0.320905E+04   0.320835E+04   0.503063E-04
   0.568309E+01   0.434715E+04   0.432283E+04   0.595002E-05  -0.345221E-05   0.102901E+02   0.421363E+04   0.434328E+04   0.421363E+04  -0.100530E-03   0.225708E+04   0.225650E+04   0.344695E-04
   0.694134E+01   0.305134E+04   0.303407E+04   0.279898E-05  -0.162450E-05   0.493358E+01   0.295752E+04   0.304859E+04   0.295752E+04  -0.705612E-04   0.158426E+04   0.158375E+04   0.245243E-04
   0.847817E+01   0.213773E+04   0.212542E+04   0.131414E-05  -0.762985E-06   0.235069E+01   0.207194E+04   0.213577E+04   0.207194E+04  -0.494329E-04   0.110990E+04   0.110944E+04   0.181017E-04
   0.103553E+02   0.149504E+04   0.148620E+04   0.615868E-06  -0.357722E-06   0.111410E+01   0.144897E+04   0.149363E+04   0.144897E+04  -0.345700E-04   0.776200E+03   0.775771E+03   0.138106E-04
   0.126479E+02   0.104384E+04   0.103743E+04   0.288111E-06  -0.167442E-06   0.525658E+00   0.101163E+04   0.104282E+04   0.101163E+04  -0.241357E-04   0.541930E+03   0.541519E+03   0.108325E-04
   0.154482E+02   0.727685E+03   0.722977E+03   0.134548E-06  -0.782587E-07   0.247088E+00   0.705192E+03   0.726936E+03   0.705192E+03  -0.168247E-04   0.377781E+03   0.377379E+03   0.868312E-05
   0.188685E+02   0.506550E+03   0.503020E+03   0.627237E-07  -0.365254E-07   0.115778E+00   0.490852E+03   0.505989E+03   0.490852E+03  -0.117109E-04   0.262965E+03   0.262565E+03   0.707329E-05
   0.230461E+02   0.352129E+03   0.349412E+03   0.291871E-07  -0.170256E-07   0.541059E-01   0.341175E+03   0.351697E+03   0.341175E+03  -0.813984E-05   0.182788E+03   0.182385E+03   0.582780E-05
   0.281485E+02   0.244459E+03   0.242301E+03   0.135544E-07  -0.792690E-08   0.252272E-01   0.236812E+03   0.244115E+03   0.236812E+03  -0.564992E-05   0.126884E+03   0.126475E+03   0.483827E-05
   0.343807E+02   0.169493E+03   0.167717E+03   0.628018E-08  -0.368679E-08   0.117386E-01   0.164148E+03   0.169210E+03   0.164148E+03  -0.391628E-05   0.879600E+02   0.875441E+02   0.403580E-05
   0.419926E+02   0.117367E+03   0.115848E+03   0.290171E-08  -0.171314E-08   0.545203E-02   0.113621E+03   0.117125E+03   0.113621E+03  -0.271079E-05   0.608947E+02   0.604699E+02   0.337494E-05
   0.512900E+02   0.811665E+02   0.798193E+02   0.133595E-08  -0.795426E-09   0.252766E-02   0.785300E+02   0.809522E+02   0.785300E+02  -0.187359E-05   0.420982E+02   0.416639E+02   0.282451E-05
   0.626457E+02   0.560555E+02   0.548207E+02   0.612161E-09  -0.369104E-09   0.116970E-02   0.541877E+02   0.558590E+02   0.541877E+02  -0.129282E-05   0.290593E+02   0.286157E+02   0.236213E-05
   0.765156E+02   0.386556E+02   0.374934E+02   0.278671E-09  -0.171213E-09   0.540180E-03   0.373196E+02   0.384707E+02   0.373196E+02  -0.890381E-06   0.200241E+02   0.195720E+02   0.197104E-05
   0.934564E+02   0.266111E+02   0.254958E+02   0.125681E-09  -0.794106E-10   0.248861E-03   0.256427E+02   0.264336E+02   0.256427E+02  -0.611790E-06   0.137696E+02   0.133107E+02   0.163822E-05
   0.114148E+03   0.182817E+02   0.171980E+02   0.559207E-10  -0.368401E-10   0.114307E-03   0.175675E+02   0.181093E+02   0.175675E+02  -0.419129E-06   0.944430E+01   0.898123E+01   0.135324E-05
