#          k/h    CDM            baryon         photon         nu             mass_nu        total          no_nu          total_de       Weyl           v_CDM          v_b            v_b-v_c     
   0.105171E-04   0.191619E+07   0.191619E+07   0.255480E+07   0.255480E+07   0.191666E+07   0.191620E+07   0.191619E+07   0.192462E+07  -0.600625E+00   0.191307E+07   0.191307E+07   0.491364E+00
   0.116124E-04   0.191619E+07   0.191619E+07   0.255478E+07   0.255478E+07   0.191666E+07   0.191620E+07   0.191619E+07   0.192462E+07  -0.600625E+00   0.191307E+07   0.191307E+07   0.542533E+00
   0.128218E-04   0.191619E+07   0.191619E+07   0.255475E+07   0.255474E+07   0.191666E+07   0.191620E+07   0.191619E+07   0.192462E+07  -0.600625E+00   0.191307E+07   0.191307E+07   0.599030E+00
   0.141570E-04   0.191619E+07   0.191619E+07   0.255471E+07   0.255471E+07   0.191665E+07   0.191620E+07   0.191619E+07   0.192462E+07  -0.600625E+00   0.191306E+07   0.191306E+07   0.661408E+00
   0.156314E-04   0.191619E+07   0.191619E+07   0.255466E+07   0.255466E+07   0.191665E+07   0.191620E+07   0.191619E+07   0.192462E+07  -0.600625E+00   0.191306E+07   0.191306E+07   0.730281E+00
   0.172593E-04   0.191618E+07   0.191618E+07   0.255461E+07   0.255460E+07   0.191665E+07   0.191620E+07   0.191618E+07   0.192462E+07  -0.600624E+00   0.191306E+07   0.191306E+07   0.806324E+00
   0.190567E-04   0.191618E+07   0.191618E+07   0.255454E+07   0.255454E+07   0.191665E+07   0.191620E+07   0.191618E+07   0.192462E+07  -0.600624E+00   0.191306E+07   0.191306E+07   0.890283E+00
   0.210413E-04   0.191618E+07   0.191618E+07   0.255446E+07   0.255445E+07   0.191665E+07   0.191620E+07   0.191618E+07   0.192461E+07  -0.600623E+00   0.191306E+07   0.191306E+07   0.982980E+00
   0.232326E-04   0.191618E+07   0.191618E+07   0.255436E+07   0.255435E+07   0.191665E+07   0.191620E+07   0.191618E+07   0.192461E+07  -0.600623E+00   0.191306E+07   0.191306E+07   0.108532E+01
   0.256521E-04   0.191618E+07   0.191618E+07   0.255423E+07   0.255422E+07   0.191665E+07   0.191619E+07   0.191618E+07   0.192461E+07  -0.600622E+00   0.191306E+07   0.191306E+07   0.119832E+01
   0.283236E-04   0.191618E+07   0.191618E+07   0.255408E+07   0.255407E+07   0.191664E+07   0.191619E+07   0.191618E+07   0.192461E+07  -0.600622E+00   0.191306E+07   0.191306E+07   0.132307E+01
   0.312733E-04   0.191618E+07   0.191618E+07   0.255390E+07   0.255389E+07   0.191664E+07   0.191619E+07   0.191618E+07   0.192461E+07  -0.600621E+00   0.191306E+07   0.191306E+07   0.146079E+01
   0.345301E-04   0.191617E+07   0.191617E+07   0.255368E+07   0.255366E+07   0.191664E+07   0.191619E+07   0.191617E+07   0.192460E+07  -0.600620E+00   0.191305E+07   0.191305E+07   0.161284E+01
   0.381262E-04   0.191617E+07   0.191617E+07   0.255341E+07   0.255339E+07   0.191663E+07   0.191619E+07   0.191617E+07   0.192460E+07  -0.600618E+00   0.191305E+07   0.191305E+07   0.178070E+01
   0.420968E-04   0.191617E+07   0.191617E+07   0.255308E+07   0.255305E+07   0.191663E+07   0.191618E+07   0.191617E+07   0.192459E+07  -0.600617E+00   0.191305E+07   0.191305E+07   0.196599E+01
   0.464808E-04   0.191616E+07   0.191616E+07   0.255268E+07   0.255264E+07   0.191662E+07   0.191618E+07   0.191616E+07   0.192459E+07  -0.600615E+00   0.191304E+07   0.191304E+07   0.217053E+01
   0.513214E-04   0.191616E+07   0.191616E+07   0.255218E+07   0.255214E+07   0.191661E+07   0.191617E+07   0.191616E+07   0.192458E+07  -0.600613E+00   0.191304E+07   0.191304E+07   0.239630E+01
   0.566662E-04   0.191615E+07   0.191615E+07   0.255159E+07   0.255153E+07   0.191660E+07   0.191616E+07   0.191615E+07   0.192457E+07  -0.600610E+00   0.191303E+07   0.191303E+07   0.264549E+01
   0.625675E-04   0.191614E+07   0.191614E+07   0.255086E+07   0.255079E+07   0.191659E+07   0.191616E+07   0.191614E+07   0.192456E+07  -0.600606E+00   0.191302E+07   0.191302E+07   0.292051E+01
   0.690835E-04   0.191613E+07   0.191613E+07   0.254997E+07   0.254989E+07   0.191658E+07   0.191615E+07   0.191613E+07   0.192455E+07  -0.600602E+00   0.191301E+07   0.191301E+07   0.322399E+01
   0.762780E-04   0.191612E+07   0.191612E+07   0.254888E+07   0.254879E+07   0.191656E+07   0.191613E+07   0.191612E+07   0.192453E+07  -0.600597E+00   0.191300E+07   0.191300E+07   0.355885E+01
   0.842218E-04   0.191611E+07   0.191611E+07   0.254756E+07   0.254745E+07   0.191654E+07   0.191612E+07   0.191611E+07   0.192451E+07  -0.600590E+00   0.191299E+07   0.191299E+07   0.392827E+01
   0.929929E-04   0.191609E+07   0.191609E+07   0.254595E+07   0.254582E+07   0.191651E+07   0.191610E+07   0.191609E+07   0.192449E+07  -0.600583E+00   0.191297E+07   0.191297E+07   0.433575E+01
   0.102677E-03   0.191607E+07   0.191607E+07   0.254399E+07   0.254383E+07   0.191648E+07   0.191608E+07   0.191607E+07   0.192446E+07  -0.600573E+00   0.191295E+07   0.191295E+07   0.478510E+01
   0.113370E-03   0.191604E+07   0.191604E+07   0.254161E+07   0.254140E+07   0.191644E+07   0.191605E+07   0.191604E+07   0.192443E+07  -0.600562E+00   0.191292E+07   0.191292E+07   0.528050E+01
   0.125177E-03   0.191601E+07   0.191601E+07   0.253870E+07   0.253845E+07   0.191639E+07   0.191602E+07   0.191601E+07   0.192438E+07  -0.600548E+00   0.191289E+07   0.191289E+07   0.582647E+01
   0.138213E-03   0.191597E+07   0.191597E+07   0.253516E+07   0.253485E+07   0.191633E+07   0.191598E+07   0.191597E+07   0.192433E+07  -0.600530E+00   0.191285E+07   0.191285E+07   0.642794E+01
   0.152607E-03   0.191592E+07   0.191592E+07   0.253084E+07   0.253047E+07   0.191626E+07   0.191593E+07   0.191592E+07   0.192427E+07  -0.600510E+00   0.191280E+07   0.191280E+07   0.709022E+01
   0.168500E-03   0.191586E+07   0.191586E+07   0.252560E+07   0.252515E+07   0.191617E+07   0.191587E+07   0.191586E+07   0.192419E+07  -0.600484E+00   0.191274E+07   0.191274E+07   0.781901E+01
   0.186048E-03   0.191579E+07   0.191579E+07   0.251921E+07   0.251867E+07   0.191607E+07   0.191580E+07   0.191579E+07   0.192410E+07  -0.600453E+00   0.191267E+07   0.191267E+07   0.862040E+01
   0.205424E-03   0.191570E+07   0.191570E+07   0.251145E+07   0.251079E+07   0.191594E+07   0.191571E+07   0.191570E+07   0.192398E+07  -0.600416E+00   0.191259E+07   0.191258E+07   0.950081E+01
   0.226817E-03   0.191560E+07   0.191559E+07   0.250202E+07   0.250121E+07   0.191578E+07   0.191560E+07   0.191559E+07   0.192384E+07  -0.600370E+00   0.191248E+07   0.191248E+07   0.104670E+02
   0.250438E-03   0.191547E+07   0.191546E+07   0.249056E+07   0.248959E+07   0.191559E+07   0.191547E+07   0.191547E+07   0.192367E+07  -0.600314E+00   0.191235E+07   0.191235E+07   0.115258E+02
   0.276520E-03   0.191531E+07   0.191530E+07   0.247666E+07   0.247548E+07   0.191535E+07   0.191531E+07   0.191531E+07   0.192347E+07  -0.600246E+00   0.191219E+07   0.191219E+07   0.126842E+02
   0.305317E-03   0.191512E+07   0.191511E+07   0.245981E+07   0.245838E+07   0.191507E+07   0.191511E+07   0.191511E+07   0.192322E+07  -0.600163E+00   0.191200E+07   0.191200E+07   0.139489E+02
   0.337113E-03   0.191488E+07   0.191487E+07   0.243941E+07   0.243769E+07   0.191472E+07   0.191488E+07   0.191488E+07   0.192291E+07  -0.600062E+00   0.191177E+07   0.191176E+07   0.153263E+02
   0.372221E-03   0.191460E+07   0.191458E+07   0.241476E+07   0.241268E+07   0.191430E+07   0.191459E+07   0.191460E+07   0.192254E+07  -0.599940E+00   0.191149E+07   0.191148E+07   0.168217E+02
   0.410985E-03   0.191425E+07   0.191423E+07   0.238501E+07   0.238252E+07   0.191378E+07   0.191423E+07   0.191425E+07   0.192209E+07  -0.599792E+00   0.191114E+07   0.191113E+07   0.184391E+02
   0.453786E-03   0.191383E+07   0.191381E+07   0.234920E+07   0.234623E+07   0.191315E+07   0.191381E+07   0.191383E+07   0.192154E+07  -0.599611E+00   0.191073E+07   0.191071E+07   0.201799E+02
   0.501045E-03   0.191332E+07   0.191329E+07   0.230622E+07   0.230268E+07   0.191239E+07   0.191329E+07   0.191331E+07   0.192088E+07  -0.599393E+00   0.191022E+07   0.191020E+07   0.220427E+02
   0.553225E-03   0.191270E+07   0.191266E+07   0.225482E+07   0.225062E+07   0.191146E+07   0.191265E+07   0.191269E+07   0.192008E+07  -0.599128E+00   0.190960E+07   0.190958E+07   0.240212E+02
   0.610839E-03   0.191194E+07   0.191190E+07   0.219358E+07   0.218864E+07   0.191034E+07   0.191189E+07   0.191193E+07   0.191911E+07  -0.598807E+00   0.190885E+07   0.190882E+07   0.261032E+02
   0.674453E-03   0.191102E+07   0.191097E+07   0.212103E+07   0.211526E+07   0.190897E+07   0.191095E+07   0.191102E+07   0.191794E+07  -0.598420E+00   0.190793E+07   0.190791E+07   0.282682E+02
   0.744692E-03   0.190991E+07   0.190985E+07   0.203561E+07   0.202894E+07   0.190731E+07   0.190983E+07   0.190990E+07   0.191653E+07  -0.597954E+00   0.190683E+07   0.190679E+07   0.304856E+02
   0.822246E-03   0.190857E+07   0.190850E+07   0.193583E+07   0.192821E+07   0.190530E+07   0.190846E+07   0.190856E+07   0.191483E+07  -0.597393E+00   0.190549E+07   0.190545E+07   0.327120E+02
   0.907877E-03   0.190695E+07   0.190686E+07   0.182040E+07   0.181184E+07   0.190286E+07   0.190681E+07   0.190694E+07   0.191280E+07  -0.596721E+00   0.190386E+07   0.190382E+07   0.348889E+02
   0.100243E-02   0.190500E+07   0.190489E+07   0.168847E+07   0.167904E+07   0.189992E+07   0.190483E+07   0.190498E+07   0.191038E+07  -0.595917E+00   0.190191E+07   0.190185E+07   0.369411E+02
   0.110682E-02   0.190264E+07   0.190251E+07   0.153991E+07   0.152979E+07   0.189636E+07   0.190244E+07   0.190262E+07   0.190750E+07  -0.594961E+00   0.189954E+07   0.189948E+07   0.387758E+02
   0.122209E-02   0.189982E+07   0.189966E+07   0.137572E+07   0.136522E+07   0.189208E+07   0.189957E+07   0.189980E+07   0.190409E+07  -0.593828E+00   0.189671E+07   0.189663E+07   0.402850E+02
   0.134936E-02   0.189645E+07   0.189626E+07   0.119846E+07   0.118805E+07   0.188690E+07   0.189614E+07   0.189642E+07   0.190008E+07  -0.592493E+00   0.189330E+07   0.189322E+07   0.413515E+02
   0.148988E-02   0.189244E+07   0.189220E+07   0.101268E+07   0.100300E+07   0.188069E+07   0.189205E+07   0.189240E+07   0.189538E+07  -0.590930E+00   0.188924E+07   0.188914E+07   0.418604E+02
   0.164504E-02   0.188768E+07   0.188739E+07   0.825220E+06   0.817044E+06   0.187330E+07   0.188720E+07   0.188763E+07   0.188991E+07  -0.589111E+00   0.188440E+07   0.188430E+07   0.417194E+02
   0.181636E-02   0.188205E+07   0.188170E+07   0.645153E+06   0.639281E+06   0.186452E+07   0.188148E+07   0.188200E+07   0.188359E+07  -0.587011E+00   0.187867E+07   0.187856E+07   0.408860E+02
   0.200552E-02   0.187546E+07   0.187503E+07   0.483072E+06   0.480150E+06   0.185413E+07   0.187475E+07   0.187539E+07   0.187634E+07  -0.584604E+00   0.187192E+07   0.187180E+07   0.394008E+02
   0.221438E-02   0.186776E+07   0.186724E+07   0.349484E+06   0.349732E+06   0.184190E+07   0.186690E+07   0.186767E+07   0.186805E+07  -0.581867E+00   0.186402E+07   0.186390E+07   0.374188E+02
   0.244500E-02   0.185883E+07   0.185820E+07   0.252178E+06   0.255098E+06   0.182757E+07   0.185780E+07   0.185873E+07   0.185863E+07  -0.578773E+00   0.185484E+07   0.185471E+07   0.352218E+02
   0.269962E-02   0.184855E+07   0.184779E+07   0.192993E+06   0.197221E+06   0.181086E+07   0.184730E+07   0.184843E+07   0.184794E+07  -0.575295E+00   0.184424E+07   0.184411E+07   0.331918E+02
   0.298077E-02   0.183678E+07   0.183586E+07   0.165277E+06   0.168808E+06   0.179150E+07   0.183528E+07   0.183663E+07   0.183583E+07  -0.571397E+00   0.183211E+07   0.183197E+07   0.317237E+02
   0.329119E-02   0.182339E+07   0.182227E+07   0.154185E+06   0.155181E+06   0.176918E+07   0.182160E+07   0.182321E+07   0.182210E+07  -0.567030E+00   0.181832E+07   0.181817E+07   0.310796E+02
   0.363395E-02   0.180824E+07   0.180689E+07   0.141920E+06   0.139922E+06   0.174360E+07   0.180610E+07   0.180802E+07   0.180656E+07  -0.562133E+00   0.180274E+07   0.180257E+07   0.312392E+02
   0.401240E-02   0.179117E+07   0.178953E+07   0.117399E+06   0.114117E+06   0.171447E+07   0.178862E+07   0.179091E+07   0.178901E+07  -0.556639E+00   0.178524E+07   0.178505E+07   0.318617E+02
   0.443026E-02   0.177202E+07   0.177004E+07   0.844963E+05   0.828671E+05   0.168151E+07   0.176900E+07   0.177170E+07   0.176928E+07  -0.550480E+00   0.176564E+07   0.176543E+07   0.324789E+02
   0.489163E-02   0.175061E+07   0.174821E+07   0.588908E+05   0.601722E+05   0.164448E+07   0.174706E+07   0.175022E+07   0.174726E+07  -0.543599E+00   0.174377E+07   0.174353E+07   0.328807E+02
   0.540106E-02   0.172676E+07   0.172386E+07   0.504348E+05   0.521798E+05   0.160323E+07   0.172261E+07   0.172630E+07   0.172278E+07  -0.535949E+00   0.171943E+07   0.171916E+07   0.333487E+02
   0.596354E-02   0.170030E+07   0.169681E+07   0.487170E+05   0.436546E+05   0.155768E+07   0.169549E+07   0.169975E+07   0.169565E+07  -0.527483E+00   0.169244E+07   0.169213E+07   0.343209E+02
   0.658460E-02   0.167107E+07   0.166687E+07   0.379820E+05   0.351757E+05   0.150791E+07   0.166554E+07   0.167040E+07   0.166566E+07  -0.518142E+00   0.166265E+07   0.166230E+07   0.357356E+02
   0.727033E-02   0.163891E+07   0.163385E+07   0.251447E+05   0.282816E+05   0.145407E+07   0.163260E+07   0.163811E+07   0.163268E+07  -0.507873E+00   0.162991E+07   0.162951E+07   0.371320E+02
   0.802749E-02   0.160368E+07   0.159760E+07   0.234310E+05   0.226830E+05   0.139644E+07   0.159654E+07   0.160271E+07   0.159661E+07  -0.496637E+00   0.159407E+07   0.159362E+07   0.385690E+02
   0.886349E-02   0.156524E+07   0.155797E+07   0.199165E+05   0.181448E+05   0.133535E+07   0.155724E+07   0.156409E+07   0.155731E+07  -0.484402E+00   0.155502E+07   0.155450E+07   0.404030E+02
   0.978655E-02   0.152351E+07   0.151482E+07   0.129494E+05   0.144731E+05   0.127113E+07   0.151462E+07   0.152213E+07   0.151466E+07  -0.471132E+00   0.151268E+07   0.151207E+07   0.423097E+02
   0.108057E-01   0.147840E+07   0.146805E+07   0.130394E+05   0.115077E+05   0.120410E+07   0.146860E+07   0.147676E+07   0.146864E+07  -0.456808E+00   0.146695E+07   0.146625E+07   0.442705E+02
   0.119311E-01   0.142986E+07   0.141757E+07   0.831920E+04   0.911843E+04   0.113457E+07   0.141913E+07   0.142790E+07   0.141915E+07  -0.441413E+00   0.141780E+07   0.141698E+07   0.464106E+02
   0.131736E-01   0.137785E+07   0.136332E+07   0.815638E+04   0.719765E+04   0.106295E+07   0.136619E+07   0.137554E+07   0.136621E+07  -0.424941E+00   0.136519E+07   0.136425E+07   0.484758E+02
   0.145456E-01   0.132239E+07   0.130530E+07   0.516042E+04   0.565782E+04   0.989807E+06   0.130980E+07   0.131967E+07   0.130982E+07  -0.407397E+00   0.130915E+07   0.130807E+07   0.505523E+02
   0.160604E-01   0.126350E+07   0.124355E+07   0.477923E+04   0.442688E+04   0.915767E+06   0.125002E+07   0.126033E+07   0.125003E+07  -0.388799E+00   0.124971E+07   0.124847E+07   0.524458E+02
   0.177329E-01   0.120129E+07   0.117816E+07   0.381447E+04   0.344611E+04   0.841216E+06   0.118695E+07   0.119761E+07   0.118696E+07  -0.369180E+00   0.118699E+07   0.118558E+07   0.540710E+02
   0.195797E-01   0.113593E+07   0.110936E+07   0.260412E+04   0.266747E+04   0.766179E+06   0.112076E+07   0.113170E+07   0.112077E+07  -0.348592E+00   0.112115E+07   0.111956E+07   0.552964E+02
   0.216188E-01   0.106803E+07   0.103787E+07   0.192730E+04   0.205222E+04   0.687542E+06   0.105199E+07   0.106323E+07   0.105200E+07  -0.327200E+00   0.105275E+07   0.105097E+07   0.559329E+02
   0.238702E-01   0.997344E+06   0.963574E+06   0.157155E+04   0.156795E+04   0.612242E+06   0.980607E+06   0.991971E+06   0.980612E+06  -0.304996E+00   0.981681E+06   0.979723E+06   0.557873E+02
   0.263561E-01   0.924916E+06   0.887749E+06   0.148852E+04   0.118952E+04   0.539826E+06   0.907656E+06   0.919003E+06   0.907660E+06  -0.282305E+00   0.909001E+06   0.906882E+06   0.546625E+02
   0.291009E-01   0.851662E+06   0.811611E+06   0.798928E+03   0.895911E+03   0.471191E+06   0.834095E+06   0.845290E+06   0.834098E+06  -0.259424E+00   0.835670E+06   0.833428E+06   0.523717E+02
   0.321315E-01   0.779156E+06   0.737106E+06   0.806814E+03   0.670367E+03   0.406893E+06   0.761525E+06   0.772466E+06   0.761528E+06  -0.236853E+00   0.763286E+06   0.760982E+06   0.487638E+02
   0.354778E-01   0.708979E+06   0.666230E+06   0.514037E+03   0.498933E+03   0.347848E+06   0.691574E+06   0.702178E+06   0.691576E+06  -0.215096E+00   0.693469E+06   0.691184E+06   0.437948E+02
   0.391725E-01   0.642868E+06   0.601109E+06   0.402801E+03   0.370149E+03   0.295167E+06   0.626018E+06   0.636224E+06   0.626019E+06  -0.194706E+00   0.627992E+06   0.625829E+06   0.375579E+02
   0.432520E-01   0.582624E+06   0.543793E+06   0.294924E+03   0.274617E+03   0.249621E+06   0.566666E+06   0.576447E+06   0.566667E+06  -0.176245E+00   0.568672E+06   0.566741E+06   0.303598E+02
   0.475772E-01   0.531218E+06   0.496998E+06   0.220867E+03   0.206672E+03   0.211997E+06   0.516384E+06   0.525774E+06   0.516385E+06  -0.160606E+00   0.518391E+06   0.516780E+06   0.230374E+02
   0.519024E-01   0.490684E+06   0.461859E+06   0.171361E+03   0.160335E+03   0.182972E+06   0.477026E+06   0.486098E+06   0.477027E+06  -0.148365E+00   0.479015E+06   0.477749E+06   0.165885E+02
   0.562276E-01   0.457716E+06   0.434286E+06   0.136212E+03   0.127437E+03   0.159972E+06   0.445189E+06   0.453988E+06   0.445190E+06  -0.138463E+00   0.447152E+06   0.446210E+06   0.113895E+02
   0.605528E-01   0.429790E+06   0.411087E+06   0.110303E+03   0.103189E+03   0.141058E+06   0.418262E+06   0.426814E+06   0.418263E+06  -0.130088E+00   0.420199E+06   0.419522E+06   0.759706E+01
   0.648780E-01   0.405085E+06   0.389987E+06   0.905652E+02   0.847188E+02   0.125104E+06   0.394376E+06   0.402683E+06   0.394376E+06  -0.122659E+00   0.396287E+06   0.395793E+06   0.517332E+01
   0.692032E-01   0.381998E+06   0.369172E+06   0.750343E+02   0.701867E+02   0.111187E+06   0.371914E+06   0.379957E+06   0.371914E+06  -0.115673E+00   0.373800E+06   0.373400E+06   0.393161E+01
   0.735284E-01   0.359429E+06   0.347576E+06   0.624860E+02   0.584464E+02   0.987127E+05   0.349797E+06   0.357543E+06   0.349797E+06  -0.108794E+00   0.351655E+06   0.351266E+06   0.359086E+01
   0.778536E-01   0.337004E+06   0.325059E+06   0.521888E+02   0.488133E+02   0.874514E+05   0.327692E+06   0.335103E+06   0.327692E+06  -0.101919E+00   0.329515E+06   0.329076E+06   0.383047E+01
   0.821788E-01   0.314967E+06   0.302230E+06   0.437013E+02   0.408736E+02   0.773147E+05   0.305889E+06   0.312940E+06   0.305889E+06  -0.951374E-01   0.307670E+06   0.307145E+06   0.434046E+01
   0.865040E-01   0.293877E+06   0.280065E+06   0.367279E+02   0.343507E+02   0.683237E+05   0.284995E+06   0.291679E+06   0.284995E+06  -0.886390E-01   0.286728E+06   0.286109E+06   0.486122E+01
   0.908292E-01   0.274282E+06   0.259499E+06   0.310316E+02   0.290225E+02   0.604887E+05   0.265603E+06   0.271931E+06   0.265603E+06  -0.826075E-01   0.267282E+06   0.266586E+06   0.520857E+01
   0.961876E-01   0.252702E+06   0.237295E+06   0.254408E+02   0.237931E+02   0.523029E+05   0.244327E+06   0.250251E+06   0.244327E+06  -0.759903E-01   0.245936E+06   0.245193E+06   0.525562E+01
   0.101546E+00   0.234593E+06   0.219464E+06   0.211627E+02   0.197915E+02   0.456921E+05   0.226605E+06   0.232187E+06   0.226605E+06  -0.704786E-01   0.228145E+06   0.227419E+06   0.486064E+01
   0.106904E+00   0.220087E+06   0.206120E+06   0.179059E+02   0.167451E+02   0.404379E+05   0.212555E+06   0.217865E+06   0.212555E+06  -0.661087E-01   0.214030E+06   0.213381E+06   0.413148E+01
   0.112263E+00   0.208703E+06   0.196513E+06   0.154029E+02   0.144037E+02   0.362631E+05   0.201661E+06   0.206764E+06   0.201661E+06  -0.627204E-01   0.203079E+06   0.202543E+06   0.324737E+01
   0.117621E+00   0.199453E+06   0.189252E+06   0.134202E+02   0.125491E+02   0.328379E+05   0.192892E+06   0.197830E+06   0.192892E+06  -0.599931E-01   0.194260E+06   0.193846E+06   0.239469E+01
   0.122980E+00   0.191244E+06   0.182837E+06   0.117805E+02   0.110153E+02   0.298809E+05   0.185117E+06   0.189906E+06   0.185117E+06  -0.575749E-01   0.186441E+06   0.186131E+06   0.171708E+01
   0.128338E+00   0.183226E+06   0.176118E+06   0.103686E+02   0.969483E+01   0.271990E+05   0.177460E+06   0.182095E+06   0.177460E+06  -0.551932E-01   0.178742E+06   0.178499E+06   0.128868E+01
   0.133696E+00   0.174922E+06   0.168482E+06   0.912033E+01   0.852744E+01   0.246909E+05   0.169432E+06   0.173897E+06   0.169432E+06  -0.526965E-01   0.170673E+06   0.170455E+06   0.111122E+01
   0.139055E+00   0.166219E+06   0.159861E+06   0.800602E+01   0.748544E+01   0.223288E+05   0.160932E+06   0.165208E+06   0.160932E+06  -0.500527E-01   0.162131E+06   0.161900E+06   0.112949E+01
   0.144413E+00   0.157290E+06   0.150605E+06   0.701596E+01   0.655970E+01   0.201234E+05   0.152154E+06   0.156227E+06   0.152154E+06  -0.473226E-01   0.153310E+06   0.153043E+06   0.125725E+01
   0.149771E+00   0.148476E+06   0.141302E+06   0.614861E+01   0.574873E+01   0.181094E+05   0.143467E+06   0.147335E+06   0.143468E+06  -0.446210E-01   0.144580E+06   0.144271E+06   0.140486E+01
   0.155130E+00   0.140187E+06   0.132605E+06   0.540374E+01   0.505228E+01   0.163177E+05   0.135310E+06   0.138981E+06   0.135310E+06  -0.420840E-01   0.136380E+06   0.136037E+06   0.150149E+01
   0.160488E+00   0.132814E+06   0.125079E+06   0.477829E+01   0.446748E+01   0.147745E+05   0.128088E+06   0.131584E+06   0.128088E+06  -0.398377E-01   0.129115E+06   0.128760E+06   0.150771E+01
   0.165847E+00   0.126589E+06   0.119033E+06   0.426247E+01   0.398515E+01   0.134766E+05   0.122037E+06   0.125387E+06   0.122037E+06  -0.379559E-01   0.123027E+06   0.122681E+06   0.141785E+01
   0.171205E+00   0.121481E+06   0.114408E+06   0.383849E+01   0.358869E+01   0.123959E+05   0.117125E+06   0.120355E+06   0.117125E+06  -0.364279E-01   0.118080E+06   0.117764E+06   0.125378E+01
   0.176563E+00   0.117242E+06   0.110853E+06   0.348465E+01   0.325781E+01   0.114808E+05   0.113091E+06   0.116225E+06   0.113091E+06  -0.351733E-01   0.114016E+06   0.113742E+06   0.105330E+01
   0.181922E+00   0.113552E+06   0.107904E+06   0.318114E+01   0.297398E+01   0.106828E+05   0.109602E+06   0.112654E+06   0.109602E+06  -0.340882E-01   0.110500E+06   0.110270E+06   0.856948E+00
   0.187280E+00   0.110116E+06   0.105126E+06   0.291259E+01   0.272286E+01   0.996011E+04   0.106349E+06   0.109322E+06   0.106349E+06  -0.330764E-01   0.107221E+06   0.107029E+06   0.697224E+00
   0.192639E+00   0.106679E+06   0.102166E+06   0.266778E+01   0.249396E+01   0.928320E+04   0.103068E+06   0.105961E+06   0.103068E+06  -0.320560E-01   0.103917E+06   0.103749E+06   0.592208E+00
   0.197997E+00   0.103064E+06   0.988058E+05   0.243969E+01   0.228070E+01   0.863235E+04   0.995808E+05   0.102387E+06   0.995808E+05  -0.309715E-01   0.100405E+06   0.100247E+06   0.544034E+00
   0.203355E+00   0.992332E+05   0.950264E+05   0.222597E+01   0.208089E+01   0.800321E+04   0.958538E+05   0.985639E+05   0.958538E+05  -0.298123E-01   0.966537E+05   0.964918E+05   0.541493E+00
   0.208714E+00   0.952910E+05   0.909960E+05   0.202782E+01   0.189565E+01   0.740372E+04   0.919980E+05   0.946077E+05   0.919980E+05  -0.286130E-01   0.927729E+05   0.925994E+05   0.565396E+00
   0.214072E+00   0.914048E+05   0.869681E+05   0.184746E+01   0.172705E+01   0.684546E+04   0.881895E+05   0.906990E+05   0.881895E+05  -0.274285E-01   0.889396E+05   0.887524E+05   0.594876E+00
   0.219430E+00   0.877299E+05   0.831811E+05   0.168635E+01   0.157644E+01   0.633775E+04   0.845921E+05   0.870062E+05   0.845921E+05  -0.263097E-01   0.853180E+05   0.851203E+05   0.612769E+00
   0.224789E+00   0.843827E+05   0.798119E+05   0.154472E+01   0.144403E+01   0.588468E+04   0.813281E+05   0.836555E+05   0.813281E+05  -0.252945E-01   0.820311E+05   0.818298E+05   0.608933E+00
   0.230147E+00   0.814313E+05   0.769547E+05   0.142168E+01   0.132900E+01   0.548710E+04   0.784676E+05   0.807191E+05   0.784676E+05  -0.244049E-01   0.791493E+05   0.789526E+05   0.581192E+00
   0.235506E+00   0.788772E+05   0.746024E+05   0.131515E+01   0.122941E+01   0.513966E+04   0.760107E+05   0.781971E+05   0.760107E+05  -0.236407E-01   0.766730E+05   0.764880E+05   0.534214E+00
   0.240864E+00   0.766538E+05   0.726526E+05   0.122214E+01   0.114245E+01   0.483399E+04   0.738870E+05   0.760172E+05   0.738870E+05  -0.229802E-01   0.745316E+05   0.743627E+05   0.476951E+00
   0.246222E+00   0.746524E+05   0.709474E+05   0.113939E+01   0.106508E+01   0.455896E+04   0.719829E+05   0.740629E+05   0.719829E+05  -0.223880E-01   0.726113E+05   0.724594E+05   0.419536E+00
   0.251581E+00   0.727565E+05   0.693220E+05   0.106400E+01   0.994599E+00   0.430524E+04   0.701779E+05   0.722101E+05   0.701779E+05  -0.218266E-01   0.707911E+05   0.706540E+05   0.370540E+00
   0.256939E+00   0.708683E+05   0.676428E+05   0.993806E+00   0.928972E+00   0.406473E+04   0.683713E+05   0.703551E+05   0.683713E+05  -0.212647E-01   0.689696E+05   0.688430E+05   0.335180E+00
   0.262297E+00   0.689287E+05   0.658349E+05   0.927520E+00   0.867004E+00   0.383347E+04   0.665031E+05   0.684365E+05   0.665031E+05  -0.206837E-01   0.670867E+05   0.669653E+05   0.314691E+00
   0.267656E+00   0.669286E+05   0.638935E+05   0.864741E+00   0.808318E+00   0.361033E+04   0.645653E+05   0.664458E+05   0.645653E+05  -0.200810E-01   0.651341E+05   0.650134E+05   0.306768E+00
   0.273014E+00   0.649007E+05   0.618718E+05   0.805669E+00   0.753099E+00   0.339691E+04   0.625926E+05   0.644188E+05   0.625926E+05  -0.194674E-01   0.631466E+05   0.630235E+05   0.306794E+00
   0.278373E+00   0.628968E+05   0.598508E+05   0.750709E+00   0.701724E+00   0.319539E+04   0.606401E+05   0.624122E+05   0.606401E+05  -0.188602E-01   0.611795E+05   0.610528E+05   0.309400E+00
   0.283731E+00   0.609709E+05   0.579133E+05   0.700211E+00   0.654520E+00   0.300794E+04   0.587644E+05   0.604845E+05   0.587644E+05  -0.182768E-01   0.592896E+05   0.591603E+05   0.309897E+00
   0.289089E+00   0.591693E+05   0.561277E+05   0.654357E+00   0.611658E+00   0.283614E+04   0.570140E+05   0.586854E+05   0.570140E+05  -0.177324E-01   0.575256E+05   0.573958E+05   0.305242E+00
   0.294448E+00   0.575219E+05   0.545348E+05   0.613089E+00   0.573080E+00   0.268020E+04   0.554197E+05   0.570467E+05   0.554197E+05  -0.172365E-01   0.559183E+05   0.557909E+05   0.294423E+00
   0.299806E+00   0.560324E+05   0.531371E+05   0.576040E+00   0.538446E+00   0.253934E+04   0.539847E+05   0.555718E+05   0.539847E+05  -0.167902E-01   0.544713E+05   0.543487E+05   0.278295E+00
   0.305165E+00   0.546777E+05   0.519010E+05   0.542595E+00   0.507181E+00   0.241122E+04   0.526850E+05   0.542359E+05   0.526850E+05  -0.163860E-01   0.531605E+05   0.530442E+05   0.259003E+00
   0.310523E+00   0.534200E+05   0.507723E+05   0.512055E+00   0.478631E+00   0.229343E+04   0.514813E+05   0.529987E+05   0.514813E+05  -0.160116E-01   0.519462E+05   0.518370E+05   0.239206E+00
   0.315881E+00   0.522203E+05   0.496952E+05   0.483790E+00   0.452208E+00   0.218329E+04   0.503331E+05   0.518186E+05   0.503331E+05  -0.156545E-01   0.507880E+05   0.506852E+05   0.221320E+00
   0.321240E+00   0.510457E+05   0.486238E+05   0.457308E+00   0.427453E+00   0.207914E+04   0.492065E+05   0.506604E+05   0.492065E+05  -0.153041E-01   0.496517E+05   0.495539E+05   0.206974E+00
   0.326598E+00   0.498727E+05   0.475277E+05   0.432264E+00   0.404042E+00   0.197943E+04   0.480775E+05   0.494996E+05   0.480775E+05  -0.149530E-01   0.485132E+05   0.484187E+05   0.196766E+00
   0.331956E+00   0.486914E+05   0.463969E+05   0.408477E+00   0.381806E+00   0.188368E+04   0.469365E+05   0.483264E+05   0.469365E+05  -0.145981E-01   0.473627E+05   0.472698E+05   0.190311E+00
   0.337315E+00   0.475078E+05   0.452433E+05   0.385924E+00   0.360725E+00   0.179183E+04   0.457902E+05   0.471476E+05   0.457902E+05  -0.142416E-01   0.462070E+05   0.461145E+05   0.186512E+00
   0.342673E+00   0.463397E+05   0.440940E+05   0.364679E+00   0.340868E+00   0.170450E+04   0.446574E+05   0.459825E+05   0.446574E+05  -0.138892E-01   0.450650E+05   0.449723E+05   0.183949E+00
   0.348032E+00   0.452080E+05   0.429799E+05   0.344830E+00   0.322314E+00   0.162217E+04   0.435597E+05   0.448535E+05   0.435597E+05  -0.135479E-01   0.439583E+05   0.438656E+05   0.181273E+00
   0.353390E+00   0.441288E+05   0.419253E+05   0.326413E+00   0.305099E+00   0.154523E+04   0.425144E+05   0.437783E+05   0.425144E+05  -0.132227E-01   0.429043E+05   0.428120E+05   0.177507E+00
   0.358748E+00   0.431115E+05   0.409443E+05   0.309398E+00   0.289195E+00   0.147369E+04   0.415310E+05   0.427667E+05   0.415310E+05  -0.129169E-01   0.419125E+05   0.418217E+05   0.172206E+00
   0.364107E+00   0.421583E+05   0.400398E+05   0.293705E+00   0.274525E+00   0.140727E+04   0.406118E+05   0.418213E+05   0.406118E+05  -0.126310E-01   0.409855E+05   0.408969E+05   0.165452E+00
   0.369465E+00   0.412650E+05   0.392049E+05   0.279207E+00   0.260973E+00   0.134560E+04   0.397524E+05   0.409373E+05   0.397524E+05  -0.123637E-01   0.401185E+05   0.400329E+05   0.157729E+00
   0.374823E+00   0.404210E+05   0.384240E+05   0.265746E+00   0.248390E+00   0.128797E+04   0.389417E+05   0.401033E+05   0.389417E+05  -0.121116E-01   0.393006E+05   0.392181E+05   0.149727E+00
   0.380182E+00   0.396120E+05   0.376771E+05   0.253152E+00   0.236618E+00   0.123374E+04   0.381649E+05   0.393042E+05   0.381649E+05  -0.118700E-01   0.385169E+05   0.384374E+05   0.142134E+00
   0.385540E+00   0.388246E+05   0.369460E+05   0.241280E+00   0.225521E+00   0.118218E+04   0.374081E+05   0.385257E+05   0.374081E+05  -0.116346E-01   0.377534E+05   0.376766E+05   0.135475E+00
   0.390899E+00   0.380497E+05   0.362187E+05   0.230028E+00   0.215003E+00   0.113301E+04   0.366623E+05   0.377584E+05   0.366623E+05  -0.114026E-01   0.370010E+05   0.369263E+05   0.130010E+00
   0.396257E+00   0.372834E+05   0.354905E+05   0.219333E+00   0.205006E+00   0.108587E+04   0.359234E+05   0.369981E+05   0.359234E+05  -0.111728E-01   0.362557E+05   0.361824E+05   0.125722E+00
   0.401615E+00   0.365256E+05   0.347627E+05   0.209164E+00   0.195501E+00   0.104075E+04   0.351915E+05   0.362451E+05   0.351915E+05  -0.109452E-01   0.355175E+05   0.354453E+05   0.122367E+00
   0.406974E+00   0.357796E+05   0.340414E+05   0.199513E+00   0.186480E+00   0.997584E+03   0.344704E+05   0.355031E+05   0.344704E+05  -0.107209E-01   0.347902E+05   0.347187E+05   0.119577E+00
   0.412332E+00   0.350516E+05   0.333360E+05   0.190387E+00   0.177950E+00   0.956543E+03   0.337665E+05   0.347787E+05   0.337665E+05  -0.105020E-01   0.340802E+05   0.340093E+05   0.116962E+00
   0.417691E+00   0.343480E+05   0.326560E+05   0.181792E+00   0.169916E+00   0.917622E+03   0.330864E+05   0.340788E+05   0.330864E+05  -0.102905E-01   0.333942E+05   0.333241E+05   0.114207E+00
   0.423049E+00   0.336730E+05   0.320075E+05   0.173721E+00   0.162372E+00   0.880899E+03   0.324346E+05   0.334080E+05   0.324346E+05  -0.100877E-01   0.327367E+05   0.326676E+05   0.111129E+00
   0.428407E+00   0.330275E+05   0.313924E+05   0.166148E+00   0.155294E+00   0.846273E+03   0.318121E+05   0.327674E+05   0.318121E+05  -0.989413E-02   0.321087E+05   0.320409E+05   0.107693E+00
   0.433766E+00   0.324103E+05   0.308087E+05   0.159038E+00   0.148648E+00   0.813591E+03   0.312176E+05   0.321555E+05   0.312176E+05  -0.970922E-02   0.315089E+05   0.314425E+05   0.103986E+00
   0.439124E+00   0.318185E+05   0.302522E+05   0.152347E+00   0.142394E+00   0.782683E+03   0.306479E+05   0.315693E+05   0.306479E+05  -0.953206E-02   0.309341E+05   0.308694E+05   0.100179E+00
   0.444482E+00   0.312479E+05   0.297170E+05   0.146031E+00   0.136490E+00   0.753362E+03   0.300990E+05   0.310043E+05   0.300990E+05  -0.936133E-02   0.303802E+05   0.303172E+05   0.964632E-01
   0.449841E+00   0.306939E+05   0.291968E+05   0.140047E+00   0.130897E+00   0.725459E+03   0.295660E+05   0.304557E+05   0.295660E+05  -0.919556E-02   0.298424E+05   0.297809E+05   0.930038E-01
   0.455199E+00   0.301525E+05   0.286864E+05   0.134356E+00   0.125578E+00   0.698746E+03   0.290448E+05   0.299193E+05   0.290448E+05  -0.903345E-02   0.293165E+05   0.292564E+05   0.899019E-01
   0.460558E+00   0.296212E+05   0.281825E+05   0.128933E+00   0.120509E+00   0.673175E+03   0.285328E+05   0.293923E+05   0.285328E+05  -0.887422E-02   0.288000E+05   0.287409E+05   0.871831E-01
   0.465916E+00   0.290990E+05   0.276847E+05   0.123759E+00   0.115673E+00   0.648632E+03   0.280293E+05   0.288740E+05   0.280293E+05  -0.871763E-02   0.282920E+05   0.282339E+05   0.848045E-01
   0.471274E+00   0.285869E+05   0.271944E+05   0.118827E+00   0.111062E+00   0.625131E+03   0.275352E+05   0.283654E+05   0.275352E+05  -0.856394E-02   0.277935E+05   0.277362E+05   0.826763E-01
   0.476633E+00   0.280863E+05   0.267142E+05   0.114130E+00   0.106672E+00   0.602612E+03   0.270521E+05   0.278680E+05   0.270521E+05  -0.841367E-02   0.273060E+05   0.272495E+05   0.806897E-01
   0.481991E+00   0.275988E+05   0.262467E+05   0.109664E+00   0.102498E+00   0.581130E+03   0.265816E+05   0.273837E+05   0.265816E+05  -0.826735E-02   0.268313E+05   0.267755E+05   0.787445E-01
   0.487350E+00   0.271256E+05   0.257938E+05   0.105422E+00   0.985330E-01   0.560614E+03   0.261251E+05   0.269138E+05   0.261251E+05  -0.812538E-02   0.263708E+05   0.263158E+05   0.767706E-01
   0.492708E+00   0.266675E+05   0.253569E+05   0.101396E+00   0.947702E-01   0.541071E+03   0.256834E+05   0.264590E+05   0.256834E+05  -0.798799E-02   0.259251E+05   0.258709E+05   0.747368E-01
   0.498066E+00   0.262247E+05   0.249361E+05   0.975763E-01   0.911999E-01   0.522446E+03   0.252566E+05   0.260197E+05   0.252566E+05  -0.785527E-02   0.254945E+05   0.254413E+05   0.726511E-01
   0.503425E+00   0.257963E+05   0.245303E+05   0.939490E-01   0.878096E-01   0.504698E+03   0.248441E+05   0.255949E+05   0.248441E+05  -0.772695E-02   0.250781E+05   0.250259E+05   0.705491E-01
   0.508783E+00   0.253807E+05   0.241373E+05   0.904981E-01   0.845841E-01   0.487736E+03   0.244439E+05   0.251829E+05   0.244439E+05  -0.760248E-02   0.246743E+05   0.246231E+05   0.684802E-01
   0.514141E+00   0.249761E+05   0.237548E+05   0.872084E-01   0.815093E-01   0.471500E+03   0.240543E+05   0.247818E+05   0.240543E+05  -0.748132E-02   0.242812E+05   0.242309E+05   0.664927E-01
   0.519500E+00   0.245813E+05   0.233812E+05   0.840679E-01   0.785738E-01   0.455946E+03   0.236741E+05   0.243904E+05   0.236741E+05  -0.736307E-02   0.238975E+05   0.238481E+05   0.646226E-01
   0.524858E+00   0.241954E+05   0.230151E+05   0.810659E-01   0.757680E-01   0.441006E+03   0.233023E+05   0.240076E+05   0.233023E+05  -0.724744E-02   0.235223E+05   0.234738E+05   0.628864E-01
   0.530217E+00   0.238174E+05   0.226557E+05   0.781932E-01   0.730829E-01   0.426664E+03   0.229381E+05   0.236325E+05   0.229381E+05  -0.713415E-02   0.231548E+05   0.231070E+05   0.612807E-01
   0.535575E+00   0.234468E+05   0.223025E+05   0.754421E-01   0.705116E-01   0.412861E+03   0.225808E+05   0.232647E+05   0.225808E+05  -0.702305E-02   0.227943E+05   0.227472E+05   0.597857E-01
   0.540933E+00   0.230838E+05   0.219561E+05   0.728079E-01   0.680495E-01   0.399604E+03   0.222309E+05   0.229044E+05   0.222309E+05  -0.691420E-02   0.224412E+05   0.223947E+05   0.583725E-01
   0.546292E+00   0.227291E+05   0.216175E+05   0.702878E-01   0.656940E-01   0.386860E+03   0.218889E+05   0.225522E+05   0.218889E+05  -0.680784E-02   0.220961E+05   0.220503E+05   0.570111E-01
   0.551650E+00   0.223832E+05   0.212875E+05   0.678782E-01   0.634419E-01   0.374648E+03   0.215555E+05   0.222089E+05   0.215555E+05  -0.670414E-02   0.217596E+05   0.217144E+05   0.556768E-01
   0.557009E+00   0.220462E+05   0.209663E+05   0.655745E-01   0.612887E-01   0.362917E+03   0.212306E+05   0.218744E+05   0.212306E+05  -0.660310E-02   0.214318E+05   0.213872E+05   0.543542E-01
   0.562367E+00   0.217177E+05   0.206537E+05   0.633714E-01   0.592294E-01   0.351665E+03   0.209141E+05   0.215485E+05   0.209141E+05  -0.650467E-02   0.211124E+05   0.210685E+05   0.530388E-01
   0.567725E+00   0.213978E+05   0.203497E+05   0.612637E-01   0.572595E-01   0.340864E+03   0.206059E+05   0.212310E+05   0.206059E+05  -0.640879E-02   0.208013E+05   0.207581E+05   0.517353E-01
   0.573084E+00   0.210861E+05   0.200538E+05   0.592469E-01   0.553745E-01   0.330497E+03   0.203056E+05   0.209218E+05   0.203056E+05  -0.631541E-02   0.204983E+05   0.204557E+05   0.504546E-01
   0.578442E+00   0.207821E+05   0.197655E+05   0.573155E-01   0.535692E-01   0.320534E+03   0.200128E+05   0.206203E+05   0.200128E+05  -0.622435E-02   0.202028E+05   0.201609E+05   0.492097E-01
   0.629704E+00   0.181824E+05   0.172928E+05   0.423079E-01   0.395423E-01   0.241900E+03   0.175082E+05   0.180408E+05   0.175082E+05  -0.544536E-02   0.176750E+05   0.176384E+05   0.395611E-01
   0.769122E+00   0.132235E+05   0.125772E+05   0.206203E-01   0.192721E-01   0.123345E+03   0.127317E+05   0.131207E+05   0.127317E+05  -0.395980E-02   0.128539E+05   0.128273E+05   0.235130E-01
   0.939408E+00   0.956993E+04   0.910230E+04   0.100014E-01   0.934740E-02   0.620243E+02   0.921322E+04   0.949554E+04   0.921322E+04  -0.286548E-02   0.930209E+04   0.928286E+04   0.139221E-01
   0.114740E+01   0.689581E+04   0.655892E+04   0.483020E-02   0.451431E-02   0.308097E+02   0.663837E+04   0.684221E+04   0.663837E+04  -0.206465E-02   0.670263E+04   0.668878E+04   0.820992E-02
   0.140143E+01   0.494844E+04   0.470673E+04   0.232323E-02   0.217128E-02   0.151383E+02   0.476350E+04   0.490998E+04   0.476350E+04  -0.148153E-02   0.480973E+04   0.479979E+04   0.482240E-02
   0.171171E+01   0.353821E+04   0.336541E+04   0.111343E-02   0.104061E-02   0.737093E+01   0.340588E+04   0.351072E+04   0.340588E+04  -0.105929E-02   0.343899E+04   0.343188E+04   0.282311E-02
   0.209069E+01   0.252147E+04   0.239834E+04   0.531860E-03   0.497072E-03   0.356144E+01   0.242712E+04   0.250188E+04   0.242712E+04  -0.754876E-03   0.245074E+04   0.244568E+04   0.164771E-02
   0.255358E+01   0.179135E+04   0.170387E+04   0.253275E-03   0.236708E-03   0.170980E+01   0.172429E+04   0.177743E+04   0.172429E+04  -0.536285E-03   0.174109E+04   0.173749E+04   0.959102E-03
   0.311895E+01   0.126903E+04   0.120706E+04   0.120270E-03   0.112403E-03   0.816558E+00   0.122152E+04   0.125917E+04   0.122152E+04  -0.379913E-03   0.123342E+04   0.123087E+04   0.557011E-03
   0.380949E+01   0.896719E+03   0.852928E+03   0.569663E-04   0.532401E-04   0.388277E+00   0.863136E+03   0.889752E+03   0.863136E+03  -0.268451E-03   0.871554E+03   0.869745E+03   0.322934E-03
   0.465292E+01   0.632104E+03   0.601230E+03   0.269170E-04   0.251564E-04   0.183962E+00   0.608428E+03   0.627192E+03   0.608428E+03  -0.189232E-03   0.614364E+03   0.613084E+03   0.186996E-03
   0.568309E+01   0.444605E+03   0.422883E+03   0.126909E-04   0.118607E-04   0.868938E-01   0.427950E+03   0.441149E+03   0.427950E+03  -0.133100E-03   0.432126E+03   0.431221E+03   0.108236E-03
   0.694134E+01   0.312081E+03   0.296826E+03   0.597118E-05   0.558060E-05   0.409361E-01   0.300389E+03   0.309654E+03   0.300389E+03  -0.934262E-04   0.303321E+03   0.302681E+03   0.626815E-04
   0.847817E+01   0.218645E+03   0.207949E+03   0.280419E-05   0.262077E-05   0.192416E-01   0.210451E+03   0.216943E+03   0.210451E+03  -0.654541E-04   0.212506E+03   0.212053E+03   0.363686E-04
   0.103553E+02   0.152914E+03   0.145425E+03   0.131459E-05   0.122860E-05   0.902444E-02   0.147182E+03   0.151723E+03   0.147182E+03  -0.457763E-04   0.148620E+03   0.148297E+03   0.211806E-04
   0.126479E+02   0.106768E+03   0.101529E+03   0.615252E-06   0.575012E-06   0.422475E-02   0.102764E+03   0.105935E+03   0.102764E+03  -0.319616E-04   0.103769E+03   0.103538E+03   0.124126E-04
   0.154482E+02   0.744341E+02   0.707719E+02   0.287507E-06   0.268703E-06   0.197504E-02   0.716414E+02   0.738515E+02   0.716414E+02  -0.222818E-04   0.723422E+02   0.721753E+02   0.734487E-05
   0.188685E+02   0.518179E+02   0.492580E+02   0.134156E-06   0.125383E-06   0.921672E-03   0.498722E+02   0.514107E+02   0.498722E+02  -0.155111E-04   0.503606E+02   0.502383E+02   0.440755E-05
   0.230461E+02   0.360248E+02   0.342343E+02   0.625136E-07   0.584259E-07   0.429545E-03   0.346704E+02   0.357400E+02   0.346704E+02  -0.107831E-04   0.350105E+02   0.349191E+02   0.269668E-05
   0.281485E+02   0.250132E+02   0.237587E+02   0.290914E-07   0.271895E-07   0.199926E-03   0.240710E+02   0.248136E+02   0.240710E+02  -0.748652E-05   0.243078E+02   0.242377E+02   0.169230E-05
   0.343807E+02   0.173464E+02   0.164647E+02   0.135207E-07   0.126370E-07   0.929265E-04   0.166912E+02   0.172062E+02   0.166912E+02  -0.519128E-05   0.168561E+02   0.168007E+02   0.109568E-05
   0.419926E+02   0.120156E+02   0.113928E+02   0.627598E-08   0.586595E-08   0.431424E-04   0.115599E+02   0.119165E+02   0.115599E+02  -0.359533E-05   0.116747E+02   0.116293E+02   0.735265E-06
   0.512900E+02   0.831353E+01   0.787018E+01   0.290941E-08   0.271944E-08   0.200050E-04   0.799631E+01   0.824299E+01   0.799631E+01  -0.248700E-05   0.807640E+01   0.803775E+01   0.512501E-06
   0.626457E+02   0.574563E+01   0.542645E+01   0.134693E-08   0.125906E-08   0.926442E-05   0.552443E+01   0.569485E+01   0.552443E+01  -0.171820E-05   0.558046E+01   0.554631E+01   0.370701E-06
   0.765156E+02   0.396637E+01   0.373293E+01   0.622649E-09   0.582084E-09   0.428629E-05   0.381165E+01   0.392923E+01   0.381165E+01  -0.118549E-05   0.385102E+01   0.381984E+01   0.277161E-06
   0.934564E+02   0.273481E+01   0.256047E+01   0.287348E-09   0.268665E-09   0.197893E-05   0.262606E+01   0.270707E+01   0.262606E+01  -0.816752E-06   0.265392E+01   0.262466E+01   0.212916E-06
   0.114148E+03   0.188317E+01   0.174953E+01   0.132340E-09   0.123760E-09   0.911550E-06   0.180619E+01   0.186191E+01   0.180619E+01  -0.561756E-06   0.182609E+01   0.179808E+01   0.166883E-06
