#          k/h    CDM            baryon         photon         nu             mass_nu        total          no_nu          total_de       Weyl           v_CDM          v_b            v_b-v_c     
   0.105171E-04   0.805951E+07   0.805951E+07   0.107440E+08   0.107439E+08   0.805980E+07   0.805952E+07   0.805951E+07   0.806787E+07  -0.592400E+00   0.774990E+07   0.774990E+07   0.109981E+02
   0.116124E-04   0.805951E+07   0.805951E+07   0.107435E+08   0.107434E+08   0.805979E+07   0.805952E+07   0.805951E+07   0.806787E+07  -0.592400E+00   0.774990E+07   0.774990E+07   0.121432E+02
   0.128218E-04   0.805951E+07   0.805951E+07   0.107430E+08   0.107429E+08   0.805979E+07   0.805952E+07   0.805951E+07   0.806787E+07  -0.592400E+00   0.774990E+07   0.774990E+07   0.134076E+02
   0.141570E-04   0.805951E+07   0.805951E+07   0.107423E+08   0.107422E+08   0.805979E+07   0.805952E+07   0.805951E+07   0.806786E+07  -0.592400E+00   0.774989E+07   0.774989E+07   0.148035E+02
   0.156314E-04   0.805950E+07   0.805950E+07   0.107415E+08   0.107413E+08   0.805978E+07   0.805951E+07   0.805950E+07   0.806786E+07  -0.592400E+00   0.774989E+07   0.774989E+07   0.163447E+02
   0.172593E-04   0.805950E+07   0.805950E+07   0.107405E+08   0.107403E+08   0.805978E+07   0.805951E+07   0.805950E+07   0.806786E+07  -0.592399E+00   0.774989E+07   0.774989E+07   0.180462E+02
   0.190567E-04   0.805950E+07   0.805949E+07   0.107393E+08   0.107390E+08   0.805978E+07   0.805950E+07   0.805950E+07   0.806785E+07  -0.592399E+00   0.774988E+07   0.774988E+07   0.199247E+02
   0.210413E-04   0.805949E+07   0.805949E+07   0.107378E+08   0.107375E+08   0.805977E+07   0.805950E+07   0.805949E+07   0.806784E+07  -0.592398E+00   0.774988E+07   0.774988E+07   0.219985E+02
   0.232326E-04   0.805948E+07   0.805948E+07   0.107360E+08   0.107356E+08   0.805976E+07   0.805949E+07   0.805948E+07   0.806783E+07  -0.592398E+00   0.774987E+07   0.774987E+07   0.242879E+02
   0.256521E-04   0.805947E+07   0.805947E+07   0.107338E+08   0.107333E+08   0.805975E+07   0.805948E+07   0.805947E+07   0.806782E+07  -0.592397E+00   0.774986E+07   0.774986E+07   0.268151E+02
   0.283236E-04   0.805946E+07   0.805946E+07   0.107311E+08   0.107306E+08   0.805974E+07   0.805947E+07   0.805946E+07   0.806781E+07  -0.592396E+00   0.774985E+07   0.774985E+07   0.296048E+02
   0.312733E-04   0.805945E+07   0.805945E+07   0.107279E+08   0.107272E+08   0.805972E+07   0.805946E+07   0.805945E+07   0.806780E+07  -0.592394E+00   0.774984E+07   0.774984E+07   0.326840E+02
   0.345301E-04   0.805943E+07   0.805943E+07   0.107239E+08   0.107230E+08   0.805971E+07   0.805944E+07   0.805943E+07   0.806778E+07  -0.592393E+00   0.774982E+07   0.774982E+07   0.360825E+02
   0.381262E-04   0.805942E+07   0.805941E+07   0.107191E+08   0.107180E+08   0.805968E+07   0.805942E+07   0.805941E+07   0.806775E+07  -0.592391E+00   0.774981E+07   0.774980E+07   0.398330E+02
   0.420968E-04   0.805939E+07   0.805939E+07   0.107132E+08   0.107119E+08   0.805966E+07   0.805940E+07   0.805939E+07   0.806772E+07  -0.592389E+00   0.774978E+07   0.774978E+07   0.439718E+02
   0.464808E-04   0.805936E+07   0.805936E+07   0.107060E+08   0.107044E+08   0.805962E+07   0.805937E+07   0.805936E+07   0.806769E+07  -0.592386E+00   0.774976E+07   0.774975E+07   0.485382E+02
   0.513214E-04   0.805933E+07   0.805932E+07   0.106972E+08   0.106953E+08   0.805959E+07   0.805933E+07   0.805933E+07   0.806765E+07  -0.592383E+00   0.774972E+07   0.774971E+07   0.535757E+02
   0.566662E-04   0.805928E+07   0.805928E+07   0.106866E+08   0.106842E+08   0.805954E+07   0.805929E+07   0.805928E+07   0.806760E+07  -0.592379E+00   0.774968E+07   0.774967E+07   0.591318E+02
   0.625675E-04   0.805923E+07   0.805922E+07   0.106736E+08   0.106707E+08   0.805948E+07   0.805924E+07   0.805923E+07   0.806753E+07  -0.592374E+00   0.774963E+07   0.774962E+07   0.652585E+02
   0.690835E-04   0.805917E+07   0.805916E+07   0.106578E+08   0.106543E+08   0.805941E+07   0.805918E+07   0.805917E+07   0.806746E+07  -0.592368E+00   0.774957E+07   0.774956E+07   0.720123E+02
   0.762780E-04   0.805909E+07   0.805908E+07   0.106385E+08   0.106342E+08   0.805932E+07   0.805910E+07   0.805909E+07   0.806737E+07  -0.592361E+00   0.774950E+07   0.774948E+07   0.794549E+02
   0.842218E-04   0.805900E+07   0.805898E+07   0.106151E+08   0.106099E+08   0.805922E+07   0.805900E+07   0.805900E+07   0.806725E+07  -0.592353E+00   0.774941E+07   0.774939E+07   0.876530E+02
   0.929929E-04   0.805889E+07   0.805886E+07   0.105866E+08   0.105803E+08   0.805909E+07   0.805889E+07   0.805888E+07   0.806711E+07  -0.592342E+00   0.774930E+07   0.774927E+07   0.966785E+02
   0.102677E-03   0.805875E+07   0.805872E+07   0.105520E+08   0.105443E+08   0.805893E+07   0.805875E+07   0.805874E+07   0.806695E+07  -0.592329E+00   0.774917E+07   0.774914E+07   0.106608E+03
   0.113370E-03   0.805858E+07   0.805854E+07   0.105099E+08   0.105006E+08   0.805874E+07   0.805858E+07   0.805857E+07   0.806674E+07  -0.592313E+00   0.774900E+07   0.774897E+07   0.117525E+03
   0.125177E-03   0.805837E+07   0.805833E+07   0.104589E+08   0.104475E+08   0.805851E+07   0.805837E+07   0.805836E+07   0.806649E+07  -0.592294E+00   0.774881E+07   0.774876E+07   0.129515E+03
   0.138213E-03   0.805812E+07   0.805807E+07   0.103969E+08   0.103831E+08   0.805822E+07   0.805811E+07   0.805811E+07   0.806619E+07  -0.592271E+00   0.774857E+07   0.774851E+07   0.142667E+03
   0.152607E-03   0.805781E+07   0.805775E+07   0.103219E+08   0.103051E+08   0.805788E+07   0.805780E+07   0.805780E+07   0.806582E+07  -0.592242E+00   0.774827E+07   0.774820E+07   0.157075E+03
   0.168500E-03   0.805744E+07   0.805736E+07   0.102311E+08   0.102108E+08   0.805746E+07   0.805743E+07   0.805743E+07   0.806538E+07  -0.592208E+00   0.774792E+07   0.774783E+07   0.172830E+03
   0.186048E-03   0.805699E+07   0.805689E+07   0.101215E+08   0.100970E+08   0.805694E+07   0.805697E+07   0.805697E+07   0.806483E+07  -0.592166E+00   0.774748E+07   0.774738E+07   0.190020E+03
   0.205424E-03   0.805643E+07   0.805632E+07   0.998940E+07   0.995979E+07   0.805632E+07   0.805641E+07   0.805641E+07   0.806417E+07  -0.592115E+00   0.774695E+07   0.774683E+07   0.208727E+03
   0.226817E-03   0.805576E+07   0.805562E+07   0.983059E+07   0.979493E+07   0.805556E+07   0.805573E+07   0.805574E+07   0.806336E+07  -0.592053E+00   0.774631E+07   0.774616E+07   0.229018E+03
   0.250438E-03   0.805494E+07   0.805477E+07   0.964028E+07   0.959744E+07   0.805464E+07   0.805491E+07   0.805492E+07   0.806239E+07  -0.591978E+00   0.774553E+07   0.774534E+07   0.250937E+03
   0.276520E-03   0.805395E+07   0.805374E+07   0.941308E+07   0.936178E+07   0.805351E+07   0.805391E+07   0.805392E+07   0.806121E+07  -0.591887E+00   0.774457E+07   0.774435E+07   0.274497E+03
   0.305317E-03   0.805274E+07   0.805249E+07   0.914312E+07   0.908192E+07   0.805215E+07   0.805269E+07   0.805270E+07   0.805978E+07  -0.591776E+00   0.774342E+07   0.774315E+07   0.299662E+03
   0.337113E-03   0.805128E+07   0.805098E+07   0.882418E+07   0.875153E+07   0.805049E+07   0.805121E+07   0.805123E+07   0.805805E+07  -0.591643E+00   0.774201E+07   0.774169E+07   0.326333E+03
   0.372221E-03   0.804950E+07   0.804914E+07   0.845000E+07   0.836427E+07   0.804848E+07   0.804942E+07   0.804945E+07   0.805596E+07  -0.591482E+00   0.774031E+07   0.773992E+07   0.354324E+03
   0.410985E-03   0.804736E+07   0.804692E+07   0.801483E+07   0.791438E+07   0.804605E+07   0.804725E+07   0.804728E+07   0.805345E+07  -0.591288E+00   0.773824E+07   0.773778E+07   0.383334E+03
   0.453786E-03   0.804476E+07   0.804423E+07   0.751410E+07   0.739744E+07   0.804310E+07   0.804463E+07   0.804467E+07   0.805044E+07  -0.591055E+00   0.773574E+07   0.773519E+07   0.412920E+03
   0.501045E-03   0.804162E+07   0.804099E+07   0.694551E+07   0.681147E+07   0.803954E+07   0.804146E+07   0.804152E+07   0.804683E+07  -0.590776E+00   0.773272E+07   0.773207E+07   0.442468E+03
   0.553225E-03   0.803784E+07   0.803709E+07   0.631040E+07   0.615841E+07   0.803524E+07   0.803765E+07   0.803772E+07   0.804251E+07  -0.590442E+00   0.772908E+07   0.772831E+07   0.471155E+03
   0.610839E-03   0.803330E+07   0.803242E+07   0.561534E+07   0.544577E+07   0.803007E+07   0.803306E+07   0.803316E+07   0.803739E+07  -0.590046E+00   0.772469E+07   0.772380E+07   0.497937E+03
   0.674453E-03   0.802785E+07   0.802682E+07   0.487399E+07   0.468851E+07   0.802386E+07   0.802757E+07   0.802769E+07   0.803131E+07  -0.589577E+00   0.771942E+07   0.771839E+07   0.521544E+03
   0.744692E-03   0.802134E+07   0.802014E+07   0.410845E+07   0.391045E+07   0.801641E+07   0.802101E+07   0.802115E+07   0.802415E+07  -0.589024E+00   0.771311E+07   0.771193E+07   0.540505E+03
   0.822246E-03   0.801359E+07   0.801220E+07   0.334988E+07   0.314473E+07   0.800753E+07   0.801320E+07   0.801337E+07   0.801575E+07  -0.588377E+00   0.770559E+07   0.770425E+07   0.553236E+03
   0.907877E-03   0.800440E+07   0.800282E+07   0.263700E+07   0.243209E+07   0.799696E+07   0.800393E+07   0.800415E+07   0.800593E+07  -0.587621E+00   0.769664E+07   0.769516E+07   0.558181E+03
   0.100243E-02   0.799355E+07   0.799177E+07   0.201168E+07   0.181591E+07   0.798443E+07   0.799300E+07   0.799326E+07   0.799452E+07  -0.586746E+00   0.768607E+07   0.768444E+07   0.554033E+03
   0.110682E-02   0.798079E+07   0.797881E+07   0.151055E+07   0.133334E+07   0.796963E+07   0.798015E+07   0.798048E+07   0.798128E+07  -0.585736E+00   0.767362E+07   0.767187E+07   0.540027E+03
   0.122209E-02   0.796587E+07   0.796371E+07   0.115358E+07   0.100310E+07   0.795224E+07   0.796513E+07   0.796553E+07   0.796599E+07  -0.584576E+00   0.765905E+07   0.765720E+07   0.516239E+03
   0.134936E-02   0.794850E+07   0.794619E+07   0.932672E+06   0.813852E+06   0.793182E+07   0.794765E+07   0.794813E+07   0.794834E+07  -0.583247E+00   0.764209E+07   0.764018E+07   0.483817E+03
   0.148988E-02   0.792838E+07   0.792594E+07   0.807301E+06   0.720418E+06   0.790800E+07   0.792739E+07   0.792799E+07   0.792800E+07  -0.581727E+00   0.762244E+07   0.762050E+07   0.444999E+03
   0.164504E-02   0.790515E+07   0.790263E+07   0.715618E+06   0.656407E+06   0.788033E+07   0.790402E+07   0.790475E+07   0.790456E+07  -0.579988E+00   0.759981E+07   0.759787E+07   0.402807E+03
   0.181636E-02   0.787845E+07   0.787588E+07   0.604011E+06   0.565873E+06   0.784829E+07   0.787715E+07   0.787804E+07   0.787761E+07  -0.577998E+00   0.757384E+07   0.757192E+07   0.360419E+03
   0.200552E-02   0.784785E+07   0.784526E+07   0.462126E+06   0.439172E+06   0.781127E+07   0.784636E+07   0.784744E+07   0.784671E+07  -0.575723E+00   0.754412E+07   0.754224E+07   0.320447E+03
   0.221438E-02   0.781289E+07   0.781026E+07   0.331032E+06   0.319164E+06   0.776861E+07   0.781116E+07   0.781247E+07   0.781141E+07  -0.573125E+00   0.751020E+07   0.750836E+07   0.284530E+03
   0.244500E-02   0.777304E+07   0.777036E+07   0.258689E+06   0.253367E+06   0.771959E+07   0.777103E+07   0.777261E+07   0.777123E+07  -0.570167E+00   0.747157E+07   0.746975E+07   0.253469E+03
   0.269962E-02   0.772776E+07   0.772497E+07   0.235484E+06   0.214913E+06   0.766338E+07   0.772540E+07   0.772731E+07   0.772558E+07  -0.566810E+00   0.742767E+07   0.742587E+07   0.227535E+03
   0.298077E-02   0.767644E+07   0.767349E+07   0.203160E+06   0.175111E+06   0.759914E+07   0.767367E+07   0.767597E+07   0.767382E+07  -0.563008E+00   0.737794E+07   0.737614E+07   0.206278E+03
   0.329119E-02   0.761846E+07   0.761528E+07   0.150517E+06   0.142545E+06   0.752594E+07   0.761520E+07   0.761795E+07   0.761532E+07  -0.558712E+00   0.732174E+07   0.731993E+07   0.188074E+03
   0.363395E-02   0.755313E+07   0.754969E+07   0.123938E+06   0.115913E+06   0.744282E+07   0.754930E+07   0.755259E+07   0.754940E+07  -0.553872E+00   0.725844E+07   0.725662E+07   0.170890E+03
   0.401240E-02   0.747976E+07   0.747602E+07   0.109170E+06   0.941460E+05   0.734881E+07   0.747526E+07   0.747916E+07   0.747534E+07  -0.548436E+00   0.718733E+07   0.718552E+07   0.154058E+03
   0.443026E-02   0.739760E+07   0.739354E+07   0.781761E+05   0.763665E+05   0.724293E+07   0.739234E+07   0.739695E+07   0.739241E+07  -0.542350E+00   0.710771E+07   0.710592E+07   0.138263E+03
   0.489163E-02   0.730591E+07   0.730144E+07   0.704398E+05   0.618540E+05   0.712429E+07   0.729979E+07   0.730520E+07   0.729984E+07  -0.535556E+00   0.701885E+07   0.701707E+07   0.124220E+03
   0.540106E-02   0.720393E+07   0.719895E+07   0.553595E+05   0.500186E+05   0.699204E+07   0.719683E+07   0.720314E+07   0.719687E+07  -0.528000E+00   0.692002E+07   0.691824E+07   0.112208E+03
   0.596354E-02   0.709094E+07   0.708534E+07   0.440296E+05   0.403755E+05   0.684549E+07   0.708273E+07   0.709005E+07   0.708276E+07  -0.519628E+00   0.681051E+07   0.680874E+07   0.101419E+03
   0.658460E-02   0.696622E+07   0.695990E+07   0.328689E+05   0.325273E+05   0.668410E+07   0.695680E+07   0.696522E+07   0.695683E+07  -0.510388E+00   0.668965E+07   0.668789E+07   0.913240E+02
   0.727033E-02   0.682913E+07   0.682194E+07   0.290558E+05   0.261477E+05   0.650750E+07   0.681840E+07   0.682799E+07   0.681842E+07  -0.500232E+00   0.655682E+07   0.655508E+07   0.822406E+02
   0.802749E-02   0.667909E+07   0.667086E+07   0.215022E+05   0.209694E+05   0.631544E+07   0.666694E+07   0.667778E+07   0.666695E+07  -0.489119E+00   0.641148E+07   0.640973E+07   0.743225E+02
   0.886349E-02   0.651560E+07   0.650613E+07   0.168511E+05   0.167726E+05   0.610781E+07   0.650194E+07   0.651409E+07   0.650195E+07  -0.477013E+00   0.625314E+07   0.625140E+07   0.671414E+02
   0.978655E-02   0.633826E+07   0.632734E+07   0.139260E+05   0.133774E+05   0.588462E+07   0.632300E+07   0.633652E+07   0.632301E+07  -0.463885E+00   0.608144E+07   0.607970E+07   0.607049E+02
   0.108057E-01   0.614675E+07   0.613412E+07   0.106695E+05   0.106360E+05   0.564595E+07   0.612982E+07   0.614474E+07   0.612983E+07  -0.449712E+00   0.589607E+07   0.589433E+07   0.550283E+02
   0.119311E-01   0.594087E+07   0.592624E+07   0.873483E+04   0.842717E+04   0.539216E+07   0.592219E+07   0.593854E+07   0.592220E+07  -0.434479E+00   0.569684E+07   0.569510E+07   0.499461E+02
   0.131736E-01   0.572051E+07   0.570357E+07   0.657617E+04   0.665175E+04   0.512407E+07   0.570005E+07   0.571782E+07   0.570006E+07  -0.418181E+00   0.548368E+07   0.548193E+07   0.454569E+02
   0.145456E-01   0.548572E+07   0.546615E+07   0.550259E+04   0.522844E+04   0.484281E+07   0.546347E+07   0.548261E+07   0.546347E+07  -0.400824E+00   0.525665E+07   0.525488E+07   0.414587E+02
   0.160604E-01   0.523674E+07   0.521419E+07   0.445236E+04   0.409072E+04   0.454964E+07   0.521270E+07   0.523315E+07   0.521271E+07  -0.382427E+00   0.501599E+07   0.501420E+07   0.379012E+02
   0.177329E-01   0.497399E+07   0.494816E+07   0.322729E+04   0.318422E+04   0.424564E+07   0.494821E+07   0.496988E+07   0.494822E+07  -0.363023E+00   0.476214E+07   0.476033E+07   0.347132E+02
   0.195797E-01   0.469818E+07   0.466880E+07   0.252706E+04   0.246456E+04   0.393197E+07   0.467072E+07   0.469351E+07   0.467072E+07  -0.342665E+00   0.449578E+07   0.449395E+07   0.318206E+02
   0.216188E-01   0.441165E+07   0.437855E+07   0.201958E+04   0.189607E+04   0.360705E+07   0.438247E+07   0.440638E+07   0.438247E+07  -0.321517E+00   0.421906E+07   0.421722E+07   0.291554E+02
   0.238702E-01   0.411400E+07   0.407719E+07   0.166997E+04   0.144852E+04   0.328182E+07   0.408342E+07   0.410814E+07   0.408342E+07  -0.299577E+00   0.393191E+07   0.393005E+07   0.266360E+02
   0.263561E-01   0.380962E+07   0.376932E+07   0.116653E+04   0.109876E+04   0.295845E+07   0.377793E+07   0.380321E+07   0.377793E+07  -0.277165E+00   0.363851E+07   0.363665E+07   0.241921E+02
   0.291009E-01   0.350246E+07   0.345923E+07   0.909279E+03   0.827393E+03   0.264114E+07   0.347002E+07   0.349559E+07   0.347002E+07  -0.254575E+00   0.334273E+07   0.334088E+07   0.217541E+02
   0.321315E-01   0.319921E+07   0.315399E+07   0.666723E+03   0.618950E+03   0.233589E+07   0.316640E+07   0.319202E+07   0.316640E+07  -0.232301E+00   0.305100E+07   0.304919E+07   0.192757E+02
   0.354778E-01   0.290660E+07   0.286078E+07   0.518134E+03   0.460519E+03   0.204868E+07   0.287386E+07   0.289931E+07   0.287386E+07  -0.210839E+00   0.276987E+07   0.276813E+07   0.167233E+02
   0.391725E-01   0.263202E+07   0.258739E+07   0.349607E+03   0.341506E+03   0.178567E+07   0.259981E+07   0.262492E+07   0.259981E+07  -0.190733E+00   0.250644E+07   0.250482E+07   0.141004E+02
   0.432520E-01   0.238301E+07   0.234160E+07   0.261578E+03   0.253223E+03   0.155126E+07   0.235173E+07   0.237642E+07   0.235173E+07  -0.172533E+00   0.226796E+07   0.226651E+07   0.114585E+02
   0.475772E-01   0.217167E+07   0.213525E+07   0.198310E+03   0.190446E+03   0.135422E+07   0.214159E+07   0.216588E+07   0.214159E+07  -0.157116E+00   0.206592E+07   0.206467E+07   0.899454E+01
   0.519024E-01   0.200592E+07   0.197530E+07   0.153741E+03   0.147640E+03   0.119951E+07   0.197707E+07   0.200105E+07   0.197707E+07  -0.145046E+00   0.190776E+07   0.190670E+07   0.692858E+01
   0.562276E-01   0.187165E+07   0.184678E+07   0.122109E+03   0.117258E+03   0.107424E+07   0.184395E+07   0.186769E+07   0.184395E+07  -0.135280E+00   0.177980E+07   0.177893E+07   0.528510E+01
   0.605528E-01   0.175805E+07   0.173821E+07   0.988055E+02   0.948770E+02   0.969257E+06   0.173138E+07   0.175489E+07   0.173138E+07  -0.127021E+00   0.167158E+07   0.167086E+07   0.405949E+01
   0.648780E-01   0.165735E+07   0.164133E+07   0.810656E+02   0.778398E+02   0.878414E+06   0.163157E+07   0.165480E+07   0.163157E+07  -0.119699E+00   0.157561E+07   0.157500E+07   0.321609E+01
   0.692032E-01   0.156282E+07   0.154919E+07   0.671195E+02   0.644465E+02   0.796803E+06   0.153780E+07   0.156065E+07   0.153780E+07  -0.112819E+00   0.148542E+07   0.148487E+07   0.269205E+01
   0.735284E-01   0.146994E+07   0.145732E+07   0.558624E+02   0.536361E+02   0.721403E+06   0.144559E+07   0.146793E+07   0.144559E+07  -0.106055E+00   0.139668E+07   0.139617E+07   0.240912E+01
   0.778536E-01   0.137726E+07   0.136452E+07   0.466330E+02   0.447732E+02   0.651021E+06   0.135356E+07   0.137523E+07   0.135356E+07  -0.993032E-01   0.130807E+07   0.130755E+07   0.228554E+01
   0.821788E-01   0.128595E+07   0.127235E+07   0.390316E+02   0.374739E+02   0.585816E+06   0.126290E+07   0.128379E+07   0.126290E+07  -0.926519E-01   0.122073E+07   0.122019E+07   0.224583E+01
   0.865040E-01   0.119849E+07   0.118374E+07   0.327899E+02   0.314806E+02   0.526512E+06   0.117611E+07   0.119614E+07   0.117611E+07  -0.862841E-01   0.113707E+07   0.113651E+07   0.222811E+01
   0.908292E-01   0.111730E+07   0.110152E+07   0.276935E+02   0.265870E+02   0.473648E+06   0.109560E+07   0.111479E+07   0.109560E+07  -0.803780E-01   0.105946E+07   0.105888E+07   0.218832E+01
   0.961876E-01   0.102814E+07   0.101171E+07   0.226926E+02   0.217853E+02   0.417417E+06   0.100733E+07   0.102552E+07   0.100733E+07  -0.739017E-01   0.974332E+06   0.973748E+06   0.207324E+01
   0.101546E+00   0.953729E+06   0.937616E+06   0.188660E+02   0.181112E+02   0.371234E+06   0.933813E+06   0.951166E+06   0.933813E+06  -0.685084E-01   0.903428E+06   0.902870E+06   0.187879E+01
   0.106904E+00   0.894576E+06   0.879718E+06   0.159525E+02   0.153138E+02   0.334212E+06   0.875516E+06   0.892212E+06   0.875516E+06  -0.642315E-01   0.847202E+06   0.846693E+06   0.162702E+01
   0.112263E+00   0.848561E+06   0.835608E+06   0.137131E+02   0.131637E+02   0.304592E+06   0.830285E+06   0.846500E+06   0.830285E+06  -0.609132E-01   0.803588E+06   0.803143E+06   0.135559E+01
   0.117621E+00   0.811427E+06   0.800597E+06   0.119395E+02   0.114609E+02   0.280104E+06   0.793857E+06   0.809704E+06   0.793857E+06  -0.582407E-01   0.768468E+06   0.768089E+06   0.110325E+01
   0.122980E+00   0.778496E+06   0.769575E+06   0.104737E+02   0.100536E+02   0.258645E+06   0.761565E+06   0.777077E+06   0.761565E+06  -0.558716E-01   0.737334E+06   0.737010E+06   0.899298E+00
   0.128338E+00   0.746140E+06   0.738594E+06   0.921293E+01   0.884318E+01   0.238748E+06   0.729794E+06   0.744940E+06   0.729794E+06  -0.535407E-01   0.706690E+06   0.706405E+06   0.758081E+00
   0.133696E+00   0.712337E+06   0.705493E+06   0.809965E+01   0.777441E+01   0.219655E+06   0.696539E+06   0.711248E+06   0.696539E+06  -0.511010E-01   0.674595E+06   0.674330E+06   0.678326E+00
   0.139055E+00   0.676645E+06   0.669879E+06   0.710706E+01   0.682155E+01   0.201186E+06   0.661374E+06   0.675569E+06   0.661374E+06  -0.485212E-01   0.640639E+06   0.640376E+06   0.646510E+00
   0.144413E+00   0.639855E+06   0.632735E+06   0.622602E+01   0.597579E+01   0.183548E+06   0.625103E+06   0.638723E+06   0.625103E+06  -0.458602E-01   0.605597E+06   0.605325E+06   0.642546E+00
   0.149771E+00   0.603477E+06   0.595834E+06   0.545468E+01   0.523536E+01   0.167114E+06   0.589241E+06   0.602261E+06   0.589241E+06  -0.432292E-01   0.570938E+06   0.570655E+06   0.645902E+00
   0.155130E+00   0.569304E+06   0.561228E+06   0.479247E+01   0.459970E+01   0.152286E+06   0.555580E+06   0.568019E+06   0.555580E+06  -0.407597E-01   0.538398E+06   0.538107E+06   0.640534E+00
   0.160488E+00   0.539011E+06   0.530776E+06   0.423644E+01   0.406597E+01   0.139370E+06   0.525782E+06   0.537701E+06   0.525782E+06  -0.385736E-01   0.509589E+06   0.509299E+06   0.617649E+00
   0.165847E+00   0.513581E+06   0.505542E+06   0.377775E+01   0.362568E+01   0.128454E+06   0.500817E+06   0.512302E+06   0.500817E+06  -0.367420E-01   0.485452E+06   0.485172E+06   0.576012E+00
   0.171205E+00   0.492875E+06   0.485355E+06   0.340060E+01   0.326366E+01   0.119327E+06   0.480537E+06   0.491678E+06   0.480537E+06  -0.352542E-01   0.465847E+06   0.465586E+06   0.520350E+00
   0.176563E+00   0.475824E+06   0.469035E+06   0.308579E+01   0.296148E+01   0.111582E+06   0.463878E+06   0.474744E+06   0.463878E+06  -0.340320E-01   0.449744E+06   0.449507E+06   0.458772E+00
   0.181922E+00   0.461053E+06   0.455053E+06   0.281579E+01   0.270232E+01   0.104783E+06   0.449467E+06   0.460098E+06   0.449467E+06  -0.329747E-01   0.435816E+06   0.435603E+06   0.399997E+00
   0.187280E+00   0.447284E+06   0.441984E+06   0.257702E+01   0.247314E+01   0.985687E+05   0.436032E+06   0.446441E+06   0.436032E+06  -0.319891E-01   0.422830E+06   0.422638E+06   0.350983E+00
   0.192639E+00   0.433431E+06   0.428636E+06   0.235956E+01   0.226441E+01   0.926570E+05   0.422494E+06   0.432668E+06   0.422494E+06  -0.309959E-01   0.409741E+06   0.409563E+06   0.315448E+00
   0.197997E+00   0.418748E+06   0.414222E+06   0.215715E+01   0.207014E+01   0.868738E+05   0.408120E+06   0.418028E+06   0.408120E+06  -0.299414E-01   0.395836E+06   0.395666E+06   0.293551E+00
   0.203355E+00   0.403093E+06   0.398619E+06   0.196767E+01   0.188828E+01   0.811862E+05   0.392771E+06   0.402381E+06   0.392771E+06  -0.288153E-01   0.380984E+06   0.380816E+06   0.282578E+00
   0.208714E+00   0.386921E+06   0.382351E+06   0.179213E+01   0.171980E+01   0.756850E+05   0.376903E+06   0.386194E+06   0.376903E+06  -0.276512E-01   0.365626E+06   0.365456E+06   0.278167E+00
   0.214072E+00   0.370957E+06   0.366235E+06   0.163243E+01   0.156653E+01   0.705012E+05   0.361238E+06   0.370206E+06   0.361238E+06  -0.265019E-01   0.350460E+06   0.350287E+06   0.275645E+00
   0.219430E+00   0.355873E+06   0.351032E+06   0.148978E+01   0.142963E+01   0.657423E+05   0.346445E+06   0.355103E+06   0.346445E+06  -0.254166E-01   0.336136E+06   0.335961E+06   0.271171E+00
   0.224789E+00   0.342174E+06   0.337311E+06   0.136438E+01   0.130928E+01   0.614708E+05   0.333024E+06   0.341400E+06   0.333024E+06  -0.244321E-01   0.323140E+06   0.322967E+06   0.262478E+00
   0.230147E+00   0.330149E+06   0.325388E+06   0.125542E+01   0.120470E+01   0.577043E+05   0.321262E+06   0.329391E+06   0.321262E+06  -0.235691E-01   0.311750E+06   0.311582E+06   0.249088E+00
   0.235506E+00   0.319800E+06   0.315255E+06   0.116106E+01   0.111414E+01   0.544065E+05   0.311158E+06   0.319077E+06   0.311158E+06  -0.228278E-01   0.301965E+06   0.301805E+06   0.232040E+00
   0.240864E+00   0.310837E+06   0.306585E+06   0.107866E+01   0.103506E+01   0.514955E+05   0.302421E+06   0.310161E+06   0.302421E+06  -0.221869E-01   0.293506E+06   0.293356E+06   0.213289E+00
   0.246222E+00   0.302793E+06   0.298856E+06   0.100535E+01   0.964712E+00   0.488668E+05   0.294588E+06   0.302167E+06   0.294588E+06  -0.216122E-01   0.285921E+06   0.285781E+06   0.195023E+00
   0.251581E+00   0.295170E+06   0.291520E+06   0.938592E+00   0.900644E+00   0.464222E+05   0.287164E+06   0.294589E+06   0.287164E+06  -0.210675E-01   0.278732E+06   0.278600E+06   0.179073E+00
   0.256939E+00   0.287550E+06   0.284122E+06   0.876466E+00   0.841023E+00   0.440850E+05   0.279736E+06   0.287004E+06   0.279736E+06  -0.205226E-01   0.271538E+06   0.271413E+06   0.166518E+00
   0.262297E+00   0.279684E+06   0.276396E+06   0.817841E+00   0.784763E+00   0.418119E+05   0.272059E+06   0.279161E+06   0.272059E+06  -0.199594E-01   0.264102E+06   0.263981E+06   0.157563E+00
   0.267656E+00   0.271539E+06   0.268312E+06   0.762355E+00   0.731515E+00   0.395951E+05   0.264101E+06   0.271026E+06   0.264101E+06  -0.193756E-01   0.256391E+06   0.256273E+06   0.151650E+00
   0.273014E+00   0.263257E+06   0.260035E+06   0.710170E+00   0.681437E+00   0.374533E+05   0.256003E+06   0.262744E+06   0.256003E+06  -0.187815E-01   0.248544E+06   0.248426E+06   0.147726E+00
   0.278373E+00   0.255063E+06   0.251822E+06   0.661634E+00   0.634860E+00   0.354149E+05   0.247990E+06   0.254547E+06   0.247990E+06  -0.181936E-01   0.240778E+06   0.240660E+06   0.144586E+00
   0.283731E+00   0.247190E+06   0.243938E+06   0.617045E+00   0.592072E+00   0.335070E+05   0.240295E+06   0.246673E+06   0.240295E+06  -0.176290E-01   0.233318E+06   0.233201E+06   0.141179E+00
   0.289089E+00   0.239839E+06   0.236604E+06   0.576557E+00   0.553219E+00   0.317488E+05   0.233114E+06   0.239325E+06   0.233114E+06  -0.171022E-01   0.226357E+06   0.226241E+06   0.136831E+00
   0.294448E+00   0.233137E+06   0.229960E+06   0.540114E+00   0.518248E+00   0.301482E+05   0.226573E+06   0.232631E+06   0.226573E+06  -0.166223E-01   0.220016E+06   0.219903E+06   0.131323E+00
   0.299806E+00   0.227097E+06   0.224018E+06   0.507393E+00   0.486849E+00   0.286973E+05   0.220685E+06   0.226607E+06   0.220685E+06  -0.161904E-01   0.214308E+06   0.214199E+06   0.124844E+00
   0.305165E+00   0.221620E+06   0.218669E+06   0.477853E+00   0.458502E+00   0.273749E+05   0.215353E+06   0.221151E+06   0.215353E+06  -0.157992E-01   0.209139E+06   0.209034E+06   0.117859E+00
   0.310523E+00   0.216545E+06   0.213731E+06   0.450880E+00   0.432619E+00   0.261534E+05   0.210414E+06   0.216097E+06   0.210414E+06  -0.154368E-01   0.204351E+06   0.204250E+06   0.110940E+00
   0.315881E+00   0.211704E+06   0.209020E+06   0.425923E+00   0.408670E+00   0.250069E+05   0.205704E+06   0.211277E+06   0.205704E+06  -0.150913E-01   0.199785E+06   0.199688E+06   0.104607E+00
   0.321240E+00   0.206957E+06   0.204383E+06   0.402547E+00   0.386239E+00   0.239149E+05   0.201083E+06   0.206547E+06   0.201083E+06  -0.147523E-01   0.195304E+06   0.195211E+06   0.992000E-01
   0.326598E+00   0.202204E+06   0.199712E+06   0.380449E+00   0.365035E+00   0.228633E+05   0.196454E+06   0.201808E+06   0.196454E+06  -0.144126E-01   0.190815E+06   0.190725E+06   0.948327E-01
   0.331956E+00   0.197406E+06   0.194966E+06   0.359469E+00   0.344903E+00   0.218456E+05   0.191776E+06   0.197018E+06   0.191776E+06  -0.140695E-01   0.186280E+06   0.186191E+06   0.914012E-01
   0.337315E+00   0.192589E+06   0.190181E+06   0.339584E+00   0.325822E+00   0.208635E+05   0.187079E+06   0.192206E+06   0.187079E+06  -0.137249E-01   0.181724E+06   0.181636E+06   0.886512E-01
   0.342673E+00   0.187830E+06   0.185442E+06   0.320858E+00   0.307853E+00   0.199238E+05   0.182437E+06   0.187450E+06   0.182437E+06  -0.133844E-01   0.177221E+06   0.177135E+06   0.862632E-01
   0.348032E+00   0.183219E+06   0.180850E+06   0.303364E+00   0.291067E+00   0.190339E+05   0.177941E+06   0.182842E+06   0.177941E+06  -0.130545E-01   0.172859E+06   0.172774E+06   0.839366E-01
   0.353390E+00   0.178827E+06   0.176483E+06   0.287133E+00   0.275492E+00   0.181987E+05   0.173659E+06   0.178454E+06   0.173659E+06  -0.127403E-01   0.168705E+06   0.168621E+06   0.814532E-01
   0.358748E+00   0.174692E+06   0.172388E+06   0.272137E+00   0.261104E+00   0.174195E+05   0.169630E+06   0.174325E+06   0.169630E+06  -0.124448E-01   0.164797E+06   0.164715E+06   0.787124E-01
   0.364107E+00   0.170825E+06   0.168573E+06   0.258306E+00   0.247832E+00   0.166943E+05   0.165866E+06   0.170467E+06   0.165866E+06  -0.121686E-01   0.161145E+06   0.161064E+06   0.757312E-01
   0.369465E+00   0.167208E+06   0.165017E+06   0.245528E+00   0.235571E+00   0.160185E+05   0.162346E+06   0.166859E+06   0.162346E+06  -0.119104E-01   0.157730E+06   0.157651E+06   0.726151E-01
   0.374823E+00   0.163793E+06   0.161671E+06   0.233664E+00   0.224188E+00   0.153854E+05   0.159025E+06   0.163456E+06   0.159025E+06  -0.116668E-01   0.154508E+06   0.154432E+06   0.695129E-01
   0.380182E+00   0.160522E+06   0.158465E+06   0.222566E+00   0.213539E+00   0.147869E+05   0.155844E+06   0.160195E+06   0.155844E+06  -0.114333E-01   0.151421E+06   0.151347E+06   0.665709E-01
   0.385540E+00   0.157336E+06   0.155339E+06   0.212107E+00   0.203503E+00   0.142164E+05   0.152745E+06   0.157018E+06   0.152745E+06  -0.112060E-01   0.148415E+06   0.148343E+06   0.638980E-01
   0.390899E+00   0.154197E+06   0.152250E+06   0.202195E+00   0.193993E+00   0.136690E+05   0.149691E+06   0.153887E+06   0.149691E+06  -0.109820E-01   0.145452E+06   0.145381E+06   0.615459E-01
   0.396257E+00   0.151088E+06   0.149182E+06   0.192777E+00   0.184956E+00   0.131422E+05   0.146667E+06   0.150785E+06   0.146667E+06  -0.107601E-01   0.142516E+06   0.142447E+06   0.595055E-01
   0.401615E+00   0.148011E+06   0.146137E+06   0.183824E+00   0.176366E+00   0.126353E+05   0.143671E+06   0.147713E+06   0.143671E+06  -0.105403E-01   0.139609E+06   0.139541E+06   0.577185E-01
   0.406974E+00   0.144980E+06   0.143132E+06   0.175328E+00   0.168214E+00   0.121487E+05   0.140720E+06   0.144686E+06   0.140720E+06  -0.103238E-01   0.136745E+06   0.136678E+06   0.560992E-01
   0.412332E+00   0.142021E+06   0.140197E+06   0.167296E+00   0.160507E+00   0.116838E+05   0.137839E+06   0.141731E+06   0.137839E+06  -0.101125E-01   0.133949E+06   0.133883E+06   0.545599E-01
   0.417691E+00   0.139162E+06   0.137363E+06   0.159731E+00   0.153249E+00   0.112418E+05   0.135057E+06   0.138876E+06   0.135057E+06  -0.990832E-02   0.131248E+06   0.131183E+06   0.530302E-01
   0.423049E+00   0.136421E+06   0.134650E+06   0.152628E+00   0.146434E+00   0.108233E+05   0.132390E+06   0.136140E+06   0.132390E+06  -0.971267E-02   0.128659E+06   0.128596E+06   0.514686E-01
   0.428407E+00   0.133803E+06   0.132065E+06   0.145964E+00   0.140040E+00   0.104276E+05   0.129843E+06   0.133526E+06   0.129843E+06  -0.952583E-02   0.126187E+06   0.126125E+06   0.498658E-01
   0.433766E+00   0.131302E+06   0.129599E+06   0.139706E+00   0.134035E+00   0.100531E+05   0.127411E+06   0.131031E+06   0.127411E+06  -0.934739E-02   0.123826E+06   0.123765E+06   0.482403E-01
   0.439124E+00   0.128904E+06   0.127239E+06   0.133818E+00   0.128386E+00   0.969808E+04   0.125081E+06   0.128640E+06   0.125081E+06  -0.917644E-02   0.121564E+06   0.121504E+06   0.466279E-01
   0.444482E+00   0.126594E+06   0.124967E+06   0.128261E+00   0.123054E+00   0.936025E+04   0.122835E+06   0.126335E+06   0.122835E+06  -0.901170E-02   0.119384E+06   0.119326E+06   0.450697E-01
   0.449841E+00   0.124351E+06   0.122759E+06   0.122996E+00   0.118002E+00   0.903748E+04   0.120655E+06   0.124098E+06   0.120655E+06  -0.885176E-02   0.117268E+06   0.117210E+06   0.435997E-01
   0.455199E+00   0.122158E+06   0.120599E+06   0.117990E+00   0.113199E+00   0.872788E+04   0.118523E+06   0.121910E+06   0.118523E+06  -0.869536E-02   0.115198E+06   0.115142E+06   0.422380E-01
   0.460558E+00   0.120004E+06   0.118475E+06   0.113219E+00   0.108622E+00   0.843021E+04   0.116430E+06   0.119761E+06   0.116430E+06  -0.854176E-02   0.113165E+06   0.113110E+06   0.409877E-01
   0.465916E+00   0.117887E+06   0.116383E+06   0.108670E+00   0.104257E+00   0.814372E+04   0.114371E+06   0.117647E+06   0.114371E+06  -0.839072E-02   0.111166E+06   0.111112E+06   0.398377E-01
   0.471274E+00   0.115809E+06   0.114328E+06   0.104332E+00   0.100095E+00   0.786826E+04   0.112350E+06   0.115573E+06   0.112350E+06  -0.824249E-02   0.109204E+06   0.109151E+06   0.387665E-01
   0.476633E+00   0.113777E+06   0.112318E+06   0.100202E+00   0.961327E-01   0.760383E+04   0.110375E+06   0.113545E+06   0.110375E+06  -0.809757E-02   0.107286E+06   0.107234E+06   0.377491E-01
   0.481991E+00   0.111799E+06   0.110361E+06   0.962753E-01   0.923653E-01   0.735050E+04   0.108452E+06   0.111570E+06   0.108452E+06  -0.795646E-02   0.105419E+06   0.105367E+06   0.367623E-01
   0.487350E+00   0.109879E+06   0.108463E+06   0.925461E-01   0.887873E-01   0.710817E+04   0.106586E+06   0.109654E+06   0.106586E+06  -0.781956E-02   0.103607E+06   0.103556E+06   0.357898E-01
   0.492708E+00   0.108021E+06   0.106628E+06   0.890070E-01   0.853917E-01   0.687662E+04   0.104780E+06   0.107800E+06   0.104780E+06  -0.768709E-02   0.101853E+06   0.101803E+06   0.348240E-01
   0.498066E+00   0.106226E+06   0.104856E+06   0.856491E-01   0.821701E-01   0.665547E+04   0.103036E+06   0.106008E+06   0.103036E+06  -0.755912E-02   0.100159E+06   0.100110E+06   0.338663E-01
   0.503425E+00   0.104491E+06   0.103145E+06   0.824606E-01   0.791109E-01   0.644412E+04   0.101349E+06   0.104276E+06   0.101349E+06  -0.743540E-02   0.985213E+05   0.984728E+05   0.329240E-01
   0.508783E+00   0.102807E+06   0.101485E+06   0.794273E-01   0.762006E-01   0.624174E+04   0.997135E+05   0.102597E+06   0.997135E+05  -0.731540E-02   0.969328E+05   0.968852E+05   0.320069E-01
   0.514141E+00   0.101168E+06   0.998695E+05   0.765359E-01   0.734266E-01   0.604753E+04   0.981214E+05   0.100961E+06   0.981214E+05  -0.719859E-02   0.953865E+05   0.953397E+05   0.311247E-01
   0.519500E+00   0.995684E+05   0.982925E+05   0.737757E-01   0.707784E-01   0.586087E+04   0.965676E+05   0.993655E+05   0.965676E+05  -0.708460E-02   0.938775E+05   0.938314E+05   0.302846E-01
   0.524858E+00   0.980045E+05   0.967497E+05   0.711377E-01   0.682474E-01   0.568126E+04   0.950484E+05   0.978048E+05   0.950484E+05  -0.697314E-02   0.924018E+05   0.923565E+05   0.294895E-01
   0.530217E+00   0.964724E+05   0.952373E+05   0.686134E-01   0.658256E-01   0.550823E+04   0.935600E+05   0.962759E+05   0.935600E+05  -0.686395E-02   0.909562E+05   0.909116E+05   0.287377E-01
   0.535575E+00   0.949699E+05   0.937534E+05   0.661963E-01   0.635065E-01   0.534142E+04   0.921003E+05   0.947764E+05   0.921003E+05  -0.675686E-02   0.895384E+05   0.894945E+05   0.280236E-01
   0.540933E+00   0.934981E+05   0.922992E+05   0.638820E-01   0.612861E-01   0.518067E+04   0.906705E+05   0.933074E+05   0.906705E+05  -0.665196E-02   0.881495E+05   0.881063E+05   0.273404E-01
   0.546292E+00   0.920599E+05   0.908781E+05   0.616680E-01   0.591620E-01   0.502592E+04   0.892733E+05   0.918719E+05   0.892733E+05  -0.654946E-02   0.867924E+05   0.867497E+05   0.266811E-01
   0.551650E+00   0.906576E+05   0.894926E+05   0.595514E-01   0.571313E-01   0.487708E+04   0.879111E+05   0.904723E+05   0.879111E+05  -0.644953E-02   0.854692E+05   0.854271E+05   0.260399E-01
   0.557009E+00   0.892913E+05   0.881432E+05   0.575278E-01   0.551898E-01   0.473397E+04   0.865840E+05   0.891087E+05   0.865840E+05  -0.635216E-02   0.841800E+05   0.841386E+05   0.254127E-01
   0.562367E+00   0.879602E+05   0.868290E+05   0.555925E-01   0.533332E-01   0.459632E+04   0.852912E+05   0.877802E+05   0.852912E+05  -0.625732E-02   0.829241E+05   0.828833E+05   0.247981E-01
   0.567725E+00   0.866635E+05   0.855492E+05   0.537413E-01   0.515571E-01   0.446391E+04   0.840320E+05   0.864862E+05   0.840320E+05  -0.616494E-02   0.817008E+05   0.816606E+05   0.241969E-01
   0.573084E+00   0.854005E+05   0.843031E+05   0.519700E-01   0.498577E-01   0.433652E+04   0.828056E+05   0.852259E+05   0.828056E+05  -0.607496E-02   0.805094E+05   0.804698E+05   0.236111E-01
   0.578442E+00   0.841690E+05   0.830882E+05   0.502737E-01   0.482303E-01   0.421387E+04   0.816098E+05   0.839971E+05   0.816098E+05  -0.598724E-02   0.793477E+05   0.793087E+05   0.230433E-01
   0.629704E+00   0.736343E+05   0.726885E+05   0.370970E-01   0.355887E-01   0.323535E+04   0.713819E+05   0.734838E+05   0.713819E+05  -0.523687E-02   0.694102E+05   0.693761E+05   0.185342E-01
   0.769122E+00   0.535447E+05   0.528575E+05   0.180681E-01   0.173331E-01   0.171495E+04   0.518878E+05   0.534353E+05   0.518878E+05  -0.380670E-02   0.504645E+05   0.504397E+05   0.110485E-01
   0.939408E+00   0.387465E+05   0.382493E+05   0.875892E-02   0.840240E-02   0.894152E+03   0.375371E+05   0.386674E+05   0.375371E+05  -0.275388E-02   0.365130E+05   0.364949E+05   0.656458E-02
   0.114740E+01   0.279175E+05   0.275592E+05   0.422846E-02   0.405629E-02   0.459141E+03   0.270406E+05   0.278605E+05   0.270406E+05  -0.198381E-02   0.263057E+05   0.262927E+05   0.389011E-02
   0.140143E+01   0.200325E+05   0.197755E+05   0.203321E-02   0.195040E-02   0.232399E+03   0.194004E+05   0.199916E+05   0.194004E+05  -0.142329E-02   0.188747E+05   0.188653E+05   0.230122E-02
   0.171171E+01   0.143230E+05   0.141392E+05   0.974227E-03   0.934541E-03   0.116101E+03   0.138696E+05   0.142938E+05   0.138696E+05  -0.101753E-02   0.134946E+05   0.134878E+05   0.136112E-02
   0.209069E+01   0.102069E+05   0.100759E+05   0.465293E-03   0.446337E-03   0.573171E+02   0.988298E+04   0.101861E+05   0.988298E+04  -0.725057E-03   0.961620E+04   0.961126E+04   0.806450E-03
   0.255358E+01   0.725123E+04   0.715810E+04   0.221551E-03   0.212524E-03   0.279997E+02   0.702073E+04   0.723641E+04   0.702073E+04  -0.515070E-03   0.683142E+04   0.682783E+04   0.479801E-03
   0.311895E+01   0.513688E+04   0.507085E+04   0.105197E-03   0.100911E-03   0.135542E+02   0.497339E+04   0.512637E+04   0.497339E+04  -0.364868E-03   0.483939E+04   0.483677E+04   0.287597E-03
   0.380949E+01   0.362977E+04   0.358306E+04   0.498239E-04   0.477937E-04   0.651162E+01   0.351414E+04   0.362233E+04   0.351414E+04  -0.257812E-03   0.341952E+04   0.341757E+04   0.174432E-03
   0.465292E+01   0.255863E+04   0.252564E+04   0.235411E-04   0.225819E-04   0.310843E+01   0.247707E+04   0.255338E+04   0.247707E+04  -0.181728E-03   0.241040E+04   0.240894E+04   0.107607E-03
   0.568309E+01   0.179966E+04   0.177639E+04   0.110988E-04   0.106465E-04   0.147623E+01   0.174227E+04   0.179596E+04   0.174227E+04  -0.127820E-03   0.169539E+04   0.169426E+04   0.679314E-04
   0.694134E+01   0.126323E+04   0.124682E+04   0.522190E-05   0.500914E-05   0.698111E+00   0.122292E+04   0.126062E+04   0.122292E+04  -0.897184E-04   0.119003E+04   0.118913E+04   0.441536E-04
   0.847817E+01   0.885013E+03   0.873448E+03   0.245222E-05   0.235231E-05   0.328996E+00   0.856757E+03   0.883173E+03   0.856757E+03  -0.628552E-04   0.833722E+03   0.832985E+03   0.297035E-04
   0.103553E+02   0.618947E+03   0.610782E+03   0.114953E-05   0.110270E-05   0.154600E+00   0.599172E+03   0.617648E+03   0.599172E+03  -0.439577E-04   0.583070E+03   0.582441E+03   0.207467E-04
   0.126479E+02   0.432156E+03   0.426376E+03   0.537966E-06   0.516057E-06   0.724728E-01   0.418336E+03   0.431237E+03   0.418336E+03  -0.306908E-04   0.407100E+03   0.406543E+03   0.150478E-04
   0.154482E+02   0.301275E+03   0.297162E+03   0.251367E-06   0.241133E-06   0.339031E-01   0.291626E+03   0.300620E+03   0.291626E+03  -0.213949E-04   0.283801E+03   0.283290E+03   0.113026E-04
   0.188685E+02   0.209729E+03   0.206778E+03   0.117276E-06   0.112504E-06   0.158312E-01   0.202998E+03   0.209259E+03   0.202998E+03  -0.148928E-04   0.197558E+03   0.197075E+03   0.874829E-05
   0.230461E+02   0.145801E+03   0.143660E+03   0.546368E-07   0.524152E-07   0.738032E-02   0.141108E+03   0.145460E+03   0.141108E+03  -0.103523E-04   0.137334E+03   0.136866E+03   0.693621E-05
   0.281485E+02   0.101227E+03   0.996479E+02   0.254181E-07   0.243857E-07   0.343545E-02   0.979546E+02   0.100976E+03   0.979546E+02  -0.718636E-05   0.953420E+02   0.948807E+02   0.560046E-05
   0.343807E+02   0.701930E+02   0.690017E+02   0.118081E-07   0.113293E-07   0.159686E-02   0.679089E+02   0.700035E+02   0.679089E+02  -0.498208E-05   0.661053E+02   0.656444E+02   0.458122E-05
   0.419926E+02   0.486141E+02   0.476899E+02   0.547735E-08   0.525582E-08   0.741229E-03   0.470169E+02   0.484671E+02   0.470169E+02  -0.344935E-05   0.457761E+02   0.453115E+02   0.378055E-05
   0.512900E+02   0.336283E+02   0.328869E+02   0.253663E-08   0.243443E-08   0.343571E-03   0.325077E+02   0.335104E+02   0.325077E+02  -0.238490E-05   0.316579E+02   0.311870E+02   0.313686E-05
   0.626457E+02   0.232334E+02   0.226164E+02   0.117260E-08   0.112562E-08   0.159012E-03   0.224430E+02   0.231352E+02   0.224430E+02  -0.164651E-05   0.218646E+02   0.213861E+02   0.261008E-05
   0.765156E+02   0.160307E+02   0.154977E+02   0.540861E-09   0.519374E-09   0.734726E-04   0.154688E+02   0.159459E+02   0.154688E+02  -0.113485E-05   0.150787E+02   0.145920E+02   0.217309E-05
   0.934564E+02   0.110450E+02   0.105686E+02   0.248785E-09   0.239026E-09   0.338818E-04   0.106410E+02   0.109692E+02   0.106410E+02  -0.780666E-06   0.103813E+02   0.988716E+01   0.180669E-05
   0.114148E+03   0.759721E+01   0.715898E+01   0.114025E-09   0.109636E-09   0.155874E-04   0.730226E+01   0.752749E+01   0.730226E+01  -0.535724E-06   0.713287E+01   0.663284E+01   0.149674E-05
