#          k/h    CDM            baryon         photon         nu             mass_nu        total          no_nu          total_de       Weyl           v_CDM          v_b            v_b-v_c     
   0.105171E-04   0.521883E+06   0.521883E+06   0.695836E+06   0.695836E+06   0.522928E+06   0.521914E+06   0.521883E+06   0.530192E+06  -0.602325E+00   0.520327E+06   0.520327E+06   0.200605E+00
   0.116124E-04   0.521883E+06   0.521883E+06   0.695834E+06   0.695834E+06   0.522928E+06   0.521914E+06   0.521883E+06   0.530192E+06  -0.602325E+00   0.520327E+06   0.520327E+06   0.221497E+00
   0.128218E-04   0.521883E+06   0.521883E+06   0.695832E+06   0.695832E+06   0.522928E+06   0.521914E+06   0.521883E+06   0.530191E+06  -0.602325E+00   0.520327E+06   0.520327E+06   0.244564E+00
   0.141570E-04   0.521882E+06   0.521882E+06   0.695830E+06   0.695829E+06   0.522928E+06   0.521914E+06   0.521882E+06   0.530191E+06  -0.602324E+00   0.520326E+06   0.520326E+06   0.270033E+00
   0.156314E-04   0.521882E+06   0.521882E+06   0.695827E+06   0.695826E+06   0.522928E+06   0.521914E+06   0.521882E+06   0.530191E+06  -0.602324E+00   0.520326E+06   0.520326E+06   0.298155E+00
   0.172593E-04   0.521882E+06   0.521882E+06   0.695823E+06   0.695822E+06   0.522927E+06   0.521914E+06   0.521882E+06   0.530191E+06  -0.602324E+00   0.520326E+06   0.520326E+06   0.329206E+00
   0.190567E-04   0.521882E+06   0.521882E+06   0.695818E+06   0.695817E+06   0.522927E+06   0.521914E+06   0.521882E+06   0.530191E+06  -0.602324E+00   0.520326E+06   0.520326E+06   0.363490E+00
   0.210413E-04   0.521882E+06   0.521882E+06   0.695813E+06   0.695811E+06   0.522927E+06   0.521913E+06   0.521882E+06   0.530191E+06  -0.602324E+00   0.520326E+06   0.520326E+06   0.401344E+00
   0.232326E-04   0.521882E+06   0.521882E+06   0.695806E+06   0.695804E+06   0.522926E+06   0.521913E+06   0.521882E+06   0.530190E+06  -0.602323E+00   0.520326E+06   0.520326E+06   0.443141E+00
   0.256521E-04   0.521882E+06   0.521882E+06   0.695798E+06   0.695796E+06   0.522926E+06   0.521913E+06   0.521882E+06   0.530190E+06  -0.602323E+00   0.520326E+06   0.520326E+06   0.489290E+00
   0.283236E-04   0.521881E+06   0.521881E+06   0.695788E+06   0.695785E+06   0.522925E+06   0.521913E+06   0.521881E+06   0.530190E+06  -0.602323E+00   0.520325E+06   0.520325E+06   0.540246E+00
   0.312733E-04   0.521881E+06   0.521881E+06   0.695776E+06   0.695772E+06   0.522924E+06   0.521912E+06   0.521881E+06   0.530189E+06  -0.602322E+00   0.520325E+06   0.520325E+06   0.596507E+00
   0.345301E-04   0.521881E+06   0.521881E+06   0.695761E+06   0.695756E+06   0.522923E+06   0.521912E+06   0.521881E+06   0.530189E+06  -0.602321E+00   0.520325E+06   0.520325E+06   0.658628E+00
   0.381262E-04   0.521880E+06   0.521880E+06   0.695743E+06   0.695737E+06   0.522922E+06   0.521911E+06   0.521880E+06   0.530188E+06  -0.602320E+00   0.520324E+06   0.520324E+06   0.727218E+00
   0.420968E-04   0.521880E+06   0.521880E+06   0.695720E+06   0.695714E+06   0.522921E+06   0.521911E+06   0.521880E+06   0.530187E+06  -0.602319E+00   0.520324E+06   0.520324E+06   0.802950E+00
   0.464808E-04   0.521879E+06   0.521879E+06   0.695693E+06   0.695685E+06   0.522919E+06   0.521910E+06   0.521879E+06   0.530186E+06  -0.602318E+00   0.520323E+06   0.520323E+06   0.886569E+00
   0.513214E-04   0.521878E+06   0.521878E+06   0.695660E+06   0.695651E+06   0.522917E+06   0.521909E+06   0.521878E+06   0.530185E+06  -0.602316E+00   0.520322E+06   0.520322E+06   0.978895E+00
   0.566662E-04   0.521877E+06   0.521877E+06   0.695620E+06   0.695608E+06   0.522914E+06   0.521908E+06   0.521877E+06   0.530183E+06  -0.602315E+00   0.520321E+06   0.520321E+06   0.108083E+01
   0.625675E-04   0.521876E+06   0.521875E+06   0.695571E+06   0.695557E+06   0.522911E+06   0.521907E+06   0.521876E+06   0.530181E+06  -0.602312E+00   0.520320E+06   0.520320E+06   0.119339E+01
   0.690835E-04   0.521874E+06   0.521874E+06   0.695512E+06   0.695494E+06   0.522907E+06   0.521905E+06   0.521874E+06   0.530179E+06  -0.602309E+00   0.520318E+06   0.520318E+06   0.131766E+01
   0.762780E-04   0.521872E+06   0.521872E+06   0.695439E+06   0.695417E+06   0.522902E+06   0.521903E+06   0.521872E+06   0.530176E+06  -0.602306E+00   0.520316E+06   0.520316E+06   0.145488E+01
   0.842218E-04   0.521870E+06   0.521869E+06   0.695350E+06   0.695324E+06   0.522897E+06   0.521901E+06   0.521870E+06   0.530172E+06  -0.602302E+00   0.520314E+06   0.520314E+06   0.160638E+01
   0.929929E-04   0.521867E+06   0.521866E+06   0.695242E+06   0.695210E+06   0.522889E+06   0.521898E+06   0.521867E+06   0.530168E+06  -0.602297E+00   0.520311E+06   0.520311E+06   0.177365E+01
   0.102677E-03   0.521864E+06   0.521863E+06   0.695110E+06   0.695071E+06   0.522881E+06   0.521894E+06   0.521863E+06   0.530163E+06  -0.602290E+00   0.520307E+06   0.520307E+06   0.195833E+01
   0.113370E-03   0.521859E+06   0.521858E+06   0.694949E+06   0.694902E+06   0.522870E+06   0.521890E+06   0.521859E+06   0.530156E+06  -0.602283E+00   0.520303E+06   0.520303E+06   0.216224E+01
   0.125177E-03   0.521854E+06   0.521853E+06   0.694753E+06   0.694696E+06   0.522858E+06   0.521884E+06   0.521854E+06   0.530149E+06  -0.602273E+00   0.520298E+06   0.520298E+06   0.238738E+01
   0.138213E-03   0.521848E+06   0.521846E+06   0.694515E+06   0.694444E+06   0.522842E+06   0.521878E+06   0.521848E+06   0.530139E+06  -0.602262E+00   0.520292E+06   0.520291E+06   0.263594E+01
   0.152607E-03   0.521840E+06   0.521838E+06   0.694224E+06   0.694138E+06   0.522823E+06   0.521869E+06   0.521840E+06   0.530128E+06  -0.602248E+00   0.520284E+06   0.520283E+06   0.291036E+01
   0.168500E-03   0.521831E+06   0.521828E+06   0.693869E+06   0.693765E+06   0.522800E+06   0.521860E+06   0.521831E+06   0.530114E+06  -0.602231E+00   0.520274E+06   0.520274E+06   0.321333E+01
   0.186048E-03   0.521820E+06   0.521817E+06   0.693437E+06   0.693310E+06   0.522771E+06   0.521848E+06   0.521819E+06   0.530096E+06  -0.602211E+00   0.520263E+06   0.520262E+06   0.354782E+01
   0.205424E-03   0.521806E+06   0.521802E+06   0.692910E+06   0.692756E+06   0.522737E+06   0.521833E+06   0.521805E+06   0.530075E+06  -0.602185E+00   0.520249E+06   0.520248E+06   0.391708E+01
   0.226817E-03   0.521789E+06   0.521784E+06   0.692269E+06   0.692081E+06   0.522695E+06   0.521815E+06   0.521788E+06   0.530050E+06  -0.602155E+00   0.520232E+06   0.520231E+06   0.432472E+01
   0.250438E-03   0.521768E+06   0.521763E+06   0.691488E+06   0.691259E+06   0.522644E+06   0.521794E+06   0.521768E+06   0.530019E+06  -0.602118E+00   0.520211E+06   0.520210E+06   0.477472E+01
   0.276520E-03   0.521743E+06   0.521736E+06   0.690537E+06   0.690258E+06   0.522581E+06   0.521767E+06   0.521742E+06   0.529981E+06  -0.602072E+00   0.520186E+06   0.520185E+06   0.527144E+01
   0.305317E-03   0.521713E+06   0.521704E+06   0.689379E+06   0.689039E+06   0.522505E+06   0.521735E+06   0.521711E+06   0.529935E+06  -0.602017E+00   0.520155E+06   0.520153E+06   0.581971E+01
   0.337113E-03   0.521676E+06   0.521665E+06   0.687969E+06   0.687556E+06   0.522413E+06   0.521696E+06   0.521674E+06   0.529879E+06  -0.601949E+00   0.520117E+06   0.520115E+06   0.642484E+01
   0.372221E-03   0.521630E+06   0.521618E+06   0.686254E+06   0.685753E+06   0.522300E+06   0.521648E+06   0.521628E+06   0.529810E+06  -0.601867E+00   0.520071E+06   0.520069E+06   0.709265E+01
   0.410985E-03   0.521575E+06   0.521560E+06   0.684169E+06   0.683559E+06   0.522162E+06   0.521590E+06   0.521573E+06   0.529727E+06  -0.601767E+00   0.520015E+06   0.520013E+06   0.782957E+01
   0.453786E-03   0.521508E+06   0.521489E+06   0.681634E+06   0.680894E+06   0.521994E+06   0.521519E+06   0.521505E+06   0.529625E+06  -0.601645E+00   0.519947E+06   0.519944E+06   0.864264E+01
   0.501045E-03   0.521426E+06   0.521403E+06   0.678555E+06   0.677658E+06   0.521790E+06   0.521433E+06   0.521422E+06   0.529502E+06  -0.601497E+00   0.519864E+06   0.519860E+06   0.953958E+01
   0.553225E-03   0.521326E+06   0.521298E+06   0.674818E+06   0.673731E+06   0.521541E+06   0.521328E+06   0.521321E+06   0.529351E+06  -0.601317E+00   0.519763E+06   0.519758E+06   0.105289E+02
   0.610839E-03   0.521204E+06   0.521170E+06   0.670287E+06   0.668972E+06   0.521238E+06   0.521200E+06   0.521199E+06   0.529169E+06  -0.601097E+00   0.519639E+06   0.519634E+06   0.116197E+02
   0.674453E-03   0.521056E+06   0.521015E+06   0.664800E+06   0.663212E+06   0.520869E+06   0.521044E+06   0.521050E+06   0.528947E+06  -0.600831E+00   0.519489E+06   0.519483E+06   0.128223E+02
   0.744692E-03   0.520876E+06   0.520826E+06   0.658165E+06   0.656252E+06   0.520420E+06   0.520855E+06   0.520868E+06   0.528677E+06  -0.600507E+00   0.519307E+06   0.519299E+06   0.141475E+02
   0.822246E-03   0.520657E+06   0.520596E+06   0.650156E+06   0.647857E+06   0.519874E+06   0.520624E+06   0.520647E+06   0.528350E+06  -0.600113E+00   0.519084E+06   0.519075E+06   0.156072E+02
   0.907877E-03   0.520391E+06   0.520316E+06   0.640509E+06   0.637756E+06   0.519210E+06   0.520344E+06   0.520379E+06   0.527953E+06  -0.599636E+00   0.518814E+06   0.518802E+06   0.172143E+02
   0.100243E-02   0.520067E+06   0.519976E+06   0.628923E+06   0.625637E+06   0.518402E+06   0.520003E+06   0.520052E+06   0.527472E+06  -0.599058E+00   0.518485E+06   0.518471E+06   0.189826E+02
   0.110682E-02   0.519674E+06   0.519563E+06   0.615051E+06   0.611149E+06   0.517421E+06   0.519589E+06   0.519656E+06   0.526891E+06  -0.598358E+00   0.518086E+06   0.518068E+06   0.209268E+02
   0.122209E-02   0.519198E+06   0.519062E+06   0.598510E+06   0.593904E+06   0.516231E+06   0.519088E+06   0.519176E+06   0.526190E+06  -0.597513E+00   0.517601E+06   0.517579E+06   0.230626E+02
   0.134936E-02   0.518621E+06   0.518456E+06   0.578885E+06   0.573488E+06   0.514758E+06   0.518479E+06   0.518594E+06   0.525345E+06  -0.596494E+00   0.517012E+06   0.516986E+06   0.254063E+02
   0.148988E-02   0.517922E+06   0.517721E+06   0.555742E+06   0.549475E+06   0.512973E+06   0.517743E+06   0.517890E+06   0.524330E+06  -0.595269E+00   0.516299E+06   0.516267E+06   0.279748E+02
   0.164504E-02   0.517078E+06   0.516834E+06   0.528653E+06   0.521461E+06   0.510833E+06   0.516853E+06   0.517039E+06   0.523115E+06  -0.593798E+00   0.515436E+06   0.515397E+06   0.307856E+02
   0.181636E-02   0.516061E+06   0.515762E+06   0.497240E+06   0.489103E+06   0.508264E+06   0.515781E+06   0.516013E+06   0.521665E+06  -0.592041E+00   0.514393E+06   0.514346E+06   0.338560E+02
   0.200552E-02   0.514836E+06   0.514473E+06   0.461228E+06   0.452188E+06   0.505179E+06   0.514490E+06   0.514778E+06   0.519943E+06  -0.589949E+00   0.513136E+06   0.513078E+06   0.372031E+02
   0.221438E-02   0.513366E+06   0.512924E+06   0.420531E+06   0.410719E+06   0.501482E+06   0.512942E+06   0.513296E+06   0.517907E+06  -0.587471E+00   0.511623E+06   0.511553E+06   0.408430E+02
   0.244500E-02   0.511608E+06   0.511071E+06   0.375353E+06   0.365022E+06   0.497061E+06   0.511089E+06   0.511523E+06   0.515515E+06  -0.584552E+00   0.509808E+06   0.509724E+06   0.447907E+02
   0.269962E-02   0.509514E+06   0.508860E+06   0.326316E+06   0.315869E+06   0.491790E+06   0.508882E+06   0.509410E+06   0.512724E+06  -0.581137E+00   0.507639E+06   0.507537E+06   0.490589E+02
   0.298077E-02   0.507031E+06   0.506235E+06   0.274588E+06   0.264595E+06   0.485534E+06   0.506263E+06   0.506904E+06   0.509492E+06  -0.577171E+00   0.505055E+06   0.504932E+06   0.536582E+02
   0.329119E-02   0.504100E+06   0.503133E+06   0.221986E+06   0.213168E+06   0.478148E+06   0.503172E+06   0.503946E+06   0.505780E+06  -0.572608E+00   0.501994E+06   0.501845E+06   0.585966E+02
   0.363395E-02   0.500664E+06   0.499489E+06   0.170995E+06   0.164154E+06   0.469482E+06   0.499547E+06   0.500477E+06   0.501556E+06  -0.567407E+00   0.498388E+06   0.498209E+06   0.638796E+02
   0.401240E-02   0.496661E+06   0.495235E+06   0.124624E+06   0.120495E+06   0.459390E+06   0.495323E+06   0.496434E+06   0.496790E+06  -0.561540E+00   0.494168E+06   0.493953E+06   0.695114E+02
   0.443026E-02   0.492034E+06   0.490304E+06   0.860163E+05   0.850302E+05   0.447744E+06   0.490439E+06   0.491759E+06   0.491458E+06  -0.554994E+00   0.489270E+06   0.489012E+06   0.754960E+02
   0.489163E-02   0.486729E+06   0.484633E+06   0.577529E+05   0.597469E+05   0.434442E+06   0.484837E+06   0.486396E+06   0.485532E+06  -0.547762E+00   0.483634E+06   0.483325E+06   0.818393E+02
   0.540106E-02   0.480698E+06   0.478162E+06   0.409078E+05   0.448992E+05   0.419432E+06   0.478469E+06   0.480295E+06   0.478971E+06  -0.539839E+00   0.477214E+06   0.476845E+06   0.885509E+02
   0.596354E-02   0.473902E+06   0.470835E+06   0.341545E+05   0.383845E+05   0.402724E+06   0.471294E+06   0.473414E+06   0.471716E+06  -0.531205E+00   0.469977E+06   0.469537E+06   0.956447E+02
   0.658460E-02   0.466305E+06   0.462602E+06   0.334993E+05   0.359764E+05   0.384411E+06   0.463277E+06   0.465716E+06   0.463685E+06  -0.521815E+00   0.461903E+06   0.461379E+06   0.103136E+03
   0.727033E-02   0.457875E+06   0.453414E+06   0.333565E+05   0.329209E+05   0.364670E+06   0.454391E+06   0.457166E+06   0.454786E+06  -0.511587E+00   0.452983E+06   0.452361E+06   0.111036E+03
   0.802749E-02   0.448582E+06   0.443215E+06   0.292114E+05   0.265912E+05   0.343770E+06   0.444610E+06   0.447728E+06   0.444948E+06  -0.500420E+00   0.443207E+06   0.442468E+06   0.119339E+03
   0.886349E-02   0.438391E+06   0.431951E+06   0.207086E+05   0.184191E+05   0.322046E+06   0.433907E+06   0.437366E+06   0.434145E+06  -0.488224E+00   0.432555E+06   0.431680E+06   0.128012E+03
   0.978655E-02   0.427270E+06   0.419562E+06   0.122807E+05   0.125243E+05   0.299868E+06   0.422259E+06   0.426044E+06   0.422406E+06  -0.474955E+00   0.420993E+06   0.419959E+06   0.136988E+03
   0.108057E-01   0.415193E+06   0.405997E+06   0.890327E+04   0.108812E+05   0.277595E+06   0.409647E+06   0.413730E+06   0.409760E+06  -0.460625E+00   0.408486E+06   0.407268E+06   0.146168E+03
   0.119311E-01   0.402144E+06   0.391212E+06   0.981168E+04   0.905190E+04   0.255524E+06   0.396059E+06   0.400405E+06   0.396173E+06  -0.445253E+00   0.395009E+06   0.393579E+06   0.155419E+03
   0.131736E-01   0.388117E+06   0.375179E+06   0.904892E+04   0.715116E+04   0.233876E+06   0.381494E+06   0.386059E+06   0.381595E+06  -0.428818E+00   0.380573E+06   0.378902E+06   0.164565E+03
   0.145456E-01   0.373113E+06   0.357882E+06   0.516695E+04   0.562661E+04   0.212818E+06   0.365955E+06   0.370690E+06   0.366018E+06  -0.411295E+00   0.365182E+06   0.363239E+06   0.173357E+03
   0.160604E-01   0.357141E+06   0.339325E+06   0.367426E+04   0.440571E+04   0.192516E+06   0.349454E+06   0.354307E+06   0.349500E+06  -0.392696E+00   0.348845E+06   0.346598E+06   0.181461E+03
   0.177329E-01   0.340226E+06   0.319545E+06   0.425342E+04   0.343126E+04   0.173122E+06   0.332023E+06   0.336936E+06   0.332070E+06  -0.373072E+00   0.331581E+06   0.329005E+06   0.188459E+03
   0.195797E-01   0.322413E+06   0.298630E+06   0.241714E+04   0.265756E+04   0.154637E+06   0.313710E+06   0.318629E+06   0.313740E+06  -0.352469E+00   0.313442E+06   0.310516E+06   0.193843E+03
   0.216188E-01   0.303897E+06   0.276857E+06   0.203253E+04   0.204533E+04   0.135695E+06   0.294679E+06   0.299596E+06   0.294704E+06  -0.331062E+00   0.294617E+06   0.291334E+06   0.197003E+03
   0.238702E-01   0.284560E+06   0.254241E+06   0.168709E+04   0.156307E+04   0.117782E+06   0.274879E+06   0.279737E+06   0.274898E+06  -0.308801E+00   0.275002E+06   0.271373E+06   0.197251E+03
   0.263561E-01   0.264683E+06   0.231260E+06   0.113437E+04   0.118603E+04   0.100767E+06   0.254608E+06   0.259365E+06   0.254622E+06  -0.286013E+00   0.254904E+06   0.250964E+06   0.193869E+03
   0.291009E-01   0.244483E+06   0.208401E+06   0.878562E+03   0.893500E+03   0.854888E+05   0.234146E+06   0.238743E+06   0.234156E+06  -0.263017E+00   0.234578E+06   0.230402E+06   0.186177E+03
   0.321315E-01   0.224370E+06   0.186408E+06   0.771820E+03   0.668801E+03   0.720425E+05   0.213943E+06   0.218331E+06   0.213952E+06  -0.240314E+00   0.214481E+06   0.210179E+06   0.173663E+03
   0.354778E-01   0.204760E+06   0.166070E+06   0.427800E+03   0.497988E+03   0.599450E+05   0.194446E+06   0.198605E+06   0.194451E+06  -0.218407E+00   0.195060E+06   0.190789E+06   0.156145E+03
   0.391725E-01   0.186108E+06   0.148193E+06   0.327971E+03   0.369680E+03   0.492835E+05   0.176153E+06   0.180076E+06   0.176157E+06  -0.197855E+00   0.176800E+06   0.172754E+06   0.133984E+03
   0.432520E-01   0.168895E+06   0.133495E+06   0.296520E+03   0.274559E+03   0.404066E+05   0.159578E+06   0.163263E+06   0.159582E+06  -0.179234E+00   0.160209E+06   0.156598E+06   0.108286E+03
   0.475772E-01   0.153988E+06   0.122628E+06   0.207057E+03   0.206958E+03   0.335055E+05   0.145535E+06   0.148999E+06   0.145538E+06  -0.163458E+00   0.146109E+06   0.143098E+06   0.820749E+02
   0.519024E-01   0.142055E+06   0.115472E+06   0.160905E+03   0.160828E+03   0.281700E+05   0.134537E+06   0.137826E+06   0.134539E+06  -0.151103E+00   0.135043E+06   0.132684E+06   0.589589E+02
   0.562276E-01   0.132242E+06   0.110473E+06   0.128117E+03   0.128055E+03   0.239929E+05   0.125636E+06   0.128779E+06   0.125638E+06  -0.141105E+00   0.126072E+06   0.124324E+06   0.403161E+02
   0.605528E-01   0.123905E+06   0.106389E+06   0.103917E+03   0.103866E+03   0.207173E+05   0.118107E+06   0.121118E+06   0.118108E+06  -0.132647E+00   0.118481E+06   0.117233E+06   0.267254E+02
   0.648780E-01   0.116576E+06   0.102337E+06   0.854334E+02   0.853922E+02   0.179967E+05   0.111422E+06   0.114311E+06   0.111423E+06  -0.125138E+00   0.111754E+06   0.110851E+06   0.180583E+02
   0.692032E-01   0.109823E+06   0.976902E+05   0.708484E+02   0.708141E+02   0.156895E+05   0.105127E+06   0.107893E+06   0.105128E+06  -0.118068E+00   0.105440E+06   0.104712E+06   0.136466E+02
   0.735284E-01   0.103335E+06   0.921556E+05   0.590319E+02   0.590033E+02   0.137068E+05   0.989216E+05   0.101557E+06   0.989223E+05  -0.111098E+00   0.992346E+05   0.985273E+05   0.124792E+02
   0.778536E-01   0.969862E+05   0.858064E+05   0.493110E+02   0.492872E+02   0.119390E+05   0.927099E+05   0.952076E+05   0.927105E+05  -0.104121E+00   0.930377E+05   0.922335E+05   0.134003E+02
   0.821788E-01   0.908116E+05   0.789963E+05   0.412859E+02   0.412660E+02   0.103913E+05   0.865760E+05   0.889319E+05   0.865765E+05  -0.972321E-01   0.869256E+05   0.859569E+05   0.152915E+02
   0.865040E-01   0.849314E+05   0.722111E+05   0.346873E+02   0.346705E+02   0.905801E+04   0.806926E+05   0.829077E+05   0.806930E+05  -0.906243E-01   0.810645E+05   0.799165E+05   0.172155E+02
   0.908292E-01   0.794652E+05   0.659140E+05   0.292973E+02   0.292832E+02   0.790886E+04   0.752277E+05   0.773094E+05   0.752280E+05  -0.844865E-01   0.756167E+05   0.743208E+05   0.185076E+02
   0.961876E-01   0.734025E+05   0.593142E+05   0.240134E+02   0.240019E+02   0.673412E+04   0.692287E+05   0.711612E+05   0.692290E+05  -0.777490E-01   0.696246E+05   0.682367E+05   0.187168E+02
   0.101546E+00   0.682389E+05   0.543982E+05   0.199793E+02   0.199697E+02   0.580132E+04   0.642302E+05   0.660370E+05   0.642304E+05  -0.721351E-01   0.646146E+05   0.632586E+05   0.173221E+02
   0.106904E+00   0.640126E+05   0.511978E+05   0.169161E+02   0.169080E+02   0.506107E+04   0.602668E+05   0.619739E+05   0.602670E+05  -0.676838E-01   0.606246E+05   0.594120E+05   0.147141E+02
   0.112263E+00   0.606125E+05   0.493720E+05   0.145673E+02   0.145603E+02   0.448376E+04   0.571943E+05   0.588242E+05   0.571944E+05  -0.642330E-01   0.575163E+05   0.565174E+05   0.115415E+02
   0.117621E+00   0.577961E+05   0.483263E+05   0.127080E+02   0.127019E+02   0.401050E+04   0.547214E+05   0.562895E+05   0.547216E+05  -0.614557E-01   0.550060E+05   0.542372E+05   0.847864E+01
   0.122980E+00   0.552919E+05   0.474305E+05   0.111684E+02   0.111630E+02   0.360949E+04   0.525285E+05   0.540412E+05   0.525286E+05  -0.589928E-01   0.527804E+05   0.522072E+05   0.604572E+01
   0.128338E+00   0.528875E+05   0.462038E+05   0.983860E+01   0.983383E+01   0.325059E+04   0.503672E+05   0.518242E+05   0.503673E+05  -0.565655E-01   0.505960E+05   0.501496E+05   0.451140E+01
   0.133696E+00   0.504603E+05   0.444013E+05   0.865821E+01   0.865401E+01   0.292178E+04   0.480993E+05   0.494964E+05   0.480995E+05  -0.540185E-01   0.483162E+05   0.479161E+05   0.388245E+01
   0.139055E+00   0.479750E+05   0.420206E+05   0.760076E+01   0.759708E+01   0.261775E+04   0.456956E+05   0.470277E+05   0.456957E+05  -0.513189E-01   0.459105E+05   0.454860E+05   0.395968E+01
   0.144413E+00   0.454644E+05   0.392483E+05   0.665894E+01   0.665572E+01   0.233725E+04   0.432116E+05   0.444755E+05   0.432116E+05  -0.485291E-01   0.434307E+05   0.429373E+05   0.443159E+01
   0.149771E+00   0.430022E+05   0.363745E+05   0.583314E+01   0.583032E+01   0.208670E+04   0.407522E+05   0.419478E+05   0.407522E+05  -0.457670E-01   0.409771E+05   0.404028E+05   0.497437E+01
   0.155130E+00   0.406825E+05   0.337066E+05   0.512437E+01   0.512189E+01   0.186458E+04   0.384416E+05   0.395727E+05   0.384417E+05  -0.431722E-01   0.386700E+05   0.380323E+05   0.533207E+01
   0.160488E+00   0.385994E+05   0.314951E+05   0.453035E+01   0.452816E+01   0.167609E+04   0.363955E+05   0.374692E+05   0.363956E+05  -0.408742E-01   0.366221E+05   0.359587E+05   0.536213E+01
   0.165847E+00   0.368114E+05   0.298683E+05   0.404171E+01   0.403976E+01   0.151726E+04   0.346813E+05   0.357068E+05   0.346813E+05  -0.389490E-01   0.349004E+05   0.342555E+05   0.504402E+01
   0.171205E+00   0.353121E+05   0.287989E+05   0.364123E+01   0.363947E+01   0.138538E+04   0.332893E+05   0.342759E+05   0.332894E+05  -0.373858E-01   0.334964E+05   0.329082E+05   0.445692E+01
   0.176563E+00   0.340407E+05   0.281356E+05   0.330776E+01   0.330616E+01   0.127526E+04   0.321466E+05   0.331013E+05   0.321467E+05  -0.361024E-01   0.323388E+05   0.318300E+05   0.373749E+01
   0.181922E+00   0.329198E+05   0.276755E+05   0.302190E+01   0.302043E+01   0.117834E+04   0.311584E+05   0.320855E+05   0.311585E+05  -0.349926E-01   0.313353E+05   0.309100E+05   0.303241E+01
   0.187280E+00   0.318783E+05   0.272255E+05   0.276864E+01   0.276730E+01   0.109248E+04   0.302368E+05   0.311380E+05   0.302369E+05  -0.339576E-01   0.304005E+05   0.300454E+05   0.245923E+01
   0.192639E+00   0.308532E+05   0.266342E+05   0.253712E+01   0.253589E+01   0.101174E+04   0.293070E+05   0.301820E+05   0.293071E+05  -0.329133E-01   0.294611E+05   0.291517E+05   0.208340E+01
   0.197997E+00   0.297983E+05   0.258177E+05   0.232071E+01   0.231958E+01   0.935479E+03   0.283183E+05   0.291650E+05   0.283183E+05  -0.318029E-01   0.284667E+05   0.281748E+05   0.191275E+01
   0.203355E+00   0.287014E+05   0.247788E+05   0.211737E+01   0.211634E+01   0.862733E+03   0.272611E+05   0.280774E+05   0.272611E+05  -0.306156E-01   0.274071E+05   0.271082E+05   0.190681E+01
   0.208714E+00   0.275862E+05   0.235966E+05   0.192850E+01   0.192757E+01   0.793620E+03   0.261669E+05   0.269515E+05   0.261669E+05  -0.293868E-01   0.263128E+05   0.259916E+05   0.199626E+01
   0.214072E+00   0.264923E+05   0.223859E+05   0.175649E+01   0.175564E+01   0.730380E+03   0.250859E+05   0.258390E+05   0.250859E+05  -0.281728E-01   0.252322E+05   0.248847E+05   0.210566E+01
   0.219430E+00   0.254560E+05   0.212566E+05   0.160290E+01   0.160212E+01   0.672624E+03   0.240646E+05   0.247879E+05   0.240646E+05  -0.270258E-01   0.242106E+05   0.238430E+05   0.217298E+01
   0.224789E+00   0.245047E+05   0.202899E+05   0.146809E+01   0.146738E+01   0.621717E+03   0.231379E+05   0.238341E+05   0.231379E+05  -0.259850E-01   0.232819E+05   0.229073E+05   0.216156E+01
   0.230147E+00   0.236550E+05   0.195264E+05   0.135122E+01   0.135057E+01   0.576897E+03   0.223257E+05   0.229982E+05   0.223257E+05  -0.250729E-01   0.224657E+05   0.220996E+05   0.206353E+01
   0.235506E+00   0.229083E+05   0.189606E+05   0.125026E+01   0.124966E+01   0.538020E+03   0.216281E+05   0.222802E+05   0.216281E+05  -0.242894E-01   0.217625E+05   0.214183E+05   0.189577E+01
   0.240864E+00   0.222487E+05   0.185459E+05   0.116225E+01   0.116169E+01   0.503873E+03   0.210251E+05   0.216596E+05   0.210251E+05  -0.236122E-01   0.211529E+05   0.208390E+05   0.169065E+01
   0.246222E+00   0.216500E+05   0.182130E+05   0.108399E+01   0.108346E+01   0.473029E+03   0.204844E+05   0.211032E+05   0.204844E+05  -0.230050E-01   0.206057E+05   0.203239E+05   0.148481E+01
   0.251581E+00   0.210837E+05   0.178906E+05   0.101263E+01   0.101214E+01   0.444998E+03   0.199719E+05   0.205757E+05   0.199719E+05  -0.224294E-01   0.200872E+05   0.198333E+05   0.130927E+01
   0.256939E+00   0.205253E+05   0.175226E+05   0.946072E+00   0.945613E+00   0.418324E+03   0.194588E+05   0.200476E+05   0.194588E+05  -0.218532E-01   0.195694E+05   0.193351E+05   0.118292E+01
   0.262297E+00   0.199595E+05   0.170791E+05   0.883088E+00   0.882660E+00   0.393168E+03   0.189281E+05   0.195013E+05   0.189281E+05  -0.212572E-01   0.190354E+05   0.188109E+05   0.111022E+01
   0.267656E+00   0.193835E+05   0.165608E+05   0.823323E+00   0.822924E+00   0.368782E+03   0.183775E+05   0.189344E+05   0.183775E+05  -0.206389E-01   0.184827E+05   0.182593E+05   0.108288E+01
   0.273014E+00   0.188046E+05   0.159927E+05   0.767012E+00   0.766640E+00   0.345680E+03   0.178170E+05   0.183572E+05   0.178170E+05  -0.200093E-01   0.179208E+05   0.176927E+05   0.108420E+01
   0.278373E+00   0.182348E+05   0.154122E+05   0.714592E+00   0.714246E+00   0.324140E+03   0.172620E+05   0.177858E+05   0.172620E+05  -0.193861E-01   0.173649E+05   0.171300E+05   0.109478E+01
   0.283731E+00   0.176869E+05   0.148575E+05   0.666440E+00   0.666117E+00   0.303898E+03   0.167289E+05   0.172368E+05   0.167289E+05  -0.187873E-01   0.168306E+05   0.165905E+05   0.109768E+01
   0.289089E+00   0.171718E+05   0.143594E+05   0.622758E+00   0.622457E+00   0.285700E+03   0.162313E+05   0.167244E+05   0.162313E+05  -0.182285E-01   0.163314E+05   0.160903E+05   0.108188E+01
   0.294448E+00   0.166970E+05   0.139351E+05   0.583495E+00   0.583212E+00   0.269008E+03   0.157780E+05   0.162576E+05   0.157781E+05  -0.177195E-01   0.158759E+05   0.156390E+05   0.104374E+01
   0.299806E+00   0.162637E+05   0.135851E+05   0.548293E+00   0.548028E+00   0.254081E+03   0.153701E+05   0.158375E+05   0.153701E+05  -0.172614E-01   0.154651E+05   0.152372E+05   0.986344E+00
   0.305165E+00   0.158661E+05   0.132946E+05   0.516548E+00   0.516298E+00   0.240506E+03   0.150006E+05   0.154570E+05   0.150006E+05  -0.168464E-01   0.150925E+05   0.148767E+05   0.917447E+00
   0.310523E+00   0.154952E+05   0.130401E+05   0.487572E+00   0.487336E+00   0.227966E+03   0.146584E+05   0.151046E+05   0.146584E+05  -0.164621E-01   0.147471E+05   0.145444E+05   0.846668E+00
   0.315881E+00   0.151413E+05   0.127975E+05   0.460748E+00   0.460525E+00   0.216486E+03   0.143319E+05   0.147684E+05   0.143320E+05  -0.160955E-01   0.144176E+05   0.142270E+05   0.782747E+00
   0.321240E+00   0.147964E+05   0.125468E+05   0.435593E+00   0.435381E+00   0.205465E+03   0.140116E+05   0.144385E+05   0.140116E+05  -0.157357E-01   0.140947E+05   0.139135E+05   0.731580E+00
   0.326598E+00   0.144545E+05   0.122759E+05   0.411774E+00   0.411574E+00   0.195066E+03   0.136906E+05   0.141079E+05   0.136906E+05  -0.153752E-01   0.137715E+05   0.135964E+05   0.695334E+00
   0.331956E+00   0.141127E+05   0.119818E+05   0.389125E+00   0.388936E+00   0.185072E+03   0.133661E+05   0.137737E+05   0.133661E+05  -0.150107E-01   0.134454E+05   0.132732E+05   0.672624E+00
   0.337315E+00   0.137722E+05   0.116707E+05   0.367632E+00   0.367454E+00   0.175594E+03   0.130400E+05   0.134378E+05   0.130400E+05  -0.146446E-01   0.131180E+05   0.129465E+05   0.659488E+00
   0.342673E+00   0.134372E+05   0.113549E+05   0.347378E+00   0.347210E+00   0.166588E+03   0.127178E+05   0.131059E+05   0.127178E+05  -0.142827E-01   0.127946E+05   0.126227E+05   0.650792E+00
   0.348032E+00   0.131127E+05   0.110483E+05   0.328455E+00   0.328296E+00   0.158077E+03   0.124056E+05   0.127843E+05   0.124056E+05  -0.139321E-01   0.124812E+05   0.123091E+05   0.641657E+00
   0.353390E+00   0.128026E+05   0.107619E+05   0.310903E+00   0.310753E+00   0.150240E+03   0.121082E+05   0.124780E+05   0.121082E+05  -0.135981E-01   0.121826E+05   0.120114E+05   0.628557E+00
   0.358748E+00   0.125091E+05   0.105022E+05   0.294700E+00   0.294557E+00   0.142868E+03   0.118284E+05   0.121898E+05   0.118284E+05  -0.132839E-01   0.119014E+05   0.117327E+05   0.609882E+00
   0.364107E+00   0.122326E+05   0.102704E+05   0.279766E+00   0.279630E+00   0.136130E+03   0.115669E+05   0.119204E+05   0.115669E+05  -0.129902E-01   0.116383E+05   0.114738E+05   0.585930E+00
   0.369465E+00   0.119722E+05   0.100633E+05   0.265978E+00   0.265849E+00   0.129804E+03   0.113224E+05   0.116685E+05   0.113224E+05  -0.127156E-01   0.113920E+05   0.112330E+05   0.558449E+00
   0.374823E+00   0.117255E+05   0.987400E+04   0.253179E+00   0.253057E+00   0.123968E+03   0.110918E+05   0.114309E+05   0.110918E+05  -0.124566E-01   0.111596E+05   0.110065E+05   0.529935E+00
   0.380182E+00   0.114888E+05   0.969395E+04   0.241205E+00   0.241089E+00   0.118484E+03   0.108707E+05   0.112032E+05   0.108707E+05  -0.122083E-01   0.109369E+05   0.107895E+05   0.502881E+00
   0.385540E+00   0.112587E+05   0.951555E+04   0.229913E+00   0.229802E+00   0.113206E+03   0.106554E+05   0.109814E+05   0.106554E+05  -0.119665E-01   0.107200E+05   0.105775E+05   0.479182E+00
   0.390899E+00   0.110331E+05   0.933384E+04   0.219204E+00   0.219098E+00   0.108312E+03   0.104432E+05   0.107628E+05   0.104432E+05  -0.117282E-01   0.105063E+05   0.103678E+05   0.459781E+00
   0.396257E+00   0.108108E+05   0.914707E+04   0.209019E+00   0.208917E+00   0.103543E+03   0.102329E+05   0.105461E+05   0.102329E+05  -0.114921E-01   0.102948E+05   0.101590E+05   0.444618E+00
   0.401615E+00   0.105918E+05   0.895627E+04   0.199330E+00   0.199233E+00   0.990373E+02   0.100246E+05   0.103316E+05   0.100246E+05  -0.112582E-01   0.100855E+05   0.995149E+04   0.432818E+00
   0.406974E+00   0.103766E+05   0.876455E+04   0.190131E+00   0.190039E+00   0.947177E+02   0.981942E+04   0.101201E+05   0.981943E+04  -0.110277E-01   0.987928E+04   0.974656E+04   0.423043E+00
   0.412332E+00   0.101668E+05   0.857624E+04   0.181432E+00   0.181344E+00   0.906094E+02   0.961907E+04   0.991372E+04   0.961907E+04  -0.108027E-01   0.967797E+04   0.954641E+04   0.413888E+00
   0.417691E+00   0.996378E+04   0.839552E+04   0.173240E+00   0.173156E+00   0.867831E+02   0.942551E+04   0.971429E+04   0.942551E+04  -0.105853E-01   0.948345E+04   0.935329E+04   0.404216E+00
   0.423049E+00   0.976869E+04   0.822521E+04   0.165550E+00   0.165470E+00   0.830980E+02   0.923998E+04   0.952313E+04   0.923998E+04  -0.103769E-01   0.929692E+04   0.916863E+04   0.393365E+00
   0.428407E+00   0.958168E+04   0.806621E+04   0.158338E+00   0.158261E+00   0.796932E+02   0.906280E+04   0.934058E+04   0.906280E+04  -0.101780E-01   0.911869E+04   0.899279E+04   0.381204E+00
   0.433766E+00   0.940241E+04   0.791776E+04   0.151567E+00   0.151494E+00   0.764576E+02   0.889357E+04   0.916622E+04   0.889357E+04  -0.998790E-02   0.894837E+04   0.882529E+04   0.368056E+00
   0.439124E+00   0.923018E+04   0.777799E+04   0.145198E+00   0.145128E+00   0.734134E+02   0.873142E+04   0.899915E+04   0.873142E+04  -0.980580E-02   0.878513E+04   0.866511E+04   0.354532E+00
   0.444482E+00   0.906401E+04   0.764433E+04   0.139186E+00   0.139118E+00   0.705237E+02   0.857516E+04   0.883815E+04   0.857516E+04  -0.963031E-02   0.862780E+04   0.851084E+04   0.341329E+00
   0.449841E+00   0.890272E+04   0.751413E+04   0.133488E+00   0.133424E+00   0.677795E+02   0.842343E+04   0.868181E+04   0.842343E+04  -0.945991E-02   0.847504E+04   0.836093E+04   0.329042E+00
   0.455199E+00   0.874530E+04   0.738525E+04   0.128070E+00   0.128008E+00   0.651860E+02   0.827506E+04   0.852893E+04   0.827506E+04  -0.929328E-02   0.832570E+04   0.821410E+04   0.318039E+00
   0.460558E+00   0.859106E+04   0.725654E+04   0.122903E+00   0.122844E+00   0.626540E+02   0.812930E+04   0.837875E+04   0.812931E+04  -0.912959E-02   0.817906E+04   0.806956E+04   0.308413E+00
   0.465916E+00   0.843976E+04   0.712790E+04   0.117974E+00   0.117916E+00   0.602817E+02   0.798597E+04   0.823105E+04   0.798597E+04  -0.896862E-02   0.803490E+04   0.792714E+04   0.300008E+00
   0.471274E+00   0.829155E+04   0.700011E+04   0.113272E+00   0.113218E+00   0.579823E+02   0.784529E+04   0.808609E+04   0.784529E+04  -0.881063E-02   0.789343E+04   0.778716E+04   0.292502E+00
   0.476633E+00   0.814677E+04   0.687441E+04   0.108795E+00   0.108743E+00   0.558117E+02   0.770773E+04   0.794435E+04   0.770773E+04  -0.865614E-02   0.775512E+04   0.765022E+04   0.285500E+00
   0.481991E+00   0.800577E+04   0.675206E+04   0.104538E+00   0.104488E+00   0.537269E+02   0.757378E+04   0.780632E+04   0.757378E+04  -0.850571E-02   0.762043E+04   0.751690E+04   0.278642E+00
   0.487350E+00   0.786883E+04   0.663406E+04   0.100496E+00   0.100447E+00   0.517247E+02   0.744381E+04   0.767239E+04   0.744381E+04  -0.835974E-02   0.748973E+04   0.738766E+04   0.271673E+00
   0.492708E+00   0.773610E+04   0.652097E+04   0.966596E-01   0.966127E-01   0.498670E+02   0.731803E+04   0.754278E+04   0.731803E+04  -0.821849E-02   0.736321E+04   0.726275E+04   0.264482E+00
   0.498066E+00   0.760765E+04   0.641290E+04   0.930202E-01   0.929751E-01   0.480482E+02   0.719652E+04   0.741757E+04   0.719652E+04  -0.808203E-02   0.724096E+04   0.714224E+04   0.257096E+00
   0.503425E+00   0.748327E+04   0.630936E+04   0.895647E-01   0.895213E-01   0.463531E+02   0.707904E+04   0.729651E+04   0.707904E+04  -0.795010E-02   0.712273E+04   0.702585E+04   0.249646E+00
   0.508783E+00   0.736252E+04   0.620948E+04   0.862773E-01   0.862354E-01   0.447215E+02   0.696509E+04   0.717908E+04   0.696509E+04  -0.782212E-02   0.700804E+04   0.691301E+04   0.242310E+00
   0.514141E+00   0.724496E+04   0.611232E+04   0.831434E-01   0.831031E-01   0.431662E+02   0.685415E+04   0.706477E+04   0.685415E+04  -0.769754E-02   0.689640E+04   0.680315E+04   0.235263E+00
   0.519500E+00   0.713029E+04   0.601718E+04   0.801512E-01   0.801123E-01   0.416814E+02   0.674589E+04   0.695320E+04   0.674589E+04  -0.757595E-02   0.678745E+04   0.669588E+04   0.228635E+00
   0.524858E+00   0.701825E+04   0.592355E+04   0.772907E-01   0.772532E-01   0.402446E+02   0.664002E+04   0.684410E+04   0.664002E+04  -0.745705E-02   0.668092E+04   0.659090E+04   0.222487E+00
   0.530217E+00   0.690862E+04   0.583116E+04   0.745530E-01   0.745168E-01   0.388973E+02   0.653629E+04   0.673720E+04   0.653629E+04  -0.734056E-02   0.657656E+04   0.648795E+04   0.216806E+00
   0.535575E+00   0.680120E+04   0.573996E+04   0.719308E-01   0.718959E-01   0.375749E+02   0.643456E+04   0.663237E+04   0.643456E+04  -0.722631E-02   0.647423E+04   0.638690E+04   0.211521E+00
   0.540933E+00   0.669604E+04   0.565024E+04   0.694199E-01   0.693862E-01   0.363130E+02   0.633489E+04   0.652966E+04   0.633489E+04  -0.711438E-02   0.637398E+04   0.628786E+04   0.206528E+00
   0.546292E+00   0.659329E+04   0.556244E+04   0.670176E-01   0.669851E-01   0.351087E+02   0.623750E+04   0.642929E+04   0.623750E+04  -0.700500E-02   0.627602E+04   0.619107E+04   0.201718E+00
   0.551650E+00   0.649309E+04   0.547697E+04   0.647208E-01   0.646894E-01   0.339506E+02   0.614254E+04   0.633143E+04   0.614254E+04  -0.689836E-02   0.618050E+04   0.609673E+04   0.197002E+00
   0.557009E+00   0.639540E+04   0.539398E+04   0.625249E-01   0.624946E-01   0.328478E+02   0.605002E+04   0.623608E+04   0.605002E+04  -0.679445E-02   0.608743E+04   0.600485E+04   0.192325E+00
   0.562367E+00   0.630016E+04   0.531349E+04   0.604250E-01   0.603957E-01   0.317739E+02   0.595988E+04   0.614319E+04   0.595988E+04  -0.669322E-02   0.599675E+04   0.591539E+04   0.187671E+00
   0.567725E+00   0.620733E+04   0.523542E+04   0.584163E-01   0.583880E-01   0.307691E+02   0.587208E+04   0.605271E+04   0.587208E+04  -0.659462E-02   0.590841E+04   0.582829E+04   0.183056E+00
   0.573084E+00   0.611687E+04   0.515962E+04   0.564942E-01   0.564668E-01   0.297876E+02   0.578656E+04   0.596458E+04   0.578656E+04  -0.649858E-02   0.582236E+04   0.574349E+04   0.178521E+00
   0.578442E+00   0.602864E+04   0.508583E+04   0.546534E-01   0.546269E-01   0.288501E+02   0.570318E+04   0.587865E+04   0.570318E+04  -0.640494E-02   0.573845E+04   0.566081E+04   0.174111E+00
   0.629704E+00   0.527462E+04   0.444963E+04   0.403473E-01   0.403277E-01   0.215274E+02   0.498974E+04   0.514338E+04   0.498975E+04  -0.560372E-02   0.502067E+04   0.495272E+04   0.139971E+00
   0.769122E+00   0.383619E+04   0.323673E+04   0.196690E-01   0.196594E-01   0.107086E+02   0.362894E+04   0.374082E+04   0.362894E+04  -0.407546E-02   0.365149E+04   0.360217E+04   0.831826E-01
   0.939408E+00   0.277634E+04   0.234262E+04   0.954144E-02   0.953681E-02   0.527370E+01   0.262629E+04   0.270734E+04   0.262629E+04  -0.294944E-02   0.264265E+04   0.260698E+04   0.492470E-01
   0.114740E+01   0.200058E+04   0.168811E+04   0.460857E-02   0.460633E-02   0.257458E+01   0.189243E+04   0.195087E+04   0.189243E+04  -0.212529E-02   0.190424E+04   0.187855E+04   0.290367E-01
   0.140143E+01   0.143563E+04   0.121144E+04   0.221680E-02   0.221573E-02   0.124650E+01   0.135801E+04   0.139997E+04   0.135801E+04  -0.152511E-02   0.136649E+04   0.134807E+04   0.170519E-01
   0.171171E+01   0.102651E+04   0.866231E+03   0.106249E-02   0.106197E-02   0.601089E+00   0.971003E+03   0.100101E+04   0.971003E+03  -0.109048E-02   0.977069E+03   0.963901E+03   0.997917E-02
   0.209069E+01   0.731535E+03   0.617326E+03   0.507544E-03   0.507298E-03   0.288042E+00   0.691977E+03   0.713366E+03   0.691977E+03  -0.777122E-03   0.696302E+03   0.686919E+03   0.582153E-02
   0.255358E+01   0.519712E+03   0.438580E+03   0.241702E-03   0.241585E-03   0.137602E+00   0.491607E+03   0.506805E+03   0.491607E+03  -0.552097E-03   0.494680E+03   0.488014E+03   0.338617E-02
   0.311895E+01   0.368177E+03   0.310705E+03   0.114777E-03   0.114721E-03   0.654703E-01   0.348266E+03   0.359034E+03   0.348266E+03  -0.391119E-03   0.350444E+03   0.345720E+03   0.196447E-02
   0.380949E+01   0.260160E+03   0.219551E+03   0.543652E-04   0.543388E-04   0.310865E-01   0.246091E+03   0.253700E+03   0.246091E+03  -0.276371E-03   0.247630E+03   0.244290E+03   0.113712E-02
   0.465292E+01   0.183389E+03   0.154763E+03   0.256883E-04   0.256758E-04   0.146641E-01   0.173471E+03   0.178835E+03   0.173471E+03  -0.194816E-03   0.174556E+03   0.172200E+03   0.656912E-03
   0.568309E+01   0.128991E+03   0.108855E+03   0.121116E-04   0.121057E-04   0.691157E-02   0.122015E+03   0.125788E+03   0.122015E+03  -0.137029E-03   0.122778E+03   0.121118E+03   0.378910E-03
   0.694134E+01   0.905430E+02   0.764072E+02   0.569868E-05   0.569592E-05   0.326026E-02   0.856458E+02   0.882942E+02   0.856458E+02  -0.961842E-04   0.861818E+02   0.850136E+02   0.218309E-03
   0.847817E+01   0.634349E+02   0.535290E+02   0.267624E-05   0.267494E-05   0.153135E-02   0.600036E+02   0.618590E+02   0.600036E+02  -0.673868E-04   0.603792E+02   0.595576E+02   0.125711E-03
   0.103553E+02   0.443650E+02   0.374344E+02   0.125461E-05   0.125400E-05   0.716993E-03   0.419647E+02   0.432624E+02   0.419647E+02  -0.471283E-04   0.422277E+02   0.416497E+02   0.724061E-04
   0.126479E+02   0.309770E+02   0.261350E+02   0.587188E-06   0.586903E-06   0.335181E-03   0.293006E+02   0.302066E+02   0.293006E+02  -0.329059E-04   0.294844E+02   0.290773E+02   0.417574E-04
   0.154482E+02   0.215962E+02   0.182174E+02   0.274396E-06   0.274263E-06   0.157084E-03   0.204270E+02   0.210587E+02   0.204270E+02  -0.229405E-04   0.205554E+02   0.202678E+02   0.241481E-04
   0.188685E+02   0.150348E+02   0.126793E+02   0.128040E-06   0.127978E-06   0.734312E-04   0.142203E+02   0.146600E+02   0.142203E+02  -0.159700E-04   0.143099E+02   0.141058E+02   0.140313E-04
   0.230461E+02   0.104529E+02   0.881183E+01   0.596652E-07   0.596363E-07   0.341325E-04   0.988608E+01   0.101918E+02   0.988608E+01  -0.111025E-04   0.994864E+01   0.980270E+01   0.821437E-05
   0.281485E+02   0.725817E+01   0.611515E+01   0.277668E-07   0.277533E-07   0.157462E-04   0.686407E+01   0.707633E+01   0.686407E+01  -0.770867E-05   0.690778E+01   0.680225E+01   0.486298E-05
   0.343807E+02   0.503392E+01   0.423749E+01   0.129057E-07   0.128995E-07   0.736415E-05   0.476002E+01   0.490721E+01   0.476002E+01  -0.534572E-05   0.479060E+01   0.471308E+01   0.292488E-05
   0.419926E+02   0.348736E+01   0.293180E+01   0.599097E-08   0.598808E-08   0.341452E-05   0.329702E+01   0.339897E+01   0.329702E+01  -0.370271E-05   0.331849E+01   0.326031E+01   0.179718E-05
   0.512900E+02   0.241335E+01   0.202496E+01   0.277760E-08   0.277626E-08   0.159433E-05   0.228103E+01   0.235156E+01   0.228103E+01  -0.256170E-05   0.229618E+01   0.225131E+01   0.113481E-05
   0.626457E+02   0.166839E+01   0.139584E+01   0.128612E-08   0.128550E-08   0.741432E-06   0.157629E+01   0.162503E+01   0.157629E+01  -0.177025E-05   0.158706E+01   0.155131E+01   0.740369E-06
   0.765156E+02   0.115223E+01   0.959843E+00   0.594681E-09   0.594396E-09   0.343748E-06   0.108798E+01   0.112162E+01   0.108798E+01  -0.122185E-05   0.109573E+01   0.106618E+01   0.500881E-06
   0.934564E+02   0.794965E+00   0.657977E+00   0.274539E-09   0.274408E-09   0.155896E-06   0.749980E+00   0.773171E+00   0.749980E+00  -0.842262E-06   0.755641E+00   0.730306E+00   0.351654E-06
   0.114148E+03   0.547919E+00   0.449169E+00   0.126507E-09   0.126447E-09   0.720292E-07   0.516245E+00   0.532209E+00   0.516245E+00  -0.579767E-06   0.520467E+00   0.497979E+00   0.255549E-06
