#          k/h    CDM            baryon         photon         nu             mass_nu        total          no_nu          total_de       Weyl           v_CDM          v_b            v_b-v_c     
   0.105171E-04   0.637464E+07   0.637464E+07   0.849826E+07   0.849820E+07   0.637494E+07   0.637465E+07   0.637464E+07   0.638306E+07  -0.596388E+00   0.625109E+07   0.625109E+07   0.114342E+02
   0.116124E-04   0.637464E+07   0.637464E+07   0.849797E+07   0.849791E+07   0.637494E+07   0.637465E+07   0.637464E+07   0.638305E+07  -0.596387E+00   0.625109E+07   0.625109E+07   0.126248E+02
   0.128218E-04   0.637464E+07   0.637464E+07   0.849763E+07   0.849756E+07   0.637494E+07   0.637465E+07   0.637464E+07   0.638305E+07  -0.596387E+00   0.625109E+07   0.625109E+07   0.139394E+02
   0.141570E-04   0.637464E+07   0.637464E+07   0.849722E+07   0.849713E+07   0.637494E+07   0.637465E+07   0.637464E+07   0.638305E+07  -0.596387E+00   0.625109E+07   0.625109E+07   0.153907E+02
   0.156314E-04   0.637464E+07   0.637464E+07   0.849671E+07   0.849660E+07   0.637493E+07   0.637464E+07   0.637464E+07   0.638305E+07  -0.596387E+00   0.625109E+07   0.625109E+07   0.169931E+02
   0.172593E-04   0.637463E+07   0.637463E+07   0.849609E+07   0.849596E+07   0.637493E+07   0.637464E+07   0.637463E+07   0.638304E+07  -0.596386E+00   0.625108E+07   0.625108E+07   0.187622E+02
   0.190567E-04   0.637463E+07   0.637463E+07   0.849534E+07   0.849517E+07   0.637493E+07   0.637464E+07   0.637463E+07   0.638304E+07  -0.596386E+00   0.625108E+07   0.625108E+07   0.207154E+02
   0.210413E-04   0.637462E+07   0.637462E+07   0.849442E+07   0.849422E+07   0.637492E+07   0.637463E+07   0.637462E+07   0.638303E+07  -0.596385E+00   0.625108E+07   0.625108E+07   0.228717E+02
   0.232326E-04   0.637462E+07   0.637462E+07   0.849330E+07   0.849305E+07   0.637491E+07   0.637463E+07   0.637462E+07   0.638303E+07  -0.596385E+00   0.625107E+07   0.625107E+07   0.252521E+02
   0.256521E-04   0.637461E+07   0.637461E+07   0.849193E+07   0.849163E+07   0.637491E+07   0.637462E+07   0.637461E+07   0.638302E+07  -0.596384E+00   0.625106E+07   0.625106E+07   0.278800E+02
   0.283236E-04   0.637461E+07   0.637460E+07   0.849027E+07   0.848990E+07   0.637490E+07   0.637461E+07   0.637460E+07   0.638301E+07  -0.596383E+00   0.625106E+07   0.625105E+07   0.307809E+02
   0.312733E-04   0.637460E+07   0.637459E+07   0.848824E+07   0.848779E+07   0.637489E+07   0.637460E+07   0.637460E+07   0.638300E+07  -0.596382E+00   0.625105E+07   0.625104E+07   0.339829E+02
   0.345301E-04   0.637458E+07   0.637458E+07   0.848576E+07   0.848522E+07   0.637487E+07   0.637459E+07   0.637458E+07   0.638298E+07  -0.596380E+00   0.625104E+07   0.625103E+07   0.375173E+02
   0.381262E-04   0.637457E+07   0.637457E+07   0.848275E+07   0.848209E+07   0.637486E+07   0.637458E+07   0.637457E+07   0.638297E+07  -0.596379E+00   0.625102E+07   0.625102E+07   0.414180E+02
   0.420968E-04   0.637455E+07   0.637455E+07   0.847908E+07   0.847827E+07   0.637484E+07   0.637456E+07   0.637455E+07   0.638294E+07  -0.596377E+00   0.625101E+07   0.625100E+07   0.457228E+02
   0.464808E-04   0.637453E+07   0.637453E+07   0.847460E+07   0.847362E+07   0.637481E+07   0.637454E+07   0.637453E+07   0.638292E+07  -0.596374E+00   0.625098E+07   0.625098E+07   0.504729E+02
   0.513214E-04   0.637450E+07   0.637450E+07   0.846915E+07   0.846795E+07   0.637478E+07   0.637451E+07   0.637450E+07   0.638289E+07  -0.596371E+00   0.625096E+07   0.625095E+07   0.557138E+02
   0.566662E-04   0.637447E+07   0.637447E+07   0.846250E+07   0.846105E+07   0.637474E+07   0.637448E+07   0.637447E+07   0.638285E+07  -0.596367E+00   0.625093E+07   0.625092E+07   0.614950E+02
   0.625675E-04   0.637443E+07   0.637443E+07   0.845441E+07   0.845264E+07   0.637470E+07   0.637444E+07   0.637443E+07   0.638280E+07  -0.596363E+00   0.625089E+07   0.625088E+07   0.678711E+02
   0.690835E-04   0.637439E+07   0.637438E+07   0.844455E+07   0.844240E+07   0.637464E+07   0.637439E+07   0.637439E+07   0.638274E+07  -0.596357E+00   0.625084E+07   0.625083E+07   0.749015E+02
   0.762780E-04   0.637433E+07   0.637432E+07   0.843255E+07   0.842992E+07   0.637458E+07   0.637434E+07   0.637433E+07   0.638267E+07  -0.596350E+00   0.625079E+07   0.625077E+07   0.826509E+02
   0.842218E-04   0.637426E+07   0.637425E+07   0.841794E+07   0.841474E+07   0.637450E+07   0.637426E+07   0.637426E+07   0.638259E+07  -0.596342E+00   0.625072E+07   0.625070E+07   0.911898E+02
   0.929929E-04   0.637418E+07   0.637416E+07   0.840016E+07   0.839627E+07   0.637440E+07   0.637418E+07   0.637417E+07   0.638248E+07  -0.596332E+00   0.625064E+07   0.625061E+07   0.100594E+03
   0.102677E-03   0.637407E+07   0.637405E+07   0.837853E+07   0.837380E+07   0.637428E+07   0.637407E+07   0.637407E+07   0.638236E+07  -0.596319E+00   0.625054E+07   0.625051E+07   0.110947E+03
   0.113370E-03   0.637394E+07   0.637392E+07   0.835224E+07   0.834648E+07   0.637413E+07   0.637395E+07   0.637394E+07   0.638220E+07  -0.596304E+00   0.625041E+07   0.625038E+07   0.122334E+03
   0.125177E-03   0.637379E+07   0.637376E+07   0.832029E+07   0.831329E+07   0.637395E+07   0.637379E+07   0.637379E+07   0.638202E+07  -0.596286E+00   0.625026E+07   0.625022E+07   0.134850E+03
   0.138213E-03   0.637360E+07   0.637356E+07   0.828150E+07   0.827300E+07   0.637373E+07   0.637360E+07   0.637360E+07   0.638179E+07  -0.596263E+00   0.625008E+07   0.625003E+07   0.148593E+03
   0.152607E-03   0.637337E+07   0.637333E+07   0.823445E+07   0.822412E+07   0.637347E+07   0.637337E+07   0.637337E+07   0.638151E+07  -0.596236E+00   0.624986E+07   0.624979E+07   0.163664E+03
   0.168500E-03   0.637310E+07   0.637304E+07   0.817743E+07   0.816491E+07   0.637314E+07   0.637309E+07   0.637309E+07   0.638117E+07  -0.596203E+00   0.624959E+07   0.624951E+07   0.180167E+03
   0.186048E-03   0.637276E+07   0.637268E+07   0.810843E+07   0.809326E+07   0.637275E+07   0.637274E+07   0.637274E+07   0.638076E+07  -0.596162E+00   0.624926E+07   0.624916E+07   0.198203E+03
   0.205424E-03   0.637234E+07   0.637226E+07   0.802507E+07   0.800671E+07   0.637227E+07   0.637233E+07   0.637233E+07   0.638026E+07  -0.596113E+00   0.624885E+07   0.624873E+07   0.217871E+03
   0.226817E-03   0.637184E+07   0.637173E+07   0.792456E+07   0.790239E+07   0.637169E+07   0.637182E+07   0.637182E+07   0.637965E+07  -0.596053E+00   0.624836E+07   0.624822E+07   0.239257E+03
   0.250438E-03   0.637123E+07   0.637110E+07   0.780366E+07   0.777694E+07   0.637098E+07   0.637120E+07   0.637121E+07   0.637891E+07  -0.595981E+00   0.624776E+07   0.624759E+07   0.262432E+03
   0.276520E-03   0.637048E+07   0.637033E+07   0.765868E+07   0.762656E+07   0.637011E+07   0.637045E+07   0.637046E+07   0.637801E+07  -0.595893E+00   0.624704E+07   0.624683E+07   0.287437E+03
   0.305317E-03   0.636958E+07   0.636939E+07   0.748545E+07   0.744695E+07   0.636906E+07   0.636954E+07   0.636955E+07   0.637693E+07  -0.595786E+00   0.624616E+07   0.624590E+07   0.314273E+03
   0.337113E-03   0.636848E+07   0.636826E+07   0.727940E+07   0.723342E+07   0.636779E+07   0.636843E+07   0.636845E+07   0.637561E+07  -0.595657E+00   0.624508E+07   0.624478E+07   0.342883E+03
   0.372221E-03   0.636715E+07   0.636688E+07   0.703565E+07   0.698099E+07   0.636624E+07   0.636708E+07   0.636711E+07   0.637402E+07  -0.595501E+00   0.624378E+07   0.624341E+07   0.373130E+03
   0.410985E-03   0.636554E+07   0.636521E+07   0.674923E+07   0.668462E+07   0.636436E+07   0.636545E+07   0.636548E+07   0.637210E+07  -0.595312E+00   0.624220E+07   0.624176E+07   0.404774E+03
   0.453786E-03   0.636358E+07   0.636318E+07   0.641547E+07   0.633960E+07   0.636208E+07   0.636347E+07   0.636352E+07   0.636979E+07  -0.595085E+00   0.624029E+07   0.623976E+07   0.437432E+03
   0.501045E-03   0.636122E+07   0.636074E+07   0.603051E+07   0.594215E+07   0.635932E+07   0.636109E+07   0.636114E+07   0.636702E+07  -0.594812E+00   0.623797E+07   0.623735E+07   0.470554E+03
   0.553225E-03   0.635836E+07   0.635780E+07   0.559208E+07   0.549022E+07   0.635598E+07   0.635820E+07   0.635827E+07   0.636370E+07  -0.594486E+00   0.623517E+07   0.623443E+07   0.503375E+03
   0.610839E-03   0.635492E+07   0.635425E+07   0.510054E+07   0.498455E+07   0.635196E+07   0.635473E+07   0.635482E+07   0.635974E+07  -0.594096E+00   0.623179E+07   0.623092E+07   0.534887E+03
   0.674453E-03   0.635079E+07   0.635000E+07   0.456017E+07   0.443004E+07   0.634711E+07   0.635056E+07   0.635066E+07   0.635503E+07  -0.593632E+00   0.622772E+07   0.622671E+07   0.563816E+03
   0.744692E-03   0.634584E+07   0.634491E+07   0.398050E+07   0.383717E+07   0.634129E+07   0.634556E+07   0.634569E+07   0.634945E+07  -0.593083E+00   0.622283E+07   0.622167E+07   0.588619E+03
   0.822246E-03   0.633992E+07   0.633885E+07   0.337765E+07   0.322322E+07   0.633432E+07   0.633958E+07   0.633975E+07   0.634288E+07  -0.592436E+00   0.621698E+07   0.621566E+07   0.607527E+03
   0.907877E-03   0.633287E+07   0.633164E+07   0.277490E+07   0.261291E+07   0.632599E+07   0.633247E+07   0.633267E+07   0.633517E+07  -0.591678E+00   0.621000E+07   0.620852E+07   0.618653E+03
   0.100243E-02   0.632451E+07   0.632312E+07   0.220197E+07   0.203744E+07   0.631607E+07   0.632404E+07   0.632429E+07   0.632617E+07  -0.590795E+00   0.620171E+07   0.620006E+07   0.620184E+03
   0.110682E-02   0.631465E+07   0.631309E+07   0.169207E+07   0.153122E+07   0.630431E+07   0.631410E+07   0.631440E+07   0.631572E+07  -0.589773E+00   0.619190E+07   0.619011E+07   0.610665E+03
   0.122209E-02   0.630306E+07   0.630135E+07   0.127591E+07   0.112548E+07   0.629042E+07   0.630242E+07   0.630279E+07   0.630363E+07  -0.588596E+00   0.618036E+07   0.617846E+07   0.589381E+03
   0.134936E-02   0.628951E+07   0.628767E+07   0.972948E+06   0.839000E+06   0.627405E+07   0.628876E+07   0.628922E+07   0.628968E+07  -0.587246E+00   0.616686E+07   0.616487E+07   0.556754E+03
   0.148988E-02   0.627376E+07   0.627180E+07   0.781827E+06   0.668449E+06   0.625486E+07   0.627289E+07   0.627345E+07   0.627363E+07  -0.585703E+00   0.615114E+07   0.614912E+07   0.514641E+03
   0.164504E-02   0.625553E+07   0.625349E+07   0.675070E+06   0.583365E+06   0.623249E+07   0.625452E+07   0.625520E+07   0.625516E+07  -0.583943E+00   0.613297E+07   0.613094E+07   0.466344E+03
   0.181636E-02   0.623453E+07   0.623243E+07   0.604702E+06   0.532933E+06   0.620653E+07   0.623337E+07   0.623419E+07   0.623394E+07  -0.581935E+00   0.611206E+07   0.611006E+07   0.416153E+03
   0.200552E-02   0.621043E+07   0.620830E+07   0.523081E+06   0.468281E+06   0.617646E+07   0.620908E+07   0.621009E+07   0.620958E+07  -0.579644E+00   0.608810E+07   0.608615E+07   0.368377E+03
   0.221438E-02   0.618287E+07   0.618070E+07   0.412080E+06   0.372178E+06   0.614176E+07   0.618130E+07   0.618252E+07   0.618170E+07  -0.577031E+00   0.606076E+07   0.605885E+07   0.326173E+03
   0.244500E-02   0.615145E+07   0.614921E+07   0.297407E+06   0.271614E+06   0.610181E+07   0.614962E+07   0.615109E+07   0.614990E+07  -0.574054E+00   0.602962E+07   0.602774E+07   0.290766E+03
   0.269962E-02   0.611572E+07   0.611338E+07   0.222517E+06   0.208736E+06   0.605595E+07   0.611357E+07   0.611535E+07   0.611379E+07  -0.570672E+00   0.599424E+07   0.599237E+07   0.261622E+03
   0.298077E-02   0.607522E+07   0.607271E+07   0.194262E+06   0.182562E+06   0.600345E+07   0.607269E+07   0.607482E+07   0.607288E+07  -0.566843E+00   0.595413E+07   0.595226E+07   0.237365E+03
   0.329119E-02   0.602945E+07   0.602672E+07   0.170098E+06   0.148614E+06   0.594356E+07   0.602646E+07   0.602902E+07   0.602662E+07  -0.562518E+00   0.590882E+07   0.590694E+07   0.216430E+03
   0.363395E-02   0.597788E+07   0.597488E+07   0.127110E+06   0.120852E+06   0.587549E+07   0.597435E+07   0.597740E+07   0.597448E+07  -0.557647E+00   0.585777E+07   0.585587E+07   0.197040E+03
   0.401240E-02   0.591994E+07   0.591666E+07   0.100228E+06   0.981595E+05   0.579845E+07   0.591580E+07   0.591942E+07   0.591590E+07  -0.552174E+00   0.580042E+07   0.579854E+07   0.177858E+03
   0.443026E-02   0.585507E+07   0.585145E+07   0.929831E+05   0.796226E+05   0.571163E+07   0.585022E+07   0.585450E+07   0.585031E+07  -0.546048E+00   0.573622E+07   0.573435E+07   0.159465E+03
   0.489163E-02   0.578267E+07   0.577864E+07   0.696204E+05   0.644924E+05   0.561432E+07   0.577701E+07   0.578203E+07   0.577708E+07  -0.539211E+00   0.566455E+07   0.566270E+07   0.143431E+03
   0.540106E-02   0.570214E+07   0.569760E+07   0.577728E+05   0.521526E+05   0.550587E+07   0.569557E+07   0.570142E+07   0.569562E+07  -0.531606E+00   0.558485E+07   0.558300E+07   0.129709E+03
   0.596354E-02   0.561291E+07   0.560775E+07   0.486412E+05   0.420983E+05   0.538576E+07   0.560532E+07   0.561209E+07   0.560536E+07  -0.523179E+00   0.549654E+07   0.549469E+07   0.117374E+03
   0.658460E-02   0.551442E+07   0.550853E+07   0.357804E+05   0.339154E+05   0.525361E+07   0.550570E+07   0.551348E+07   0.550574E+07  -0.513879E+00   0.539908E+07   0.539724E+07   0.105835E+03
   0.727033E-02   0.540615E+07   0.539939E+07   0.290445E+05   0.272637E+05   0.510922E+07   0.539622E+07   0.540507E+07   0.539625E+07  -0.503658E+00   0.529197E+07   0.529013E+07   0.954499E+02
   0.802749E-02   0.528764E+07   0.527984E+07   0.248529E+05   0.218644E+05   0.495250E+07   0.527641E+07   0.528640E+07   0.527643E+07  -0.492474E+00   0.517476E+07   0.517293E+07   0.864114E+02
   0.886349E-02   0.515850E+07   0.514947E+07   0.170301E+05   0.174885E+05   0.478346E+07   0.514588E+07   0.515706E+07   0.514590E+07  -0.480291E+00   0.504707E+07   0.504524E+07   0.782421E+02
   0.978655E-02   0.501841E+07   0.500792E+07   0.152641E+05   0.139484E+05   0.460218E+07   0.500434E+07   0.501674E+07   0.500435E+07  -0.467078E+00   0.490861E+07   0.490678E+07   0.709016E+02
   0.108057E-01   0.486712E+07   0.485492E+07   0.122623E+05   0.110900E+05   0.440885E+07   0.485153E+07   0.486518E+07   0.485154E+07  -0.452815E+00   0.475912E+07   0.475729E+07   0.644505E+02
   0.119311E-01   0.470446E+07   0.469026E+07   0.983175E+04   0.878691E+04   0.420381E+07   0.468729E+07   0.470220E+07   0.468730E+07  -0.437485E+00   0.459846E+07   0.459661E+07   0.586801E+02
   0.131736E-01   0.453034E+07   0.451384E+07   0.803884E+04   0.693573E+04   0.398783E+07   0.451156E+07   0.452772E+07   0.451157E+07  -0.421084E+00   0.442656E+07   0.442470E+07   0.535912E+02
   0.145456E-01   0.434481E+07   0.432568E+07   0.608596E+04   0.545167E+04   0.376195E+07   0.432442E+07   0.434177E+07   0.432442E+07  -0.403616E+00   0.424347E+07   0.424158E+07   0.490654E+02
   0.160604E-01   0.414804E+07   0.412594E+07   0.438392E+04   0.426541E+04   0.352729E+07   0.412605E+07   0.414452E+07   0.412606E+07  -0.385101E+00   0.404938E+07   0.404747E+07   0.450405E+02
   0.177329E-01   0.394036E+07   0.391498E+07   0.340212E+04   0.332022E+04   0.328475E+07   0.391683E+07   0.393633E+07   0.391683E+07  -0.365574E+00   0.384465E+07   0.384271E+07   0.414297E+02
   0.195797E-01   0.372234E+07   0.369342E+07   0.273430E+04   0.256985E+04   0.303517E+07   0.369732E+07   0.371774E+07   0.369732E+07  -0.345085E+00   0.362982E+07   0.362784E+07   0.381457E+02
   0.216188E-01   0.349584E+07   0.346321E+07   0.222350E+04   0.197709E+04   0.277640E+07   0.346928E+07   0.349065E+07   0.346928E+07  -0.323801E+00   0.340663E+07   0.340462E+07   0.351055E+02
   0.238702E-01   0.326050E+07   0.322415E+07   0.152757E+04   0.151045E+04   0.251891E+07   0.323270E+07   0.325471E+07   0.323270E+07  -0.301720E+00   0.317500E+07   0.317297E+07   0.322106E+02
   0.263561E-01   0.301977E+07   0.297994E+07   0.131198E+04   0.114576E+04   0.226395E+07   0.299101E+07   0.301343E+07   0.299101E+07  -0.279162E+00   0.293831E+07   0.293627E+07   0.293724E+02
   0.291009E-01   0.277680E+07   0.273404E+07   0.891435E+03   0.862810E+03   0.201474E+07   0.274740E+07   0.276999E+07   0.274740E+07  -0.256425E+00   0.269968E+07   0.269764E+07   0.265068E+02
   0.321315E-01   0.253684E+07   0.249209E+07   0.694174E+03   0.645467E+03   0.177584E+07   0.250717E+07   0.252972E+07   0.250717E+07  -0.234003E+00   0.246430E+07   0.246230E+07   0.235564E+02
   0.354778E-01   0.230525E+07   0.225987E+07   0.531174E+03   0.480269E+03   0.155180E+07   0.227570E+07   0.229803E+07   0.227570E+07  -0.212399E+00   0.223745E+07   0.223553E+07   0.204809E+02
   0.391725E-01   0.208783E+07   0.204360E+07   0.423063E+03   0.356173E+03   0.134739E+07   0.205885E+07   0.208079E+07   0.205885E+07  -0.192160E+00   0.202487E+07   0.202308E+07   0.172874E+02
   0.432520E-01   0.189057E+07   0.184953E+07   0.275414E+03   0.264117E+03   0.116585E+07   0.186255E+07   0.188404E+07   0.186255E+07  -0.173839E+00   0.183240E+07   0.183080E+07   0.140439E+02
   0.475772E-01   0.172307E+07   0.168697E+07   0.209981E+03   0.198656E+03   0.101364E+07   0.169628E+07   0.171733E+07   0.169628E+07  -0.158320E+00   0.166935E+07   0.166797E+07   0.110009E+02
   0.519024E-01   0.159165E+07   0.156129E+07   0.162807E+03   0.154018E+03   0.894425E+06   0.156610E+07   0.158682E+07   0.156610E+07  -0.146170E+00   0.154171E+07   0.154055E+07   0.844040E+01
   0.562276E-01   0.148515E+07   0.146050E+07   0.129324E+03   0.122336E+03   0.798127E+06   0.146079E+07   0.148123E+07   0.146079E+07  -0.136341E+00   0.143844E+07   0.143749E+07   0.640146E+01
   0.605528E-01   0.139503E+07   0.137537E+07   0.104655E+03   0.989953E+02   0.717639E+06   0.137172E+07   0.139190E+07   0.137173E+07  -0.128028E+00   0.135110E+07   0.135032E+07   0.488341E+01
   0.648780E-01   0.131516E+07   0.129929E+07   0.858744E+02   0.812263E+02   0.648244E+06   0.129275E+07   0.131263E+07   0.129275E+07  -0.120657E+00   0.127365E+07   0.127299E+07   0.384420E+01
   0.692032E-01   0.124020E+07   0.122671E+07   0.711085E+02   0.672567E+02   0.586166E+06   0.121855E+07   0.123806E+07   0.121855E+07  -0.113732E+00   0.120085E+07   0.120026E+07   0.320622E+01
   0.735284E-01   0.116658E+07   0.115409E+07   0.591883E+02   0.559799E+02   0.529096E+06   0.114558E+07   0.116459E+07   0.114558E+07  -0.106921E+00   0.112921E+07   0.112865E+07   0.287141E+01
   0.778536E-01   0.109314E+07   0.108053E+07   0.494142E+02   0.467338E+02   0.476098E+06   0.107273E+07   0.109113E+07   0.107273E+07  -0.100122E+00   0.105765E+07   0.105709E+07   0.273652E+01
   0.821788E-01   0.102079E+07   0.100733E+07   0.413632E+02   0.391182E+02   0.427222E+06   0.100095E+07   0.101865E+07   0.100095E+07  -0.934225E-01   0.987108E+06   0.986521E+06   0.270584E+01
   0.865040E-01   0.951490E+06   0.936886E+06   0.347519E+02   0.328646E+02   0.382950E+06   0.932225E+06   0.949167E+06   0.932225E+06  -0.870079E-01   0.919534E+06   0.918917E+06   0.270070E+01
   0.908292E-01   0.887150E+06   0.871520E+06   0.293531E+02   0.277581E+02   0.343617E+06   0.868474E+06   0.884663E+06   0.868474E+06  -0.810578E-01   0.856832E+06   0.856192E+06   0.266515E+01
   0.961876E-01   0.816473E+06   0.800194E+06   0.240551E+02   0.227472E+02   0.301900E+06   0.798564E+06   0.813883E+06   0.798564E+06  -0.745328E-01   0.788051E+06   0.787407E+06   0.253438E+01
   0.101546E+00   0.757462E+06   0.741491E+06   0.200010E+02   0.189127E+02   0.267718E+06   0.740343E+06   0.754921E+06   0.740343E+06  -0.690989E-01   0.730760E+06   0.730144E+06   0.229955E+01
   0.106904E+00   0.710517E+06   0.695789E+06   0.169141E+02   0.159932E+02   0.240347E+06   0.694176E+06   0.708174E+06   0.694176E+06  -0.647899E-01   0.685330E+06   0.684769E+06   0.198914E+01
   0.112263E+00   0.673972E+06   0.661132E+06   0.145414E+02   0.137492E+02   0.218464E+06   0.658361E+06   0.671929E+06   0.658361E+06  -0.614472E-01   0.650092E+06   0.649602E+06   0.165163E+01
   0.117621E+00   0.644463E+06   0.633730E+06   0.126621E+02   0.119719E+02   0.200387E+06   0.629519E+06   0.642755E+06   0.629519E+06  -0.587553E-01   0.621719E+06   0.621304E+06   0.133695E+01
   0.122980E+00   0.618293E+06   0.609453E+06   0.111088E+02   0.105029E+02   0.184582E+06   0.603951E+06   0.616886E+06   0.603951E+06  -0.563689E-01   0.596565E+06   0.596213E+06   0.108296E+01
   0.128338E+00   0.592591E+06   0.585116E+06   0.977255E+01   0.923929E+01   0.169982E+06   0.578792E+06   0.591401E+06   0.578792E+06  -0.540207E-01   0.571803E+06   0.571495E+06   0.908280E+00
   0.133696E+00   0.565757E+06   0.558980E+06   0.859247E+01   0.812338E+01   0.156035E+06   0.552451E+06   0.564678E+06   0.552451E+06  -0.515622E-01   0.545865E+06   0.545578E+06   0.811507E+00
   0.139055E+00   0.537439E+06   0.530740E+06   0.754016E+01   0.712834E+01   0.142605E+06   0.524591E+06   0.536374E+06   0.524591E+06  -0.489620E-01   0.518416E+06   0.518131E+06   0.775498E+00
   0.144413E+00   0.508261E+06   0.501209E+06   0.660598E+01   0.624504E+01   0.129830E+06   0.495849E+06   0.507139E+06   0.495849E+06  -0.462794E-01   0.490086E+06   0.489790E+06   0.774670E+00
   0.149771E+00   0.479411E+06   0.471839E+06   0.578803E+01   0.547166E+01   0.117968E+06   0.467427E+06   0.478206E+06   0.467427E+06  -0.436266E-01   0.462061E+06   0.461751E+06   0.782826E+00
   0.155130E+00   0.452306E+06   0.444304E+06   0.508574E+01   0.480766E+01   0.107292E+06   0.440748E+06   0.451033E+06   0.440748E+06  -0.411366E-01   0.435748E+06   0.435428E+06   0.779477E+00
   0.160488E+00   0.428271E+06   0.420110E+06   0.449602E+01   0.425011E+01   0.980078E+05   0.417130E+06   0.426973E+06   0.417130E+06  -0.389322E-01   0.412450E+06   0.412131E+06   0.753373E+00
   0.165847E+00   0.408084E+06   0.400116E+06   0.400954E+01   0.379015E+01   0.901680E+05   0.397342E+06   0.406817E+06   0.397342E+06  -0.370853E-01   0.392930E+06   0.392622E+06   0.702930E+00
   0.171205E+00   0.391636E+06   0.384183E+06   0.360953E+01   0.341197E+01   0.836150E+05   0.381269E+06   0.390451E+06   0.381269E+06  -0.355852E-01   0.377076E+06   0.376789E+06   0.634216E+00
   0.176563E+00   0.378083E+06   0.371355E+06   0.327563E+01   0.309629E+01   0.780562E+05   0.368068E+06   0.377013E+06   0.368068E+06  -0.343531E-01   0.364055E+06   0.363795E+06   0.557645E+00
   0.181922E+00   0.366338E+06   0.360392E+06   0.298925E+01   0.282553E+01   0.731804E+05   0.356648E+06   0.365392E+06   0.356648E+06  -0.332872E-01   0.352792E+06   0.352560E+06   0.484414E+00
   0.187280E+00   0.355390E+06   0.350138E+06   0.273597E+01   0.258608E+01   0.687315E+05   0.346002E+06   0.354554E+06   0.346002E+06  -0.322936E-01   0.342291E+06   0.342082E+06   0.423461E+00
   0.192639E+00   0.344380E+06   0.339630E+06   0.250527E+01   0.236798E+01   0.645105E+05   0.335273E+06   0.343624E+06   0.335273E+06  -0.312922E-01   0.331706E+06   0.331512E+06   0.379585E+00
   0.197997E+00   0.332718E+06   0.328235E+06   0.229051E+01   0.216495E+01   0.603946E+05   0.323878E+06   0.332005E+06   0.323878E+06  -0.302287E-01   0.320459E+06   0.320275E+06   0.353031E+00
   0.203355E+00   0.320290E+06   0.315857E+06   0.208945E+01   0.197488E+01   0.563594E+05   0.311708E+06   0.319584E+06   0.311708E+06  -0.290928E-01   0.308445E+06   0.308262E+06   0.340351E+00
   0.208714E+00   0.307454E+06   0.302927E+06   0.190315E+01   0.179877E+01   0.524675E+05   0.299126E+06   0.306734E+06   0.299126E+06  -0.279185E-01   0.296020E+06   0.295834E+06   0.335980E+00
   0.214072E+00   0.294785E+06   0.290107E+06   0.173364E+01   0.163855E+01   0.488079E+05   0.286703E+06   0.294041E+06   0.286703E+06  -0.267590E-01   0.283749E+06   0.283560E+06   0.333942E+00
   0.219430E+00   0.282814E+06   0.278017E+06   0.158224E+01   0.149543E+01   0.454538E+05   0.274971E+06   0.282051E+06   0.274971E+06  -0.256640E-01   0.272160E+06   0.271969E+06   0.329324E+00
   0.224789E+00   0.271938E+06   0.267119E+06   0.144913E+01   0.136961E+01   0.424464E+05   0.264328E+06   0.271172E+06   0.264328E+06  -0.246706E-01   0.261644E+06   0.261455E+06   0.319225E+00
   0.230147E+00   0.262388E+06   0.257669E+06   0.133347E+01   0.126028E+01   0.397965E+05   0.255000E+06   0.261637E+06   0.255000E+06  -0.238000E-01   0.252428E+06   0.252244E+06   0.303037E+00
   0.235506E+00   0.254165E+06   0.249661E+06   0.123331E+01   0.116560E+01   0.374770E+05   0.246986E+06   0.253449E+06   0.246986E+06  -0.230521E-01   0.244511E+06   0.244335E+06   0.282086E+00
   0.240864E+00   0.247041E+06   0.242826E+06   0.114584E+01   0.108292E+01   0.354304E+05   0.240058E+06   0.246370E+06   0.240058E+06  -0.224055E-01   0.237666E+06   0.237502E+06   0.258879E+00
   0.246222E+00   0.240645E+06   0.236743E+06   0.106802E+01   0.100937E+01   0.335837E+05   0.233847E+06   0.240024E+06   0.233847E+06  -0.218258E-01   0.231529E+06   0.231376E+06   0.236225E+00
   0.251581E+00   0.234583E+06   0.230967E+06   0.997150E+00   0.942378E+00   0.318685E+05   0.227959E+06   0.234008E+06   0.227959E+06  -0.212763E-01   0.225712E+06   0.225568E+06   0.216476E+00
   0.256939E+00   0.228526E+06   0.225130E+06   0.931193E+00   0.880034E+00   0.302315E+05   0.222069E+06   0.227986E+06   0.222069E+06  -0.207264E-01   0.219891E+06   0.219755E+06   0.201025E+00
   0.262297E+00   0.222277E+06   0.219018E+06   0.868946E+00   0.821200E+00   0.286427E+05   0.215980E+06   0.221758E+06   0.215980E+06  -0.201582E-01   0.213873E+06   0.213742E+06   0.190141E+00
   0.267656E+00   0.215807E+06   0.212610E+06   0.810026E+00   0.765511E+00   0.270964E+05   0.209667E+06   0.215299E+06   0.209667E+06  -0.195690E-01   0.207633E+06   0.207504E+06   0.183118E+00
   0.273014E+00   0.209230E+06   0.206038E+06   0.754608E+00   0.713133E+00   0.256053E+05   0.203243E+06   0.208722E+06   0.203243E+06  -0.189694E-01   0.201282E+06   0.201153E+06   0.178611E+00
   0.278373E+00   0.202724E+06   0.199513E+06   0.703062E+00   0.664415E+00   0.241884E+05   0.196886E+06   0.202213E+06   0.196886E+06  -0.183761E-01   0.194996E+06   0.194867E+06   0.175079E+00
   0.283731E+00   0.196472E+06   0.193249E+06   0.655706E+00   0.619657E+00   0.228636E+05   0.190780E+06   0.195960E+06   0.190780E+06  -0.178062E-01   0.188958E+06   0.188830E+06   0.171180E+00
   0.289089E+00   0.190634E+06   0.187428E+06   0.612704E+00   0.579015E+00   0.216440E+05   0.185083E+06   0.190124E+06   0.185083E+06  -0.172744E-01   0.183323E+06   0.183197E+06   0.166050E+00
   0.294448E+00   0.185309E+06   0.182161E+06   0.573997E+00   0.542432E+00   0.205343E+05   0.179893E+06   0.184809E+06   0.179893E+06  -0.167901E-01   0.178191E+06   0.178067E+06   0.159407E+00
   0.299806E+00   0.180510E+06   0.177459E+06   0.539243E+00   0.509585E+00   0.195290E+05   0.175222E+06   0.180024E+06   0.175222E+06  -0.163541E-01   0.173571E+06   0.173451E+06   0.151495E+00
   0.305165E+00   0.176157E+06   0.173232E+06   0.507867E+00   0.479931E+00   0.186131E+05   0.170991E+06   0.175691E+06   0.170991E+06  -0.159592E-01   0.169387E+06   0.169271E+06   0.142909E+00
   0.310523E+00   0.172122E+06   0.169333E+06   0.479217E+00   0.452854E+00   0.177677E+05   0.167073E+06   0.171678E+06   0.167073E+06  -0.155935E-01   0.165511E+06   0.165401E+06   0.134386E+00
   0.315881E+00   0.168274E+06   0.165614E+06   0.452707E+00   0.427800E+00   0.169750E+05   0.163336E+06   0.167851E+06   0.163336E+06  -0.152447E-01   0.161815E+06   0.161709E+06   0.126589E+00
   0.321240E+00   0.164500E+06   0.161949E+06   0.427875E+00   0.404331E+00   0.162208E+05   0.159670E+06   0.164094E+06   0.159670E+06  -0.149025E-01   0.158188E+06   0.158086E+06   0.119961E+00
   0.326598E+00   0.160723E+06   0.158253E+06   0.404400E+00   0.382145E+00   0.154953E+05   0.155996E+06   0.160330E+06   0.155996E+06  -0.145597E-01   0.154554E+06   0.154455E+06   0.114646E+00
   0.331956E+00   0.156911E+06   0.154493E+06   0.382110E+00   0.361081E+00   0.147944E+05   0.152285E+06   0.156526E+06   0.152285E+06  -0.142133E-01   0.150882E+06   0.150785E+06   0.110516E+00
   0.337315E+00   0.153084E+06   0.150698E+06   0.360983E+00   0.341114E+00   0.141187E+05   0.148557E+06   0.152704E+06   0.148557E+06  -0.138654E-01   0.147194E+06   0.147098E+06   0.107247E+00
   0.342673E+00   0.149303E+06   0.146937E+06   0.341087E+00   0.322311E+00   0.134729E+05   0.144874E+06   0.148927E+06   0.144874E+06  -0.135216E-01   0.143549E+06   0.143454E+06   0.104429E+00
   0.348032E+00   0.145640E+06   0.143292E+06   0.322499E+00   0.304745E+00   0.128620E+05   0.141305E+06   0.145267E+06   0.141305E+06  -0.131885E-01   0.140017E+06   0.139924E+06   0.101678E+00
   0.353390E+00   0.142151E+06   0.139829E+06   0.305251E+00   0.288445E+00   0.122890E+05   0.137907E+06   0.141781E+06   0.137907E+06  -0.128713E-01   0.136654E+06   0.136562E+06   0.987159E-01
   0.358748E+00   0.138866E+06   0.136582E+06   0.289317E+00   0.273387E+00   0.117547E+05   0.134710E+06   0.138502E+06   0.134710E+06  -0.125729E-01   0.133490E+06   0.133399E+06   0.954131E-01
   0.364107E+00   0.135793E+06   0.133561E+06   0.274620E+00   0.259498E+00   0.112578E+05   0.131722E+06   0.135438E+06   0.131722E+06  -0.122941E-01   0.130533E+06   0.130444E+06   0.917918E-01
   0.369465E+00   0.132917E+06   0.130747E+06   0.261041E+00   0.246666E+00   0.107950E+05   0.128928E+06   0.132572E+06   0.128928E+06  -0.120333E-01   0.127768E+06   0.127682E+06   0.879874E-01
   0.374823E+00   0.130203E+06   0.128100E+06   0.248434E+00   0.234752E+00   0.103616E+05   0.126293E+06   0.129869E+06   0.126293E+06  -0.117874E-01   0.125159E+06   0.125076E+06   0.841907E-01
   0.380182E+00   0.127603E+06   0.125564E+06   0.236641E+00   0.223607E+00   0.995229E+04   0.123768E+06   0.127278E+06   0.123768E+06  -0.115517E-01   0.122660E+06   0.122579E+06   0.805900E-01
   0.385540E+00   0.125070E+06   0.123091E+06   0.225526E+00   0.213103E+00   0.956235E+04   0.121308E+06   0.124755E+06   0.121308E+06  -0.113221E-01   0.120225E+06   0.120146E+06   0.773256E-01
   0.390899E+00   0.122575E+06   0.120646E+06   0.214992E+00   0.203149E+00   0.918852E+04   0.118885E+06   0.122268E+06   0.118885E+06  -0.110959E-01   0.117826E+06   0.117749E+06   0.744646E-01
   0.396257E+00   0.120105E+06   0.118216E+06   0.204982E+00   0.193689E+00   0.882918E+04   0.116484E+06   0.119804E+06   0.116484E+06  -0.108718E-01   0.115449E+06   0.115374E+06   0.719958E-01
   0.401615E+00   0.117659E+06   0.115802E+06   0.195466E+00   0.184697E+00   0.848364E+04   0.114106E+06   0.117364E+06   0.114106E+06  -0.106499E-01   0.113095E+06   0.113021E+06   0.698453E-01
   0.406974E+00   0.115251E+06   0.113419E+06   0.186437E+00   0.176164E+00   0.815225E+04   0.111763E+06   0.114959E+06   0.111763E+06  -0.104313E-01   0.110776E+06   0.110703E+06   0.679040E-01
   0.412332E+00   0.112899E+06   0.111092E+06   0.177899E+00   0.168096E+00   0.783582E+04   0.109477E+06   0.112612E+06   0.109477E+06  -0.102179E-01   0.108512E+06   0.108440E+06   0.660596E-01
   0.417691E+00   0.110628E+06   0.108845E+06   0.169858E+00   0.160498E+00   0.753526E+04   0.107268E+06   0.110344E+06   0.107268E+06  -0.100117E-01   0.106324E+06   0.106254E+06   0.642221E-01
   0.423049E+00   0.108450E+06   0.106695E+06   0.162308E+00   0.153364E+00   0.725078E+04   0.105151E+06   0.108170E+06   0.105151E+06  -0.981409E-02   0.104228E+06   0.104158E+06   0.623387E-01
   0.428407E+00   0.106369E+06   0.104646E+06   0.155224E+00   0.146669E+00   0.698194E+04   0.103129E+06   0.106095E+06   0.103129E+06  -0.962540E-02   0.102226E+06   0.102158E+06   0.603975E-01
   0.433766E+00   0.104381E+06   0.102693E+06   0.148572E+00   0.140384E+00   0.672766E+04   0.101198E+06   0.104112E+06   0.101198E+06  -0.944519E-02   0.100314E+06   0.100247E+06   0.584222E-01
   0.439124E+00   0.102475E+06   0.100825E+06   0.142313E+00   0.134469E+00   0.648670E+04   0.993484E+05   0.102213E+06   0.993484E+05  -0.927254E-02   0.984822E+05   0.984168E+05   0.564592E-01
   0.444482E+00   0.100639E+06   0.990261E+05   0.136406E+00   0.128887E+00   0.625756E+04   0.975658E+05   0.100382E+06   0.975658E+05  -0.910616E-02   0.967169E+05   0.966529E+05   0.545610E-01
   0.449841E+00   0.988556E+05   0.972786E+05   0.130808E+00   0.123598E+00   0.603876E+04   0.958350E+05   0.986048E+05   0.958350E+05  -0.894462E-02   0.950029E+05   0.949401E+05   0.527718E-01
   0.455199E+00   0.971124E+05   0.955679E+05   0.125487E+00   0.118569E+00   0.582902E+04   0.941427E+05   0.968667E+05   0.941427E+05  -0.878667E-02   0.933268E+05   0.932653E+05   0.511172E-01
   0.460558E+00   0.954005E+05   0.938850E+05   0.120415E+00   0.113777E+00   0.562749E+04   0.924804E+05   0.951594E+05   0.924804E+05  -0.863152E-02   0.916805E+05   0.916201E+05   0.496018E-01
   0.465916E+00   0.937175E+05   0.922275E+05   0.115578E+00   0.109206E+00   0.543366E+04   0.908459E+05   0.934804E+05   0.908459E+05  -0.847897E-02   0.900616E+05   0.900022E+05   0.482115E-01
   0.471274E+00   0.920660E+05   0.905990E+05   0.110966E+00   0.104848E+00   0.524740E+04   0.892418E+05   0.918326E+05   0.892418E+05  -0.832925E-02   0.884728E+05   0.884144E+05   0.469190E-01
   0.476633E+00   0.904513E+05   0.890058E+05   0.106576E+00   0.100699E+00   0.506872E+04   0.876734E+05   0.902214E+05   0.876734E+05  -0.818287E-02   0.869193E+05   0.868618E+05   0.456925E-01
   0.481991E+00   0.888791E+05   0.874545E+05   0.102401E+00   0.967543E-01   0.489762E+04   0.861463E+05   0.886524E+05   0.861463E+05  -0.804034E-02   0.854067E+05   0.853500E+05   0.445023E-01
   0.487350E+00   0.873534E+05   0.859503E+05   0.984356E-01   0.930076E-01   0.473403E+04   0.846647E+05   0.871302E+05   0.846647E+05  -0.790206E-02   0.839390E+05   0.838832E+05   0.433277E-01
   0.492708E+00   0.858767E+05   0.844960E+05   0.946726E-01   0.894519E-01   0.457780E+04   0.832310E+05   0.856571E+05   0.832310E+05  -0.776825E-02   0.825188E+05   0.824640E+05   0.421590E-01
   0.498066E+00   0.844500E+05   0.830924E+05   0.911023E-01   0.860783E-01   0.442867E+04   0.818461E+05   0.842340E+05   0.818461E+05  -0.763898E-02   0.811469E+05   0.810929E+05   0.409983E-01
   0.503425E+00   0.830703E+05   0.817366E+05   0.877120E-01   0.828748E-01   0.428619E+04   0.805071E+05   0.828581E+05   0.805071E+05  -0.751401E-02   0.798204E+05   0.797674E+05   0.398546E-01
   0.508783E+00   0.817319E+05   0.804221E+05   0.844867E-01   0.798271E-01   0.414983E+04   0.792084E+05   0.815235E+05   0.792084E+05  -0.739280E-02   0.785338E+05   0.784817E+05   0.387409E-01
   0.514141E+00   0.804291E+05   0.791425E+05   0.814122E-01   0.769221E-01   0.401904E+04   0.779442E+05   0.802244E+05   0.779442E+05  -0.727481E-02   0.772814E+05   0.772302E+05   0.376696E-01
   0.519500E+00   0.791576E+05   0.778933E+05   0.784772E-01   0.741488E-01   0.389340E+04   0.767105E+05   0.789565E+05   0.767105E+05  -0.715966E-02   0.760591E+05   0.760088E+05   0.366502E-01
   0.524858E+00   0.779144E+05   0.766711E+05   0.756721E-01   0.714982E-01   0.377255E+04   0.755041E+05   0.777166E+05   0.755041E+05  -0.704706E-02   0.748639E+05   0.748145E+05   0.356864E-01
   0.530217E+00   0.766966E+05   0.754728E+05   0.729878E-01   0.689619E-01   0.365620E+04   0.743222E+05   0.765019E+05   0.743222E+05  -0.693676E-02   0.736930E+05   0.736443E+05   0.347759E-01
   0.535575E+00   0.755024E+05   0.742969E+05   0.704174E-01   0.665331E-01   0.354408E+04   0.731632E+05   0.753106E+05   0.731632E+05  -0.682858E-02   0.725447E+05   0.724967E+05   0.339122E-01
   0.540933E+00   0.743325E+05   0.731445E+05   0.679564E-01   0.642077E-01   0.343609E+04   0.720278E+05   0.741435E+05   0.720278E+05  -0.672261E-02   0.714197E+05   0.713724E+05   0.330863E-01
   0.546292E+00   0.731893E+05   0.720183E+05   0.656020E-01   0.619830E-01   0.333217E+04   0.709184E+05   0.730030E+05   0.709184E+05  -0.661906E-02   0.703204E+05   0.702738E+05   0.322893E-01
   0.551650E+00   0.720747E+05   0.709203E+05   0.633510E-01   0.598561E-01   0.323228E+04   0.698366E+05   0.718910E+05   0.698366E+05  -0.651810E-02   0.692486E+05   0.692027E+05   0.315139E-01
   0.557009E+00   0.709887E+05   0.698510E+05   0.611990E-01   0.578227E-01   0.313625E+04   0.687828E+05   0.708077E+05   0.687828E+05  -0.641974E-02   0.682044E+05   0.681591E+05   0.307550E-01
   0.562367E+00   0.699305E+05   0.688096E+05   0.591409E-01   0.558781E-01   0.304395E+04   0.677562E+05   0.697522E+05   0.677562E+05  -0.632392E-02   0.671871E+05   0.671425E+05   0.300107E-01
   0.567725E+00   0.688998E+05   0.677957E+05   0.571722E-01   0.540179E-01   0.295518E+04   0.667562E+05   0.687241E+05   0.667562E+05  -0.623059E-02   0.661962E+05   0.661523E+05   0.292822E-01
   0.573084E+00   0.678958E+05   0.668084E+05   0.552884E-01   0.522379E-01   0.286983E+04   0.657823E+05   0.677228E+05   0.657823E+05  -0.613969E-02   0.652312E+05   0.651879E+05   0.285720E-01
   0.578442E+00   0.669169E+05   0.658459E+05   0.534844E-01   0.505333E-01   0.278767E+04   0.648327E+05   0.667465E+05   0.648327E+05  -0.605107E-02   0.642902E+05   0.642476E+05   0.278835E-01
   0.629704E+00   0.585425E+05   0.576054E+05   0.394698E-01   0.372914E-01   0.213354E+04   0.567101E+05   0.583934E+05   0.567101E+05  -0.529295E-02   0.562403E+05   0.562030E+05   0.224233E-01
   0.769122E+00   0.425719E+05   0.418910E+05   0.192273E-01   0.181656E-01   0.112284E+04   0.412266E+05   0.424636E+05   0.412266E+05  -0.384782E-02   0.408920E+05   0.408648E+05   0.133583E-01
   0.939408E+00   0.308071E+05   0.303144E+05   0.932218E-02   0.880723E-02   0.581490E+03   0.298266E+05   0.307287E+05   0.298266E+05  -0.278383E-02   0.295883E+05   0.295686E+05   0.792979E-02
   0.114740E+01   0.221974E+05   0.218425E+05   0.450087E-02   0.425218E-02   0.296692E+03   0.214873E+05   0.221410E+05   0.214873E+05  -0.200549E-02   0.213176E+05   0.213034E+05   0.469287E-02
   0.140143E+01   0.159283E+05   0.156736E+05   0.216437E-02   0.204476E-02   0.149284E+03   0.154168E+05   0.158877E+05   0.154168E+05  -0.143891E-02   0.152961E+05   0.152858E+05   0.277066E-02
   0.171171E+01   0.113886E+05   0.112065E+05   0.103714E-02   0.979811E-03   0.741760E+02   0.110220E+05   0.113597E+05   0.110220E+05  -0.102872E-02   0.109362E+05   0.109288E+05   0.163408E-02
   0.209069E+01   0.811585E+04   0.798606E+04   0.495361E-03   0.467978E-03   0.364447E+02   0.785407E+04   0.809520E+04   0.785407E+04  -0.733048E-03   0.779322E+04   0.778790E+04   0.964127E-03
   0.255358E+01   0.576573E+04   0.567350E+04   0.235875E-03   0.222835E-03   0.177311E+02   0.557950E+04   0.575106E+04   0.557950E+04  -0.520755E-03   0.553642E+04   0.553257E+04   0.570156E-03
   0.311895E+01   0.408454E+04   0.401917E+04   0.112001E-03   0.105810E-03   0.855470E+01   0.395249E+04   0.407414E+04   0.395249E+04  -0.368900E-03   0.392204E+04   0.391925E+04   0.338836E-03
   0.380949E+01   0.288618E+04   0.283995E+04   0.530475E-04   0.501147E-04   0.409898E+01   0.279281E+04   0.287883E+04   0.279281E+04  -0.260663E-03   0.277133E+04   0.276928E+04   0.203071E-03
   0.465292E+01   0.203448E+04   0.200185E+04   0.250645E-04   0.236789E-04   0.195278E+01   0.196863E+04   0.202929E+04   0.196863E+04  -0.183739E-03   0.195351E+04   0.195199E+04   0.123273E-03
   0.568309E+01   0.143099E+04   0.140800E+04   0.118171E-04   0.111638E-04   0.926011E+00   0.138465E+04   0.142734E+04   0.138465E+04  -0.129235E-03   0.137403E+04   0.137289E+04   0.762135E-04
   0.694134E+01   0.100445E+04   0.988264E+03   0.555992E-05   0.525257E-05   0.437439E+00   0.971911E+03   0.100188E+04   0.971911E+03  -0.907119E-04   0.964460E+03   0.963575E+03   0.482797E-04
   0.847817E+01   0.703716E+03   0.692326E+03   0.261097E-05   0.246665E-05   0.205994E+00   0.680908E+03   0.701904E+03   0.680908E+03  -0.635516E-04   0.675694E+03   0.674988E+03   0.315284E-04
   0.103553E+02   0.492156E+03   0.484137E+03   0.122396E-05   0.115632E-05   0.967484E-01   0.476195E+03   0.490880E+03   0.476195E+03  -0.444450E-04   0.472554E+03   0.471970E+03   0.213291E-04
   0.126479E+02   0.343630E+03   0.337977E+03   0.572805E-06   0.541155E-06   0.453366E-01   0.332477E+03   0.342731E+03   0.332477E+03  -0.310313E-04   0.329940E+03   0.329439E+03   0.149865E-04
   0.154482E+02   0.239561E+03   0.235563E+03   0.267650E-06   0.252866E-06   0.212038E-01   0.231776E+03   0.238924E+03   0.231776E+03  -0.216325E-04   0.230012E+03   0.229566E+03   0.109323E-04
   0.188685E+02   0.166768E+03   0.163926E+03   0.124876E-06   0.117982E-06   0.989959E-02   0.161340E+03   0.166316E+03   0.161340E+03  -0.150584E-04   0.160117E+03   0.159705E+03   0.825234E-05
   0.230461E+02   0.115936E+03   0.113899E+03   0.581793E-07   0.549697E-07   0.461461E-02   0.112153E+03   0.115612E+03   0.112153E+03  -0.104676E-04   0.111308E+03   0.110917E+03   0.641243E-05
   0.281485E+02   0.804939E+02   0.790160E+02   0.270674E-07   0.255759E-07   0.214796E-02   0.778574E+02   0.802588E+02   0.778574E+02  -0.726670E-05   0.772760E+02   0.768969E+02   0.509839E-05
   0.343807E+02   0.558173E+02   0.547269E+02   0.125752E-07   0.118834E-07   0.998415E-03   0.539789E+02   0.556438E+02   0.539789E+02  -0.503804E-05   0.535813E+02   0.532068E+02   0.412369E-05
   0.419926E+02   0.386591E+02   0.378361E+02   0.583380E-08   0.551367E-08   0.463449E-03   0.373754E+02   0.385282E+02   0.373754E+02  -0.348837E-05   0.371057E+02   0.367312E+02   0.337593E-05
   0.512900E+02   0.267433E+02   0.261043E+02   0.270214E-08   0.255442E-08   0.214835E-03   0.258445E+02   0.266417E+02   0.258445E+02  -0.241216E-05   0.256638E+02   0.252863E+02   0.278594E-05
   0.626457E+02   0.184779E+02   0.179648E+02   0.124940E-08   0.118148E-08   0.994475E-04   0.178458E+02   0.183963E+02   0.178458E+02  -0.166562E-05   0.177270E+02   0.173447E+02   0.230998E-05
   0.765156E+02   0.127508E+02   0.123234E+02   0.576488E-09   0.545409E-09   0.459628E-04   0.123034E+02   0.126828E+02   0.123034E+02  -0.114832E-05   0.122275E+02   0.118395E+02   0.191935E-05
   0.934564E+02   0.878658E+01   0.841732E+01   0.265310E-09   0.251185E-09   0.212037E-04   0.846669E+01   0.872784E+01   0.846669E+01  -0.790226E-06   0.842064E+01   0.802700E+01   0.159445E-05
   0.114148E+03   0.604519E+01   0.571536E+01   0.121691E-09   0.115333E-09   0.975963E-05   0.581340E+01   0.599272E+01   0.581340E+01  -0.542585E-06   0.578805E+01   0.538962E+01   0.132131E-05
