#          k/h    CDM            baryon         photon         nu             mass_nu        total          no_nu          total_de       Weyl           v_CDM          v_b            v_b-v_c     
   0.105171E-04   0.480714E+06   0.480714E+06   0.640946E+06   0.640945E+06   0.481821E+06   0.480747E+06   0.480714E+06   0.489009E+06  -0.602489E+00   0.479210E+06   0.479210E+06   0.215217E+00
   0.116124E-04   0.480714E+06   0.480714E+06   0.640944E+06   0.640944E+06   0.481821E+06   0.480747E+06   0.480714E+06   0.489009E+06  -0.602489E+00   0.479209E+06   0.479209E+06   0.237630E+00
   0.128218E-04   0.480714E+06   0.480714E+06   0.640943E+06   0.640942E+06   0.481821E+06   0.480747E+06   0.480714E+06   0.489008E+06  -0.602489E+00   0.479209E+06   0.479209E+06   0.262378E+00
   0.141570E-04   0.480714E+06   0.480714E+06   0.640940E+06   0.640940E+06   0.481821E+06   0.480747E+06   0.480714E+06   0.489008E+06  -0.602489E+00   0.479209E+06   0.479209E+06   0.289702E+00
   0.156314E-04   0.480714E+06   0.480714E+06   0.640938E+06   0.640937E+06   0.481821E+06   0.480747E+06   0.480714E+06   0.489008E+06  -0.602489E+00   0.479209E+06   0.479209E+06   0.319872E+00
   0.172593E-04   0.480714E+06   0.480714E+06   0.640935E+06   0.640934E+06   0.481820E+06   0.480747E+06   0.480714E+06   0.489008E+06  -0.602489E+00   0.479209E+06   0.479209E+06   0.353185E+00
   0.190567E-04   0.480714E+06   0.480713E+06   0.640931E+06   0.640930E+06   0.481820E+06   0.480747E+06   0.480714E+06   0.489008E+06  -0.602489E+00   0.479209E+06   0.479209E+06   0.389966E+00
   0.210413E-04   0.480713E+06   0.480713E+06   0.640926E+06   0.640925E+06   0.481820E+06   0.480747E+06   0.480713E+06   0.489008E+06  -0.602488E+00   0.479209E+06   0.479209E+06   0.430578E+00
   0.232326E-04   0.480713E+06   0.480713E+06   0.640921E+06   0.640919E+06   0.481819E+06   0.480746E+06   0.480713E+06   0.489008E+06  -0.602488E+00   0.479209E+06   0.479209E+06   0.475419E+00
   0.256521E-04   0.480713E+06   0.480713E+06   0.640914E+06   0.640911E+06   0.481819E+06   0.480746E+06   0.480713E+06   0.489007E+06  -0.602488E+00   0.479209E+06   0.479209E+06   0.524930E+00
   0.283236E-04   0.480713E+06   0.480713E+06   0.640905E+06   0.640903E+06   0.481818E+06   0.480746E+06   0.480713E+06   0.489007E+06  -0.602487E+00   0.479208E+06   0.479208E+06   0.579597E+00
   0.312733E-04   0.480713E+06   0.480712E+06   0.640895E+06   0.640892E+06   0.481818E+06   0.480746E+06   0.480713E+06   0.489006E+06  -0.602486E+00   0.479208E+06   0.479208E+06   0.639957E+00
   0.345301E-04   0.480712E+06   0.480712E+06   0.640882E+06   0.640878E+06   0.481817E+06   0.480745E+06   0.480712E+06   0.489006E+06  -0.602486E+00   0.479208E+06   0.479208E+06   0.706602E+00
   0.381262E-04   0.480712E+06   0.480712E+06   0.640867E+06   0.640862E+06   0.481816E+06   0.480745E+06   0.480712E+06   0.489005E+06  -0.602485E+00   0.479207E+06   0.479207E+06   0.780188E+00
   0.420968E-04   0.480711E+06   0.480711E+06   0.640848E+06   0.640843E+06   0.481814E+06   0.480744E+06   0.480711E+06   0.489004E+06  -0.602484E+00   0.479207E+06   0.479207E+06   0.861437E+00
   0.464808E-04   0.480711E+06   0.480710E+06   0.640826E+06   0.640819E+06   0.481813E+06   0.480744E+06   0.480711E+06   0.489004E+06  -0.602483E+00   0.479206E+06   0.479206E+06   0.951147E+00
   0.513214E-04   0.480710E+06   0.480710E+06   0.640798E+06   0.640789E+06   0.481811E+06   0.480743E+06   0.480710E+06   0.489002E+06  -0.602481E+00   0.479205E+06   0.479205E+06   0.105020E+01
   0.566662E-04   0.480709E+06   0.480709E+06   0.640764E+06   0.640754E+06   0.481808E+06   0.480742E+06   0.480709E+06   0.489001E+06  -0.602479E+00   0.479204E+06   0.479204E+06   0.115956E+01
   0.625675E-04   0.480708E+06   0.480707E+06   0.640723E+06   0.640710E+06   0.481805E+06   0.480741E+06   0.480708E+06   0.488999E+06  -0.602477E+00   0.479203E+06   0.479203E+06   0.128032E+01
   0.690835E-04   0.480706E+06   0.480706E+06   0.640673E+06   0.640657E+06   0.481802E+06   0.480739E+06   0.480706E+06   0.488997E+06  -0.602474E+00   0.479202E+06   0.479202E+06   0.141365E+01
   0.762780E-04   0.480705E+06   0.480704E+06   0.640612E+06   0.640592E+06   0.481797E+06   0.480737E+06   0.480705E+06   0.488994E+06  -0.602471E+00   0.479200E+06   0.479200E+06   0.156085E+01
   0.842218E-04   0.480703E+06   0.480702E+06   0.640537E+06   0.640514E+06   0.481792E+06   0.480735E+06   0.480703E+06   0.488991E+06  -0.602467E+00   0.479198E+06   0.479198E+06   0.172339E+01
   0.929929E-04   0.480700E+06   0.480699E+06   0.640446E+06   0.640418E+06   0.481786E+06   0.480733E+06   0.480700E+06   0.488988E+06  -0.602462E+00   0.479196E+06   0.479195E+06   0.190285E+01
   0.102677E-03   0.480697E+06   0.480696E+06   0.640336E+06   0.640300E+06   0.481778E+06   0.480729E+06   0.480697E+06   0.488983E+06  -0.602456E+00   0.479192E+06   0.479192E+06   0.210099E+01
   0.113370E-03   0.480693E+06   0.480692E+06   0.640201E+06   0.640158E+06   0.481768E+06   0.480725E+06   0.480693E+06   0.488977E+06  -0.602448E+00   0.479189E+06   0.479188E+06   0.231976E+01
   0.125177E-03   0.480689E+06   0.480687E+06   0.640036E+06   0.639984E+06   0.481756E+06   0.480721E+06   0.480689E+06   0.488970E+06  -0.602439E+00   0.479184E+06   0.479184E+06   0.256129E+01
   0.138213E-03   0.480683E+06   0.480682E+06   0.639835E+06   0.639772E+06   0.481742E+06   0.480715E+06   0.480683E+06   0.488962E+06  -0.602428E+00   0.479178E+06   0.479178E+06   0.282797E+01
   0.152607E-03   0.480677E+06   0.480674E+06   0.639591E+06   0.639513E+06   0.481724E+06   0.480708E+06   0.480676E+06   0.488951E+06  -0.602415E+00   0.479172E+06   0.479171E+06   0.312239E+01
   0.168500E-03   0.480668E+06   0.480666E+06   0.639293E+06   0.639198E+06   0.481703E+06   0.480699E+06   0.480668E+06   0.488939E+06  -0.602398E+00   0.479163E+06   0.479163E+06   0.344745E+01
   0.186048E-03   0.480658E+06   0.480655E+06   0.638930E+06   0.638815E+06   0.481677E+06   0.480688E+06   0.480658E+06   0.488923E+06  -0.602379E+00   0.479153E+06   0.479153E+06   0.380631E+01
   0.205424E-03   0.480646E+06   0.480642E+06   0.638488E+06   0.638347E+06   0.481645E+06   0.480675E+06   0.480645E+06   0.488905E+06  -0.602354E+00   0.479141E+06   0.479140E+06   0.420250E+01
   0.226817E-03   0.480631E+06   0.480626E+06   0.637949E+06   0.637778E+06   0.481607E+06   0.480660E+06   0.480630E+06   0.488882E+06  -0.602324E+00   0.479126E+06   0.479125E+06   0.463987E+01
   0.250438E-03   0.480613E+06   0.480607E+06   0.637292E+06   0.637084E+06   0.481559E+06   0.480640E+06   0.480612E+06   0.488854E+06  -0.602288E+00   0.479107E+06   0.479106E+06   0.512269E+01
   0.276520E-03   0.480591E+06   0.480584E+06   0.636493E+06   0.636239E+06   0.481502E+06   0.480617E+06   0.480590E+06   0.488820E+06  -0.602244E+00   0.479085E+06   0.479083E+06   0.565566E+01
   0.305317E-03   0.480564E+06   0.480555E+06   0.635519E+06   0.635211E+06   0.481432E+06   0.480589E+06   0.480562E+06   0.488779E+06  -0.602191E+00   0.479057E+06   0.479056E+06   0.624396E+01
   0.337113E-03   0.480531E+06   0.480521E+06   0.634334E+06   0.633959E+06   0.481347E+06   0.480554E+06   0.480529E+06   0.488729E+06  -0.602125E+00   0.479024E+06   0.479022E+06   0.689328E+01
   0.372221E-03   0.480491E+06   0.480478E+06   0.632892E+06   0.632436E+06   0.481243E+06   0.480511E+06   0.480489E+06   0.488667E+06  -0.602046E+00   0.478983E+06   0.478981E+06   0.760990E+01
   0.410985E-03   0.480442E+06   0.480427E+06   0.631138E+06   0.630584E+06   0.481116E+06   0.480460E+06   0.480440E+06   0.488593E+06  -0.601949E+00   0.478934E+06   0.478931E+06   0.840071E+01
   0.453786E-03   0.480382E+06   0.480364E+06   0.629006E+06   0.628332E+06   0.480962E+06   0.480397E+06   0.480380E+06   0.488502E+06  -0.601830E+00   0.478873E+06   0.478870E+06   0.927329E+01
   0.501045E-03   0.480310E+06   0.480287E+06   0.626415E+06   0.625597E+06   0.480774E+06   0.480320E+06   0.480306E+06   0.488391E+06  -0.601687E+00   0.478800E+06   0.478796E+06   0.102360E+02
   0.553225E-03   0.480222E+06   0.480194E+06   0.623268E+06   0.622278E+06   0.480545E+06   0.480227E+06   0.480217E+06   0.488257E+06  -0.601512E+00   0.478710E+06   0.478705E+06   0.112978E+02
   0.610839E-03   0.480114E+06   0.480081E+06   0.619452E+06   0.618252E+06   0.480266E+06   0.480114E+06   0.480109E+06   0.488093E+06  -0.601299E+00   0.478601E+06   0.478595E+06   0.124688E+02
   0.674453E-03   0.479983E+06   0.479942E+06   0.614827E+06   0.613378E+06   0.479926E+06   0.479975E+06   0.479977E+06   0.487894E+06  -0.601040E+00   0.478468E+06   0.478461E+06   0.137599E+02
   0.744692E-03   0.479824E+06   0.479774E+06   0.609231E+06   0.607482E+06   0.479513E+06   0.479807E+06   0.479816E+06   0.487652E+06  -0.600725E+00   0.478306E+06   0.478298E+06   0.151829E+02
   0.822246E-03   0.479630E+06   0.479570E+06   0.602469E+06   0.600365E+06   0.479010E+06   0.479602E+06   0.479621E+06   0.487359E+06  -0.600343E+00   0.478109E+06   0.478099E+06   0.167506E+02
   0.907877E-03   0.479395E+06   0.479321E+06   0.594316E+06   0.591792E+06   0.478398E+06   0.479353E+06   0.479383E+06   0.487003E+06  -0.599879E+00   0.477869E+06   0.477857E+06   0.184771E+02
   0.100243E-02   0.479108E+06   0.479018E+06   0.584510E+06   0.581492E+06   0.477655E+06   0.479051E+06   0.479094E+06   0.486572E+06  -0.599317E+00   0.477578E+06   0.477563E+06   0.203772E+02
   0.110682E-02   0.478760E+06   0.478651E+06   0.572751E+06   0.569157E+06   0.476752E+06   0.478683E+06   0.478743E+06   0.486051E+06  -0.598637E+00   0.477223E+06   0.477205E+06   0.224670E+02
   0.122209E-02   0.478338E+06   0.478205E+06   0.558700E+06   0.554445E+06   0.475656E+06   0.478237E+06   0.478317E+06   0.485421E+06  -0.597814E+00   0.476793E+06   0.476771E+06   0.247636E+02
   0.134936E-02   0.477827E+06   0.477664E+06   0.541988E+06   0.536983E+06   0.474297E+06   0.477696E+06   0.477801E+06   0.484662E+06  -0.596822E+00   0.476271E+06   0.476243E+06   0.272850E+02
   0.148988E-02   0.477208E+06   0.477010E+06   0.522219E+06   0.516380E+06   0.472651E+06   0.477041E+06   0.477177E+06   0.483748E+06  -0.595627E+00   0.475637E+06   0.475604E+06   0.300498E+02
   0.164504E-02   0.476459E+06   0.476218E+06   0.498992E+06   0.492250E+06   0.470677E+06   0.476249E+06   0.476421E+06   0.482653E+06  -0.594191E+00   0.474870E+06   0.474830E+06   0.330774E+02
   0.181636E-02   0.475556E+06   0.475261E+06   0.471930E+06   0.464246E+06   0.468307E+06   0.475293E+06   0.475509E+06   0.481344E+06  -0.592473E+00   0.473943E+06   0.473894E+06   0.363872E+02
   0.200552E-02   0.474467E+06   0.474109E+06   0.440726E+06   0.432108E+06   0.465460E+06   0.474142E+06   0.474410E+06   0.479787E+06  -0.590425E+00   0.472824E+06   0.472765E+06   0.399986E+02
   0.221438E-02   0.473159E+06   0.472723E+06   0.405206E+06   0.395738E+06   0.462047E+06   0.472759E+06   0.473090E+06   0.477943E+06  -0.587992E+00   0.471476E+06   0.471404E+06   0.439299E+02
   0.244500E-02   0.471593E+06   0.471062E+06   0.365417E+06   0.355289E+06   0.457961E+06   0.471102E+06   0.471509E+06   0.475771E+06  -0.585121E+00   0.469858E+06   0.469771E+06   0.481985E+02
   0.269962E-02   0.469724E+06   0.469078E+06   0.321735E+06   0.311273E+06   0.453087E+06   0.469125E+06   0.469621E+06   0.473230E+06  -0.581751E+00   0.467920E+06   0.467814E+06   0.528195E+02
   0.298077E-02   0.467503E+06   0.466718E+06   0.274984E+06   0.264676E+06   0.447296E+06   0.466776E+06   0.467378E+06   0.470278E+06  -0.577827E+00   0.465608E+06   0.465481E+06   0.578057E+02
   0.329119E-02   0.464877E+06   0.463922E+06   0.226551E+06   0.217048E+06   0.440450E+06   0.463997E+06   0.464725E+06   0.466878E+06  -0.573295E+00   0.462864E+06   0.462710E+06   0.631667E+02
   0.363395E-02   0.461790E+06   0.460630E+06   0.178443E+06   0.170521E+06   0.432406E+06   0.460729E+06   0.461605E+06   0.462997E+06  -0.568111E+00   0.459622E+06   0.459437E+06   0.689092E+02
   0.401240E-02   0.458184E+06   0.456775E+06   0.133242E+06   0.127693E+06   0.423024E+06   0.456911E+06   0.457960E+06   0.458606E+06  -0.562242E+00   0.455818E+06   0.455595E+06   0.750373E+02
   0.443026E-02   0.454003E+06   0.452294E+06   0.938642E+05   0.913012E+05   0.412179E+06   0.452484E+06   0.453731E+06   0.453684E+06  -0.555669E+00   0.451389E+06   0.451121E+06   0.815541E+02
   0.489163E-02   0.449194E+06   0.447124E+06   0.630483E+05   0.636347E+05   0.399770E+06   0.447392E+06   0.448865E+06   0.448207E+06  -0.548386E+00   0.446274E+06   0.445953E+06   0.884631E+02
   0.540106E-02   0.443711E+06   0.441204E+06   0.425770E+05   0.457490E+05   0.385742E+06   0.441584E+06   0.443312E+06   0.442146E+06  -0.540393E+00   0.440425E+06   0.440042E+06   0.957707E+02
   0.596354E-02   0.437512E+06   0.434481E+06   0.323731E+05   0.367225E+05   0.370101E+06   0.435022E+06   0.437030E+06   0.435457E+06  -0.531685E+00   0.433806E+06   0.433349E+06   0.103487E+03
   0.658460E-02   0.430566E+06   0.426906E+06   0.298872E+05   0.334374E+05   0.352929E+06   0.427671E+06   0.429984E+06   0.428071E+06  -0.522232E+00   0.426396E+06   0.425852E+06   0.111626E+03
   0.727033E-02   0.422843E+06   0.418432E+06   0.304163E+05   0.314545E+05   0.334398E+06   0.419508E+06   0.422141E+06   0.419905E+06  -0.511971E+00   0.418187E+06   0.417540E+06   0.120199E+03
   0.802749E-02   0.414317E+06   0.409011E+06   0.288946E+05   0.271364E+05   0.314767E+06   0.410511E+06   0.413473E+06   0.410876E+06  -0.500805E+00   0.409175E+06   0.408408E+06   0.129202E+03
   0.886349E-02   0.404961E+06   0.398592E+06   0.228183E+05   0.200273E+05   0.294366E+06   0.400659E+06   0.403947E+06   0.400942E+06  -0.488631E+00   0.399351E+06   0.398442E+06   0.138607E+03
   0.978655E-02   0.394744E+06   0.387121E+06   0.143403E+05   0.132187E+05   0.273563E+06   0.389932E+06   0.393532E+06   0.390112E+06  -0.475380E+00   0.388692E+06   0.387618E+06   0.148345E+03
   0.108057E-01   0.383644E+06   0.374547E+06   0.861997E+04   0.100507E+05   0.252716E+06   0.378311E+06   0.382197E+06   0.378428E+06  -0.461044E+00   0.377167E+06   0.375901E+06   0.158306E+03
   0.119311E-01   0.371643E+06   0.360827E+06   0.812005E+04   0.903999E+04   0.232126E+06   0.365787E+06   0.369922E+06   0.365895E+06  -0.445656E+00   0.364745E+06   0.363259E+06   0.168342E+03
   0.131736E-01   0.358735E+06   0.345933E+06   0.892432E+04   0.714220E+04   0.212014E+06   0.352356E+06   0.356698E+06   0.352464E+06  -0.429215E+00   0.351434E+06   0.349696E+06   0.178257E+03
   0.145456E-01   0.344923E+06   0.329851E+06   0.640656E+04   0.561981E+04   0.192538E+06   0.338024E+06   0.342525E+06   0.338103E+06  -0.411699E+00   0.337237E+06   0.335215E+06   0.187789E+03
   0.160604E-01   0.330216E+06   0.312583E+06   0.337118E+04   0.440145E+04   0.173841E+06   0.322802E+06   0.327410E+06   0.322850E+06  -0.393099E+00   0.322169E+06   0.319832E+06   0.196578E+03
   0.177329E-01   0.314635E+06   0.294165E+06   0.365160E+04   0.342838E+04   0.156054E+06   0.306718E+06   0.311379E+06   0.306764E+06  -0.373464E+00   0.306246E+06   0.303566E+06   0.204168E+03
   0.195797E-01   0.298223E+06   0.274680E+06   0.310945E+04   0.265524E+04   0.139186E+06   0.289818E+06   0.294478E+06   0.289856E+06  -0.352857E+00   0.289511E+06   0.286467E+06   0.210005E+03
   0.216188E-01   0.281162E+06   0.254390E+06   0.161254E+04   0.204389E+04   0.122030E+06   0.272255E+06   0.276903E+06   0.272278E+06  -0.331446E+00   0.272147E+06   0.268731E+06   0.213435E+03
   0.238702E-01   0.263339E+06   0.233316E+06   0.190676E+04   0.156194E+04   0.105774E+06   0.253978E+06   0.258562E+06   0.254001E+06  -0.309174E+00   0.254051E+06   0.250275E+06   0.213707E+03
   0.263561E-01   0.245012E+06   0.211912E+06   0.971280E+03   0.118523E+04   0.903031E+05   0.235262E+06   0.239746E+06   0.235275E+06  -0.286375E+00   0.235504E+06   0.231407E+06   0.210046E+03
   0.291009E-01   0.226381E+06   0.190641E+06   0.107208E+04   0.892862E+03   0.764189E+05   0.216366E+06   0.220695E+06   0.216379E+06  -0.263361E+00   0.216745E+06   0.212400E+06   0.201714E+03
   0.321315E-01   0.207820E+06   0.170210E+06   0.570352E+03   0.668371E+03   0.642982E+05   0.197709E+06   0.201836E+06   0.197717E+06  -0.240642E+00   0.198193E+06   0.193718E+06   0.188158E+03
   0.354778E-01   0.189708E+06   0.151367E+06   0.498716E+03   0.497665E+03   0.534333E+05   0.179702E+06   0.183609E+06   0.179709E+06  -0.218717E+00   0.180261E+06   0.175818E+06   0.169179E+03
   0.391725E-01   0.172465E+06   0.134882E+06   0.446304E+03   0.369453E+03   0.438318E+05   0.162805E+06   0.166486E+06   0.162811E+06  -0.198145E+00   0.163397E+06   0.159188E+06   0.145168E+03
   0.432520E-01   0.156533E+06   0.121428E+06   0.284676E+03   0.274423E+03   0.358471E+05   0.147494E+06   0.150948E+06   0.147498E+06  -0.179506E+00   0.148069E+06   0.144313E+06   0.117325E+03
   0.475772E-01   0.142714E+06   0.111601E+06   0.207003E+03   0.206889E+03   0.296783E+05   0.134521E+06   0.137764E+06   0.134524E+06  -0.163714E+00   0.135037E+06   0.131905E+06   0.889255E+02
   0.519024E-01   0.131635E+06   0.105245E+06   0.160896E+03   0.160808E+03   0.249337E+05   0.124361E+06   0.127437E+06   0.124363E+06  -0.151346E+00   0.124807E+06   0.122352E+06   0.638793E+02
   0.562276E-01   0.122515E+06   0.100889E+06   0.128134E+03   0.128063E+03   0.211906E+05   0.116137E+06   0.119075E+06   0.116139E+06  -0.141336E+00   0.116511E+06   0.114693E+06   0.436798E+02
   0.605528E-01   0.114764E+06   0.973496E+05   0.103950E+03   0.103893E+03   0.182735E+05   0.109181E+06   0.111993E+06   0.109182E+06  -0.132869E+00   0.109492E+06   0.108194E+06   0.289542E+02
   0.648780E-01   0.107954E+06   0.937889E+05   0.854739E+02   0.854267E+02   0.158558E+05   0.103004E+06   0.105700E+06   0.103005E+06  -0.125351E+00   0.103273E+06   0.102333E+06   0.195636E+02
   0.692032E-01   0.101688E+06   0.896148E+05   0.708883E+02   0.708491E+02   0.138055E+05   0.971879E+05   0.997674E+05   0.971888E+05  -0.118272E+00   0.974382E+05   0.966809E+05   0.147837E+02
   0.735284E-01   0.956790E+05   0.845572E+05   0.590671E+02   0.590345E+02   0.120488E+05   0.914532E+05   0.939096E+05   0.914539E+05  -0.111293E+00   0.917054E+05   0.909696E+05   0.135191E+02
   0.778536E-01   0.898079E+05   0.786940E+05   0.493397E+02   0.493124E+02   0.104891E+05   0.857127E+05   0.880398E+05   0.857133E+05  -0.104306E+00   0.859825E+05   0.851459E+05   0.145175E+02
   0.821788E-01   0.841047E+05   0.723687E+05   0.413072E+02   0.412845E+02   0.911717E+04   0.800434E+05   0.822376E+05   0.800439E+05  -0.974069E-01   0.803389E+05   0.793311E+05   0.165669E+02
   0.865040E-01   0.786766E+05   0.660503E+05   0.347023E+02   0.346832E+02   0.794267E+04   0.746056E+05   0.766679E+05   0.746060E+05  -0.907892E-01   0.749272E+05   0.737329E+05   0.186519E+02
   0.908292E-01   0.736306E+05   0.601854E+05   0.293074E+02   0.292913E+02   0.692984E+04   0.695542E+05   0.714916E+05   0.695546E+05  -0.846418E-01   0.698967E+05   0.685485E+05   0.200521E+02
   0.961876E-01   0.680301E+05   0.540553E+05   0.240198E+02   0.240066E+02   0.589432E+04   0.640090E+05   0.658068E+05   0.640093E+05  -0.778935E-01   0.643622E+05   0.629183E+05   0.202790E+02
   0.101546E+00   0.632530E+05   0.495232E+05   0.199844E+02   0.199734E+02   0.507567E+04   0.593884E+05   0.610687E+05   0.593887E+05  -0.722705E-01   0.597328E+05   0.583221E+05   0.187680E+02
   0.106904E+00   0.593346E+05   0.466190E+05   0.169214E+02   0.169121E+02   0.442312E+04   0.557246E+05   0.573117E+05   0.557248E+05  -0.678117E-01   0.560439E+05   0.547823E+05   0.159423E+02
   0.112263E+00   0.561744E+05   0.450157E+05   0.145736E+02   0.145656E+02   0.391651E+04   0.528843E+05   0.543992E+05   0.528845E+05  -0.643552E-01   0.531684E+05   0.521292E+05   0.125046E+02
   0.117621E+00   0.535518E+05   0.441450E+05   0.127155E+02   0.127085E+02   0.350075E+04   0.505983E+05   0.520553E+05   0.505984E+05  -0.615732E-01   0.508451E+05   0.500453E+05   0.918604E+01
   0.122980E+00   0.512195E+05   0.434050E+05   0.111765E+02   0.111704E+02   0.314823E+04   0.485711E+05   0.499763E+05   0.485712E+05  -0.591062E-01   0.487854E+05   0.481891E+05   0.654995E+01
   0.128338E+00   0.489837E+05   0.423365E+05   0.984674E+01   0.984128E+01   0.283461E+04   0.465731E+05   0.479262E+05   0.465732E+05  -0.566747E-01   0.467648E+05   0.463005E+05   0.488752E+01
   0.133696E+00   0.467324E+05   0.407062E+05   0.866572E+01   0.866092E+01   0.254524E+04   0.444765E+05   0.457737E+05   0.444766E+05  -0.541233E-01   0.446574E+05   0.442412E+05   0.420608E+01
   0.139055E+00   0.444327E+05   0.385130E+05   0.760724E+01   0.760302E+01   0.228018E+04   0.422543E+05   0.434910E+05   0.422544E+05  -0.514191E-01   0.424349E+05   0.419933E+05   0.428983E+01
   0.144413E+00   0.421134E+05   0.359376E+05   0.666417E+01   0.666048E+01   0.203451E+04   0.399577E+05   0.411309E+05   0.399578E+05  -0.486243E-01   0.401446E+05   0.396314E+05   0.480122E+01
   0.149771E+00   0.398404E+05   0.332597E+05   0.583719E+01   0.583397E+01   0.181531E+04   0.376838E+05   0.387935E+05   0.376839E+05  -0.458572E-01   0.378788E+05   0.372813E+05   0.538940E+01
   0.155130E+00   0.376987E+05   0.307749E+05   0.512751E+01   0.512468E+01   0.162199E+04   0.355476E+05   0.365972E+05   0.355477E+05  -0.432577E-01   0.357480E+05   0.350846E+05   0.577702E+01
   0.160488E+00   0.357735E+05   0.287235E+05   0.453289E+01   0.453039E+01   0.145678E+04   0.336558E+05   0.346519E+05   0.336558E+05  -0.409555E-01   0.338560E+05   0.331658E+05   0.580964E+01
   0.165847E+00   0.341183E+05   0.272280E+05   0.404396E+01   0.404173E+01   0.131876E+04   0.320708E+05   0.330221E+05   0.320708E+05  -0.390267E-01   0.322648E+05   0.315939E+05   0.546500E+01
   0.171205E+00   0.327274E+05   0.262623E+05   0.364340E+01   0.364139E+01   0.120330E+04   0.307838E+05   0.316989E+05   0.307838E+05  -0.374605E-01   0.309664E+05   0.303544E+05   0.482888E+01
   0.176563E+00   0.315454E+05   0.256819E+05   0.330999E+01   0.330816E+01   0.110725E+04   0.297272E+05   0.306126E+05   0.297272E+05  -0.361747E-01   0.298953E+05   0.293660E+05   0.404937E+01
   0.181922E+00   0.305020E+05   0.252925E+05   0.302421E+01   0.302254E+01   0.102292E+04   0.288134E+05   0.296732E+05   0.288135E+05  -0.350628E-01   0.289665E+05   0.285241E+05   0.328540E+01
   0.187280E+00   0.295326E+05   0.249089E+05   0.277099E+01   0.276946E+01   0.947878E+03   0.279613E+05   0.287970E+05   0.279613E+05  -0.340258E-01   0.281015E+05   0.277321E+05   0.266436E+01
   0.192639E+00   0.285800E+05   0.243863E+05   0.253941E+01   0.253800E+01   0.877698E+03   0.271016E+05   0.279128E+05   0.271016E+05  -0.329796E-01   0.272326E+05   0.269108E+05   0.225715E+01
   0.197997E+00   0.276018E+05   0.236452E+05   0.232284E+01   0.232156E+01   0.811101E+03   0.261873E+05   0.269724E+05   0.261874E+05  -0.318670E-01   0.263134E+05   0.260097E+05   0.207226E+01
   0.203355E+00   0.265867E+05   0.226886E+05   0.211929E+01   0.211811E+01   0.747980E+03   0.252098E+05   0.259665E+05   0.252098E+05  -0.306775E-01   0.253343E+05   0.250233E+05   0.206585E+01
   0.208714E+00   0.255559E+05   0.215926E+05   0.193017E+01   0.192910E+01   0.687692E+03   0.241981E+05   0.249254E+05   0.241981E+05  -0.294463E-01   0.243233E+05   0.239892E+05   0.216278E+01
   0.214072E+00   0.245454E+05   0.204674E+05   0.175791E+01   0.175694E+01   0.632836E+03   0.231985E+05   0.238966E+05   0.231985E+05  -0.282300E-01   0.233252E+05   0.229637E+05   0.228133E+01
   0.219430E+00   0.235879E+05   0.194186E+05   0.160411E+01   0.160323E+01   0.582598E+03   0.222541E+05   0.229246E+05   0.222542E+05  -0.270808E-01   0.223815E+05   0.219991E+05   0.235430E+01
   0.224789E+00   0.227082E+05   0.185240E+05   0.146916E+01   0.146834E+01   0.538288E+03   0.213972E+05   0.220425E+05   0.213972E+05  -0.260380E-01   0.215233E+05   0.211336E+05   0.234193E+01
   0.230147E+00   0.219215E+05   0.178228E+05   0.135220E+01   0.135145E+01   0.499552E+03   0.206462E+05   0.212694E+05   0.206462E+05  -0.251240E-01   0.207689E+05   0.203881E+05   0.223573E+01
   0.235506E+00   0.212290E+05   0.173095E+05   0.125119E+01   0.125050E+01   0.465473E+03   0.200011E+05   0.206054E+05   0.200011E+05  -0.243390E-01   0.201187E+05   0.197606E+05   0.205396E+01
   0.240864E+00   0.206165E+05   0.169394E+05   0.116317E+01   0.116253E+01   0.436099E+03   0.194435E+05   0.200315E+05   0.194435E+05  -0.236605E-01   0.195549E+05   0.192283E+05   0.183171E+01
   0.246222E+00   0.200601E+05   0.166461E+05   0.108490E+01   0.108430E+01   0.409181E+03   0.189435E+05   0.195169E+05   0.189436E+05  -0.230521E-01   0.190486E+05   0.187554E+05   0.160869E+01
   0.251581E+00   0.195338E+05   0.163614E+05   0.101352E+01   0.101296E+01   0.384787E+03   0.184696E+05   0.190291E+05   0.184696E+05  -0.224754E-01   0.185690E+05   0.183048E+05   0.141849E+01
   0.256939E+00   0.190153E+05   0.160318E+05   0.946934E+00   0.946410E+00   0.361805E+03   0.179951E+05   0.185406E+05   0.179951E+05  -0.218980E-01   0.180901E+05   0.178463E+05   0.128159E+01
   0.262297E+00   0.184907E+05   0.156287E+05   0.883902E+00   0.883413E+00   0.339752E+03   0.175044E+05   0.180354E+05   0.175044E+05  -0.213008E-01   0.175964E+05   0.173629E+05   0.120283E+01
   0.267656E+00   0.179573E+05   0.151530E+05   0.824078E+00   0.823621E+00   0.318843E+03   0.169953E+05   0.175112E+05   0.169953E+05  -0.206813E-01   0.170856E+05   0.168532E+05   0.117321E+01
   0.273014E+00   0.174218E+05   0.146286E+05   0.767699E+00   0.767274E+00   0.298654E+03   0.164769E+05   0.169774E+05   0.164769E+05  -0.200505E-01   0.165664E+05   0.163290E+05   0.117464E+01
   0.278373E+00   0.168949E+05   0.140915E+05   0.715213E+00   0.714817E+00   0.280004E+03   0.159637E+05   0.164489E+05   0.159638E+05  -0.194260E-01   0.160528E+05   0.158084E+05   0.118612E+01
   0.283731E+00   0.163882E+05   0.135785E+05   0.667001E+00   0.666633E+00   0.262569E+03   0.154707E+05   0.159412E+05   0.154707E+05  -0.188261E-01   0.155591E+05   0.153093E+05   0.118926E+01
   0.289089E+00   0.159116E+05   0.131189E+05   0.623272E+00   0.622928E+00   0.246658E+03   0.150106E+05   0.154673E+05   0.150106E+05  -0.182662E-01   0.150978E+05   0.148469E+05   0.117215E+01
   0.294448E+00   0.154720E+05   0.127294E+05   0.583975E+00   0.583652E+00   0.232315E+03   0.145915E+05   0.150357E+05   0.145915E+05  -0.177561E-01   0.146767E+05   0.144302E+05   0.113083E+01
   0.299806E+00   0.150703E+05   0.124104E+05   0.548749E+00   0.548446E+00   0.219309E+03   0.142142E+05   0.146472E+05   0.142142E+05  -0.172970E-01   0.142969E+05   0.140598E+05   0.106864E+01
   0.305165E+00   0.147016E+05   0.121477E+05   0.516987E+00   0.516701E+00   0.207609E+03   0.138725E+05   0.142953E+05   0.138725E+05  -0.168812E-01   0.139523E+05   0.137278E+05   0.993993E+00
   0.310523E+00   0.143573E+05   0.119188E+05   0.487998E+00   0.487728E+00   0.196723E+03   0.135560E+05   0.139693E+05   0.135561E+05  -0.164961E-01   0.136329E+05   0.134220E+05   0.917305E+00
   0.315881E+00   0.140288E+05   0.117006E+05   0.461161E+00   0.460906E+00   0.186766E+03   0.132542E+05   0.136584E+05   0.132542E+05  -0.161288E-01   0.133282E+05   0.131299E+05   0.848048E+00
   0.321240E+00   0.137089E+05   0.114741E+05   0.435991E+00   0.435749E+00   0.177274E+03   0.129579E+05   0.133533E+05   0.129579E+05  -0.157683E-01   0.130296E+05   0.128411E+05   0.792610E+00
   0.326598E+00   0.133918E+05   0.112276E+05   0.412153E+00   0.411925E+00   0.168241E+03   0.126610E+05   0.130475E+05   0.126610E+05  -0.154070E-01   0.127308E+05   0.125487E+05   0.753339E+00
   0.331956E+00   0.130752E+05   0.109584E+05   0.389483E+00   0.389267E+00   0.159627E+03   0.123610E+05   0.127384E+05   0.123610E+05  -0.150419E-01   0.124293E+05   0.122503E+05   0.728735E+00
   0.337315E+00   0.127600E+05   0.106725E+05   0.367967E+00   0.367764E+00   0.151361E+03   0.120595E+05   0.124279E+05   0.120595E+05  -0.146750E-01   0.121268E+05   0.119484E+05   0.714505E+00
   0.342673E+00   0.124500E+05   0.103817E+05   0.347691E+00   0.347499E+00   0.143664E+03   0.117615E+05   0.121209E+05   0.117615E+05  -0.143124E-01   0.118279E+05   0.116491E+05   0.705085E+00
   0.348032E+00   0.121497E+05   0.100993E+05   0.328747E+00   0.328565E+00   0.136252E+03   0.114728E+05   0.118235E+05   0.114728E+05  -0.139610E-01   0.115383E+05   0.113592E+05   0.695191E+00
   0.353390E+00   0.118626E+05   0.983587E+04   0.311177E+00   0.311005E+00   0.129470E+03   0.111978E+05   0.115402E+05   0.111978E+05  -0.136264E-01   0.112623E+05   0.110842E+05   0.680999E+00
   0.358748E+00   0.115907E+05   0.959762E+04   0.294958E+00   0.294795E+00   0.123152E+03   0.109390E+05   0.112736E+05   0.109390E+05  -0.133115E-01   0.110024E+05   0.108269E+05   0.660766E+00
   0.364107E+00   0.113345E+05   0.938582E+04   0.280012E+00   0.279857E+00   0.117255E+03   0.106972E+05   0.110245E+05   0.106972E+05  -0.130172E-01   0.107591E+05   0.105880E+05   0.634815E+00
   0.369465E+00   0.110932E+05   0.919729E+04   0.266214E+00   0.266067E+00   0.111875E+03   0.104711E+05   0.107916E+05   0.104711E+05  -0.127421E-01   0.105314E+05   0.103660E+05   0.605041E+00
   0.374823E+00   0.108644E+05   0.902543E+04   0.253407E+00   0.253267E+00   0.106749E+03   0.102578E+05   0.105718E+05   0.102578E+05  -0.124825E-01   0.103165E+05   0.101572E+05   0.574147E+00
   0.380182E+00   0.106448E+05   0.886211E+04   0.241425E+00   0.241291E+00   0.102058E+03   0.100534E+05   0.103612E+05   0.100534E+05  -0.122338E-01   0.101106E+05   0.995724E+04   0.544835E+00
   0.385540E+00   0.104316E+05   0.870003E+04   0.230125E+00   0.229997E+00   0.975207E+02   0.985425E+04   0.101561E+05   0.985425E+04  -0.119915E-01   0.991003E+04   0.976187E+04   0.519157E+00
   0.390899E+00   0.102224E+05   0.853449E+04   0.219407E+00   0.219285E+00   0.932187E+02   0.965799E+04   0.995388E+04   0.965799E+04  -0.117526E-01   0.971253E+04   0.956840E+04   0.498138E+00
   0.396257E+00   0.100165E+05   0.836382E+04   0.209212E+00   0.209096E+00   0.891807E+02   0.946353E+04   0.975354E+04   0.946354E+04  -0.115160E-01   0.951702E+04   0.937573E+04   0.481710E+00
   0.401615E+00   0.981355E+04   0.818903E+04   0.199514E+00   0.199403E+00   0.852390E+02   0.927093E+04   0.955510E+04   0.927093E+04  -0.112816E-01   0.932351E+04   0.918410E+04   0.468925E+00
   0.406974E+00   0.961430E+04   0.801311E+04   0.190306E+00   0.190201E+00   0.815454E+02   0.908115E+04   0.935956E+04   0.908115E+04  -0.110507E-01   0.913291E+04   0.899483E+04   0.458336E+00
   0.412332E+00   0.941998E+04   0.784023E+04   0.181598E+00   0.181497E+00   0.779807E+02   0.889586E+04   0.916866E+04   0.889587E+04  -0.108252E-01   0.894684E+04   0.880997E+04   0.448418E+00
   0.417691E+00   0.923202E+04   0.767441E+04   0.173398E+00   0.173302E+00   0.746681E+02   0.871686E+04   0.898422E+04   0.871686E+04  -0.106074E-01   0.876703E+04   0.863163E+04   0.437940E+00
   0.423049E+00   0.905132E+04   0.751834E+04   0.165701E+00   0.165609E+00   0.715292E+02   0.854529E+04   0.880743E+04   0.854529E+04  -0.103986E-01   0.859461E+04   0.846115E+04   0.426183E+00
   0.428407E+00   0.887806E+04   0.737289E+04   0.158482E+00   0.158394E+00   0.685472E+02   0.838143E+04   0.863860E+04   0.838143E+04  -0.101992E-01   0.842985E+04   0.829888E+04   0.413008E+00
   0.433766E+00   0.871193E+04   0.723736E+04   0.151706E+00   0.151622E+00   0.657859E+02   0.822493E+04   0.847734E+04   0.822493E+04  -0.100088E-01   0.827239E+04   0.814435E+04   0.398763E+00
   0.439124E+00   0.855230E+04   0.710994E+04   0.145331E+00   0.145251E+00   0.631412E+02   0.807498E+04   0.832283E+04   0.807498E+04  -0.982629E-02   0.812147E+04   0.799662E+04   0.384110E+00
   0.444482E+00   0.839827E+04   0.698817E+04   0.139314E+00   0.139237E+00   0.606713E+02   0.793047E+04   0.817393E+04   0.793047E+04  -0.965044E-02   0.797601E+04   0.785434E+04   0.369805E+00
   0.449841E+00   0.824877E+04   0.686952E+04   0.133612E+00   0.133538E+00   0.582844E+02   0.779015E+04   0.802935E+04   0.779015E+04  -0.947969E-02   0.783478E+04   0.771608E+04   0.356493E+00
   0.455199E+00   0.810287E+04   0.675196E+04   0.128189E+00   0.128118E+00   0.560491E+02   0.765293E+04   0.788795E+04   0.765294E+04  -0.931271E-02   0.769672E+04   0.758062E+04   0.344572E+00
   0.460558E+00   0.795994E+04   0.663439E+04   0.123018E+00   0.122950E+00   0.538950E+02   0.751814E+04   0.774906E+04   0.751815E+04  -0.914869E-02   0.756116E+04   0.744724E+04   0.334142E+00
   0.465916E+00   0.781977E+04   0.651673E+04   0.118083E+00   0.118018E+00   0.518092E+02   0.738559E+04   0.761247E+04   0.738559E+04  -0.898738E-02   0.742789E+04   0.731579E+04   0.325036E+00
   0.471274E+00   0.768247E+04   0.639974E+04   0.113378E+00   0.113315E+00   0.498628E+02   0.725549E+04   0.747840E+04   0.725549E+04  -0.882906E-02   0.729712E+04   0.718657E+04   0.316904E+00
   0.476633E+00   0.754837E+04   0.628459E+04   0.108896E+00   0.108836E+00   0.479609E+02   0.712827E+04   0.734731E+04   0.712827E+04  -0.867426E-02   0.716927E+04   0.706014E+04   0.309318E+00
   0.481991E+00   0.741776E+04   0.617252E+04   0.104635E+00   0.104577E+00   0.461922E+02   0.700439E+04   0.721966E+04   0.700440E+04  -0.852352E-02   0.704477E+04   0.693706E+04   0.301888E+00
   0.487350E+00   0.729091E+04   0.606449E+04   0.100589E+00   0.100533E+00   0.444618E+02   0.688420E+04   0.709579E+04   0.688420E+04  -0.837725E-02   0.692394E+04   0.681776E+04   0.294338E+00
   0.492708E+00   0.716794E+04   0.596103E+04   0.967491E-01   0.966955E-01   0.428374E+02   0.676788E+04   0.697593E+04   0.676788E+04  -0.823571E-02   0.680698E+04   0.670248E+04   0.286546E+00
   0.498066E+00   0.704892E+04   0.586225E+04   0.931066E-01   0.930550E-01   0.413129E+02   0.665551E+04   0.686013E+04   0.665551E+04  -0.809897E-02   0.669397E+04   0.659127E+04   0.278545E+00
   0.503425E+00   0.693366E+04   0.576769E+04   0.896479E-01   0.895983E-01   0.398110E+02   0.654686E+04   0.674817E+04   0.654686E+04  -0.796675E-02   0.658467E+04   0.648388E+04   0.270473E+00
   0.508783E+00   0.682177E+04   0.567650E+04   0.863577E-01   0.863099E-01   0.384353E+02   0.644148E+04   0.663956E+04   0.644148E+04  -0.783851E-02   0.647865E+04   0.637978E+04   0.262525E+00
   0.514141E+00   0.671282E+04   0.558781E+04   0.832210E-01   0.831750E-01   0.370763E+02   0.633889E+04   0.653384E+04   0.633889E+04  -0.771367E-02   0.637543E+04   0.627843E+04   0.254890E+00
   0.519500E+00   0.660655E+04   0.550094E+04   0.802262E-01   0.801818E-01   0.358096E+02   0.623876E+04   0.643066E+04   0.623876E+04  -0.759183E-02   0.627471E+04   0.617945E+04   0.247709E+00
   0.524858E+00   0.650274E+04   0.541541E+04   0.773631E-01   0.773203E-01   0.345773E+02   0.614085E+04   0.632976E+04   0.614085E+04  -0.747268E-02   0.617623E+04   0.608258E+04   0.241048E+00
   0.530217E+00   0.640116E+04   0.533095E+04   0.746229E-01   0.745816E-01   0.333919E+02   0.604492E+04   0.623090E+04   0.604492E+04  -0.735595E-02   0.607975E+04   0.598756E+04   0.234893E+00
   0.535575E+00   0.630164E+04   0.524755E+04   0.719983E-01   0.719584E-01   0.322871E+02   0.595084E+04   0.613394E+04   0.595084E+04  -0.724146E-02   0.598516E+04   0.589430E+04   0.229167E+00
   0.540933E+00   0.620421E+04   0.516545E+04   0.694850E-01   0.694465E-01   0.311820E+02   0.585867E+04   0.603895E+04   0.585867E+04  -0.712930E-02   0.589248E+04   0.580289E+04   0.223757E+00
   0.546292E+00   0.610902E+04   0.508512E+04   0.670804E-01   0.670433E-01   0.301493E+02   0.576860E+04   0.594613E+04   0.576860E+04  -0.701970E-02   0.580193E+04   0.571355E+04   0.218546E+00
   0.551650E+00   0.601619E+04   0.500692E+04   0.647814E-01   0.647456E-01   0.291517E+02   0.568078E+04   0.585562E+04   0.568078E+04  -0.691283E-02   0.571363E+04   0.562647E+04   0.213437E+00
   0.557009E+00   0.592568E+04   0.493102E+04   0.625835E-01   0.625489E-01   0.282009E+02   0.559522E+04   0.576744E+04   0.559522E+04  -0.680871E-02   0.562759E+04   0.554168E+04   0.208370E+00
   0.562367E+00   0.583744E+04   0.485743E+04   0.604817E-01   0.604482E-01   0.272898E+02   0.551186E+04   0.568153E+04   0.551186E+04  -0.670727E-02   0.554375E+04   0.545911E+04   0.203327E+00
   0.567725E+00   0.575143E+04   0.478607E+04   0.584711E-01   0.584387E-01   0.264023E+02   0.543066E+04   0.559785E+04   0.543066E+04  -0.660846E-02   0.546209E+04   0.537874E+04   0.198327E+00
   0.573084E+00   0.566760E+04   0.471681E+04   0.565473E-01   0.565160E-01   0.255777E+02   0.535157E+04   0.551634E+04   0.535157E+04  -0.651223E-02   0.538254E+04   0.530049E+04   0.193414E+00
   0.578442E+00   0.558585E+04   0.464940E+04   0.547048E-01   0.546746E-01   0.247651E+02   0.527446E+04   0.543686E+04   0.527446E+04  -0.641839E-02   0.530497E+04   0.522420E+04   0.188636E+00
   0.629704E+00   0.488722E+04   0.406779E+04   0.403854E-01   0.403630E-01   0.184660E+02   0.461466E+04   0.475685E+04   0.461467E+04  -0.561550E-02   0.464141E+04   0.457073E+04   0.151648E+00
   0.769122E+00   0.355443E+04   0.295900E+04   0.196877E-01   0.196768E-01   0.917847E+01   0.335616E+04   0.345971E+04   0.335616E+04  -0.408405E-02   0.337567E+04   0.332436E+04   0.901217E-01
   0.939408E+00   0.257243E+04   0.214162E+04   0.955061E-02   0.954532E-02   0.451133E+01   0.242889E+04   0.250389E+04   0.242889E+04  -0.295566E-02   0.244303E+04   0.240593E+04   0.533549E-01
   0.114740E+01   0.185365E+04   0.154328E+04   0.461302E-02   0.461046E-02   0.220181E+01   0.175019E+04   0.180427E+04   0.175019E+04  -0.212977E-02   0.176040E+04   0.173368E+04   0.314585E-01
   0.140143E+01   0.133019E+04   0.110751E+04   0.221895E-02   0.221772E-02   0.106721E+01   0.125594E+04   0.129477E+04   0.125594E+04  -0.152833E-02   0.126328E+04   0.124411E+04   0.184739E-01
   0.171171E+01   0.951117E+03   0.791916E+03   0.106352E-02   0.106293E-02   0.513399E+00   0.898023E+03   0.925789E+03   0.898023E+03  -0.109279E-02   0.903268E+03   0.889570E+03   0.108112E-01
   0.209069E+01   0.677807E+03   0.564366E+03   0.508038E-03   0.507757E-03   0.246248E+00   0.639969E+03   0.659760E+03   0.639969E+03  -0.778765E-03   0.643708E+03   0.633947E+03   0.630677E-02
   0.255358E+01   0.481541E+03   0.400955E+03   0.241938E-03   0.241804E-03   0.117494E+00   0.454659E+03   0.468721E+03   0.454659E+03  -0.553265E-03   0.457315E+03   0.450382E+03   0.366829E-02
   0.311895E+01   0.341136E+03   0.284050E+03   0.114889E-03   0.114825E-03   0.558320E-01   0.322091E+03   0.332054E+03   0.322091E+03  -0.391946E-03   0.323974E+03   0.319061E+03   0.212803E-02
   0.380949E+01   0.241052E+03   0.200716E+03   0.544182E-04   0.543881E-04   0.265023E-01   0.227595E+03   0.234635E+03   0.227595E+03  -0.276956E-03   0.228925E+03   0.225452E+03   0.123170E-02
   0.465292E+01   0.169920E+03   0.141487E+03   0.257133E-04   0.256991E-04   0.125303E-01   0.160434E+03   0.165397E+03   0.160434E+03  -0.195228E-03   0.161371E+03   0.158921E+03   0.711468E-03
   0.568309E+01   0.119517E+03   0.995173E+02   0.121234E-04   0.121167E-04   0.592192E-02   0.112845E+03   0.116336E+03   0.112845E+03  -0.137319E-03   0.113505E+03   0.111779E+03   0.410308E-03
   0.694134E+01   0.838931E+02   0.698527E+02   0.570425E-05   0.570109E-05   0.278928E-02   0.792090E+02   0.816594E+02   0.792090E+02  -0.963878E-04   0.796722E+02   0.784579E+02   0.236338E-03
   0.847817E+01   0.587759E+02   0.489372E+02   0.267886E-05   0.267737E-05   0.131040E-02   0.554939E+02   0.572107E+02   0.554939E+02  -0.675295E-04   0.558187E+02   0.549649E+02   0.136042E-03
   0.103553E+02   0.411066E+02   0.342233E+02   0.125584E-05   0.125515E-05   0.614509E-03   0.388109E+02   0.400115E+02   0.388109E+02  -0.472281E-04   0.390381E+02   0.384379E+02   0.783127E-04
   0.126479E+02   0.287019E+02   0.238932E+02   0.587764E-06   0.587438E-06   0.286614E-03   0.270985E+02   0.279368E+02   0.270985E+02  -0.329756E-04   0.272574E+02   0.268349E+02   0.451267E-04
   0.154482E+02   0.200101E+02   0.166548E+02   0.274665E-06   0.274513E-06   0.133268E-03   0.188918E+02   0.194763E+02   0.188918E+02  -0.229891E-04   0.190028E+02   0.187048E+02   0.260654E-04
   0.188685E+02   0.139306E+02   0.115918E+02   0.128166E-06   0.128095E-06   0.622977E-04   0.131516E+02   0.135585E+02   0.131516E+02  -0.160039E-04   0.132291E+02   0.130180E+02   0.151191E-04
   0.230461E+02   0.968519E+01   0.805607E+01   0.597241E-07   0.596910E-07   0.291669E-04   0.914316E+01   0.942601E+01   0.914316E+01  -0.111261E-04   0.919727E+01   0.904665E+01   0.882940E-05
   0.281485E+02   0.672515E+01   0.559071E+01   0.277943E-07   0.277790E-07   0.135742E-04   0.634828E+01   0.654467E+01   0.634828E+01  -0.772509E-05   0.638610E+01   0.627756E+01   0.520911E-05
   0.343807E+02   0.466426E+01   0.387412E+01   0.129186E-07   0.129114E-07   0.631582E-05   0.440236E+01   0.453855E+01   0.440236E+01  -0.535714E-05   0.442884E+01   0.434948E+01   0.311847E-05
   0.419926E+02   0.323129E+01   0.268044E+01   0.599701E-08   0.599370E-08   0.293848E-05   0.304932E+01   0.314366E+01   0.304932E+01  -0.371066E-05   0.306793E+01   0.300873E+01   0.190450E-05
   0.512900E+02   0.223617E+01   0.185140E+01   0.278044E-08   0.277891E-08   0.135670E-05   0.210969E+01   0.217496E+01   0.210969E+01  -0.256724E-05   0.212284E+01   0.207752E+01   0.119354E-05
   0.626457E+02   0.154593E+01   0.127624E+01   0.128746E-08   0.128675E-08   0.625490E-06   0.145792E+01   0.150302E+01   0.145792E+01  -0.177411E-05   0.146729E+01   0.143150E+01   0.771869E-06
   0.765156E+02   0.106768E+01   0.877650E+00   0.595322E-09   0.594995E-09   0.286799E-06   0.100631E+01   0.103745E+01   0.100631E+01  -0.122456E-05   0.101307E+01   0.983773E+00   0.517246E-06
   0.934564E+02   0.736654E+00   0.601680E+00   0.274848E-09   0.274698E-09   0.133514E-06   0.693719E+00   0.715180E+00   0.693719E+00  -0.844173E-06   0.698671E+00   0.673787E+00   0.359706E-06
   0.114148E+03   0.507754E+00   0.410785E+00   0.126658E-09   0.126589E-09   0.607427E-07   0.477553E+00   0.492327E+00   0.477553E+00  -0.581125E-06   0.481263E+00   0.459369E+00   0.259120E-06
