#  a  GeffG(a,k)  D1(a,k)  D1mnu(a,k) ( D1_transfer(a,k) D1mnu_transfer(a,k) )  D2(a,k)  D3a(a,k)  D3b(a,k)  (source terms)  (Output for k = 0.0001 h/Mpc)
          0.002          1.00005       0.0441566       0.0441566        0.404946             nan     -0.00083563    -2.86989e-05     2.04992e-05               1        0.999967               1               1 
     0.00207064          1.00005       0.0457129       0.0457129        0.404946             nan    -0.000895444    -3.18283e-05     2.27345e-05               1        0.999965               1               1 
     0.00214378          1.00006       0.0473176       0.0473176        0.404946             nan    -0.000959052    -3.52614e-05     2.51867e-05               1        0.999963               1               1 
      0.0022195          1.00006       0.0489726       0.0489726        0.404946             nan     -0.00102674    -3.90327e-05     2.78804e-05               1        0.999961               1               1 
      0.0022979          1.00006       0.0506801       0.0506801        0.404946             nan     -0.00109884    -4.31813e-05     3.08436e-05               1        0.999959               1               1 
     0.00237907          1.00007       0.0524421       0.0524421        0.404946             nan     -0.00117566    -4.77499e-05     3.41066e-05               1        0.999957               1               1 
      0.0024631          1.00007       0.0542609       0.0542609        0.404946             nan     -0.00125759     -5.2786e-05     3.77032e-05               1        0.999955               1               1 
      0.0025501          1.00007       0.0561387       0.0561387        0.404946             nan     -0.00134499     -5.8342e-05     4.16709e-05               1        0.999952               1               1 
     0.00264018          1.00008       0.0580779       0.0580779        0.404946             nan     -0.00143828    -6.44761e-05      4.6051e-05               1        0.999949               1               1 
     0.00273343          1.00008       0.0600807       0.0600807        0.404946             nan     -0.00153789    -7.12524e-05     5.08892e-05               1        0.999947               1               1 
     0.00282998          1.00009       0.0621498       0.0621498        0.404946             nan      -0.0016443    -7.87424e-05     5.62362e-05               1        0.999944               1               1 
     0.00292994          1.00009       0.0642875       0.0642875        0.404946             nan       -0.001758    -8.70247e-05      6.2148e-05               1        0.999941               1               1 
     0.00303343           1.0001       0.0664967       0.0664967        0.404946             nan     -0.00187953    -9.61867e-05     6.86869e-05               1        0.999937               1               1 
     0.00314058           1.0001       0.0687799       0.0687799        0.404946             nan     -0.00200946    -0.000106325     7.59216e-05               1        0.999934               1               1 
     0.00325151          1.00011         0.07114         0.07114        0.404946             nan     -0.00214841    -0.000117547     8.39283e-05               1         0.99993               1               1 
     0.00336636          1.00011       0.0735799       0.0735799        0.404946             nan     -0.00229703    -0.000129971     9.27914e-05               1        0.999926               1               1 
     0.00348527          1.00012       0.0761026       0.0761026        0.404946             nan     -0.00245602    -0.000143729     0.000102604               1        0.999922               1               1 
     0.00360837          1.00013        0.078711        0.078711        0.404946             nan     -0.00262614    -0.000158966     0.000113471               1        0.999918               1               1 
     0.00373583          1.00013       0.0814086       0.0814086        0.404946             nan     -0.00280818    -0.000175844     0.000125505               1        0.999914               1               1 
     0.00386778          1.00014       0.0841984       0.0841984        0.404946             nan     -0.00300302    -0.000194541     0.000138835               1        0.999909               1               1 
      0.0040044          1.00015        0.087084        0.087084        0.404946             nan     -0.00321157    -0.000215256     0.000153602               1        0.999904               1               1 
     0.00414584          1.00016       0.0900688       0.0900688        0.404946             nan     -0.00343481    -0.000238207     0.000169961               1        0.999899               1               1 
     0.00429228          1.00016       0.0931566       0.0931566        0.404946             nan     -0.00367382     -0.00026364     0.000188085               1        0.999893               1               1 
     0.00444389          1.00017       0.0963509       0.0963509        0.404946             nan     -0.00392972    -0.000291822     0.000208168               1        0.999887               1               1 
     0.00460086          1.00018       0.0996558       0.0996558        0.404946             nan     -0.00420371    -0.000323053      0.00023042               1        0.999881               1               1 
     0.00476337          1.00019        0.103075        0.103075        0.404946             nan     -0.00449712    -0.000357664     0.000255078               1        0.999875               1               1 
     0.00493162           1.0002        0.106613        0.106613        0.404946             nan     -0.00481132    -0.000396022     0.000282403               1        0.999868               1               1 
     0.00510582          1.00021        0.110274        0.110274        0.404946             nan      -0.0051478    -0.000438535     0.000312685               1        0.999861               1               1 
     0.00528616          1.00023        0.114063        0.114063        0.404946             nan     -0.00550817    -0.000485652     0.000346245               1        0.999853               1               1 
     0.00547288          1.00024        0.117983        0.117983        0.404946             nan     -0.00589413    -0.000537875     0.000383439               1        0.999845               1               1 
     0.00566619          1.00025        0.122041        0.122041        0.404946             nan     -0.00630753    -0.000595757     0.000424661               1        0.999837               1               1 
     0.00586633          1.00026         0.12624         0.12624        0.404946             nan     -0.00675031    -0.000659913     0.000470349               1        0.999828               1               1 
     0.00607354          1.00028        0.130585        0.130585        0.404946             nan      -0.0072246    -0.000731024     0.000520989               1        0.999818               1               1 
     0.00628807          1.00029        0.135083        0.135083        0.404946             nan     -0.00773264    -0.000809846     0.000577117               1        0.999808               1               1 
     0.00651018          1.00031        0.139739        0.139739        0.404946             nan     -0.00827684    -0.000897215     0.000639332               1        0.999798               1               1 
     0.00674013          1.00032        0.144557        0.144557        0.404946             nan     -0.00885981    -0.000994059     0.000708293               1        0.999787               1               1 
      0.0069782          1.00034        0.149544        0.149544        0.404946             nan      -0.0094843     -0.00110141     0.000784734               1        0.999776               1               1 
     0.00722469          1.00036        0.154707        0.154707        0.404946             nan      -0.0101533      -0.0012204     0.000869469               1        0.999764               1               1 
     0.00747987          1.00038        0.160051        0.160051        0.404946             nan        -0.01087     -0.00135231       0.0009634               1        0.999751               1               1 
     0.00774408           1.0004        0.165582        0.165582        0.404946             nan      -0.0116378     -0.00149854      0.00106753               1        0.999737               1               1 
     0.00801761          1.00042        0.171308        0.171308        0.404946             nan      -0.0124603     -0.00166063      0.00118296               1        0.999723               1               1 
     0.00830081          1.00044        0.177235        0.177235        0.404946             nan      -0.0133416     -0.00184032      0.00131092               1        0.999708               1               1 
     0.00859401          1.00047         0.18337         0.18337        0.404946             nan      -0.0142857     -0.00203952      0.00145278               1        0.999693               1               1 
     0.00889757          1.00049        0.189722        0.189722        0.404946             nan      -0.0152972     -0.00226035      0.00161006               1        0.999676               1               1 
     0.00921184          1.00052        0.196297        0.196297        0.404946             nan      -0.0163809     -0.00250516      0.00178442               1        0.999659               1               1 
     0.00953722          1.00055        0.203104        0.203104        0.404946             nan       -0.017542     -0.00277657      0.00197773               1         0.99964               1               1 
      0.0098741          1.00058         0.21015         0.21015        0.404946             nan       -0.018786     -0.00307747      0.00219206               1        0.999621               1               1 
      0.0102229          1.00061        0.217445        0.217445        0.404946             nan      -0.0201189     -0.00341106      0.00242969               1        0.999601               1               1 
       0.010584          1.00064        0.224996        0.224996        0.404946             nan       -0.021547     -0.00378092      0.00269317               1        0.999579               1               1 
      0.0109578          1.00067        0.232814        0.232814        0.404946             nan      -0.0230771     -0.00419098       0.0029853               1        0.999557               1               1 
      0.0113449          1.00071        0.240908        0.240908        0.404946             nan      -0.0247165     -0.00464562      0.00330922               1        0.999533               1               1 
      0.0117456          1.00075        0.249287        0.249287        0.404946             nan      -0.0264732     -0.00514971      0.00366838               1        0.999508               1               1 
      0.0121604          1.00079        0.257962        0.257962        0.404946             nan      -0.0283554     -0.00570863      0.00406664               1        0.999482               1               1 
        0.01259          1.00083        0.266943        0.266943        0.404946             nan      -0.0303722     -0.00632836      0.00450826               1        0.999454               1               1 
      0.0130347          1.00087        0.276241        0.276241        0.404946             nan      -0.0325333     -0.00701553      0.00499796               1        0.999425               1               1 
      0.0134951          1.00092        0.285867        0.285867        0.404946             nan      -0.0348488     -0.00777749        0.005541               1        0.999394               1               1 
      0.0139718          1.00097        0.295832        0.295832        0.404946             nan        -0.03733      -0.0086224       0.0061432               1        0.999362               1               1 
      0.0144653          1.00102         0.30615         0.30615        0.404946             nan      -0.0399888     -0.00955931      0.00681102               1        0.999328               1               1 
      0.0149762          1.00108        0.316832        0.316832        0.404946             nan      -0.0428377      -0.0105983      0.00755162               1        0.999292               1               1 
      0.0155052          1.00113        0.327891        0.327891        0.404946             nan      -0.0458906      -0.0117504      0.00837295               1        0.999254               1               1 
      0.0160529           1.0012        0.339342        0.339342        0.404946             nan      -0.0491619       -0.013028      0.00928383               1        0.999215               1               1 
      0.0166199          1.00126        0.351196        0.351196        0.404946             nan      -0.0526674      -0.0144449        0.010294               1        0.999173               1               1 
      0.0172069          1.00133        0.363469        0.363469        0.404946             nan      -0.0564238      -0.0160163       0.0114145               1        0.999129               1               1 
      0.0178147           1.0014        0.376177        0.376177        0.404946             nan      -0.0604493       -0.017759       0.0126571               1        0.999083               1               1 
       0.018444          1.00147        0.389333        0.389333        0.404946             nan       -0.064763      -0.0196917       0.0140354               1        0.999034               1               1 
      0.0190954          1.00155        0.402954        0.402954        0.404946             nan      -0.0693856      -0.0218353        0.015564               1        0.998983               1               1 
      0.0197699          1.00163        0.417057        0.417057         0.40851             nan      -0.0743393      -0.0242127       0.0172596               1         0.99893               1               1 
      0.0204682          1.00172        0.431658        0.431658         0.42342             nan       -0.079648      -0.0268495       0.0191403               1        0.998873               1               1 
      0.0211912          1.00181        0.446776        0.446776        0.438575             nan       -0.085337      -0.0297742       0.0212265               1        0.998814               1               1 
      0.0219397          1.00191        0.462429        0.462429          0.4544             nan      -0.0914336      -0.0330182       0.0235405               1        0.998751               1               1 
      0.0227147          1.00201        0.478635        0.478635        0.470897             nan      -0.0979672      -0.0366164       0.0261073               1        0.998685               1               1 
       0.023517          1.00212        0.495414        0.495414        0.487965             nan       -0.104969      -0.0406076       0.0289546               1        0.998616               1               1 
      0.0243477          1.00223        0.512787        0.512787        0.505602             nan       -0.112473      -0.0450349       0.0321132               1        0.998544               1               1 
      0.0252077          1.00235        0.530775        0.530775        0.523858             nan       -0.120515      -0.0499459       0.0356172               1        0.998467               1               1 
       0.026098          1.00247        0.549399        0.549399        0.542768             nan       -0.129133      -0.0553938       0.0395042               1        0.998387               1               1 
      0.0270199           1.0026        0.568682        0.568682        0.562352             nan        -0.13837      -0.0614372       0.0438165               1        0.998303               1               1 
      0.0279743          1.00274        0.588648        0.588648        0.582625             nan       -0.148269      -0.0681414       0.0486005               1        0.998215               1               1 
      0.0289624          1.00289        0.609321        0.609321        0.603615             nan       -0.158878       -0.075579       0.0539079               1        0.998122               1               1 
      0.0299854          1.00304        0.630725        0.630725        0.625346             nan       -0.170248      -0.0838302       0.0597963               1        0.998024               1               1 
      0.0310445           1.0032        0.652888        0.652888        0.647847             nan       -0.182434      -0.0929843       0.0663292               1        0.997921               1               1 
      0.0321411          1.00337        0.675836        0.675836        0.671143             nan       -0.195494        -0.10314       0.0735775               1        0.997814               1               1 
      0.0332763          1.00355        0.699596        0.699596        0.695261             nan       -0.209492       -0.114408       0.0816195               1        0.997701               1               1 
      0.0344517          1.00373        0.724199        0.724199        0.720234             nan       -0.224495        -0.12691       0.0905425               1        0.997582               1               1 
      0.0356686          1.00393        0.749673        0.749673        0.746087             nan       -0.240574       -0.140781        0.100443               1        0.997458               1               1 
      0.0369285          1.00414         0.77605         0.77605        0.772856             nan       -0.257809       -0.156172        0.111429               1        0.997327               1               1 
      0.0382329          1.00436        0.803362        0.803362        0.800568             nan        -0.27628       -0.173249        0.123619               1         0.99719               1               1 
      0.0395833          1.00459        0.831642        0.831642        0.829261             nan       -0.296079       -0.192198        0.137145               1        0.997047               1               1 
      0.0409815          1.00483        0.860925        0.860925        0.858967             nan       -0.317299       -0.213224        0.152154               1        0.996897               1               1 
       0.042429          1.00508        0.891247        0.891247        0.889722             nan       -0.340044       -0.236557         0.16881               1        0.996739               1               1 
      0.0439277          1.00535        0.922645        0.922645        0.921567             nan       -0.364423       -0.262449        0.187294               1        0.996574               1               1 
      0.0454793          1.00563        0.955156        0.955156        0.954532             nan       -0.390554       -0.291181        0.207806               1        0.996401               1               1 
      0.0470857          1.00593        0.988822        0.988822        0.988667             nan       -0.418563       -0.323068        0.230569               1         0.99622               1               1 
      0.0487489          1.00624         1.02368         1.02368         1.02401             nan       -0.448586       -0.358454        0.255832               1         0.99603               1               1 
      0.0504708          1.00657         1.05978         1.05978          1.0606             nan       -0.480766       -0.397727        0.283869               1        0.995832               1               1 
      0.0522535          1.00691         1.09716         1.09716         1.09847             nan       -0.515261       -0.441313        0.314986               1        0.995625               1               1 
      0.0540992          1.00727         1.13587         1.13587         1.13768             nan       -0.552236       -0.489688        0.349523               1        0.995408               1               1 
      0.0560101          1.00765         1.17596         1.17596         1.17828             nan       -0.591871       -0.543379        0.387855               1        0.995182               1               1 
      0.0579885          1.00805         1.21746         1.21746         1.22032             nan       -0.634357       -0.602974        0.430402               1        0.994945               1               1 
      0.0600367          1.00847         1.26045         1.26045         1.26384             nan         -0.6799       -0.669121        0.477627               1        0.994699               1               1 
      0.0621573          1.00891         1.30496         1.30496         1.30889             nan        -0.72872       -0.742545        0.530048               1        0.994441               1               1 
      0.0643528          1.00937         1.35106         1.35106         1.35554             nan       -0.781054       -0.824048        0.588236               1        0.994173               1               1 
      0.0666259          1.00986          1.3988          1.3988         1.40383             nan       -0.837155       -0.914522         0.65283               1        0.993893               1               1 
      0.0689792          1.01037         1.44824         1.44824         1.45382             nan       -0.897295        -1.01496        0.724534               1        0.993602               1               1 
      0.0714157           1.0109         1.49944         1.49944         1.50557             nan       -0.961765        -1.12646        0.804136               1        0.993299               1               1 
      0.0739383          1.01146         1.55246         1.55246         1.55915             nan        -1.03088        -1.25024        0.892507               1        0.992983               1               1 
      0.0765499          1.01205         1.60737         1.60737         1.61462             nan        -1.10497        -1.38766        0.990617               1        0.992656               1               1 
      0.0792538          1.01267         1.66424         1.66424         1.67204             nan         -1.1844        -1.54024         1.09954               1        0.992316               1               1 
      0.0820532          1.01332         1.72314         1.72314          1.7315             nan        -1.26955        -1.70964         1.22048               1        0.991963               1               1 
      0.0849514            1.014         1.78414         1.78414         1.79304             nan        -1.36084        -1.89773         1.35476               1        0.991597               1               1 
      0.0879521          1.01471         1.84731         1.84731         1.85676             nan        -1.45872        -2.10658         1.50385               1        0.991218               1               1 
      0.0910587          1.01546         1.91274         1.91274         1.92272             nan        -1.56364        -2.33849          1.6694               1        0.990827               1               1 
      0.0942751          1.01624         1.98051         1.98051         1.99099             nan        -1.67613        -2.59601         1.85323               1        0.990422               1               1 
       0.097605          1.01706         2.05069         2.05069         2.06167             nan        -1.79674        -2.88198         2.05736               1        0.990005               1               1 
       0.101053          1.01791         2.12339         2.12339         2.13483             nan        -1.92604        -3.19955         2.28405               1        0.989574               1               1 
       0.104622          1.01881         2.19868         2.19868         2.21057             nan        -2.06467        -3.55224         2.53579               1        0.989131               1               1 
       0.108317          1.01975         2.27667         2.27667         2.28897             nan        -2.21331        -3.94393         2.81537               1        0.988676               1               1 
       0.112143          1.02073         2.35744         2.35744         2.37012             nan        -2.37266        -4.37895         3.12586               1        0.988209               1               1 
       0.116105          1.02176          2.4411          2.4411         2.45412             nan        -2.54352        -4.86212          3.4707               1        0.987731               1               1 
       0.120206          1.02283         2.52776         2.52776         2.54106             nan        -2.72671        -5.39877         3.85371               1        0.987242               1               1 
       0.124451          1.02395         2.61751         2.61751         2.63105             nan        -2.92312        -5.99486         4.27911               1        0.986743               1               1 
       0.128847          1.02512         2.71048         2.71048         2.72419             nan         -3.1337        -6.65697         4.75161               1        0.986235               1               1 
       0.133398          1.02633         2.80678         2.80678         2.82059             nan        -3.35949        -7.39244         5.27644               1        0.985719               1               1 
        0.13811          1.02761         2.90652         2.90652         2.92034             nan        -3.60157        -8.20942         5.85941               1        0.985197               1               1 
       0.142989          1.02893         3.00983         3.00983         3.02358             nan        -3.86112        -9.11696         6.50696               1        0.984669               1               1 
       0.148039          1.03031         3.11684         3.11684         3.13042             nan         -4.1394        -10.1251         7.22626               1        0.984137               1               1 
       0.153268          1.03174         3.22767         3.22767         3.24097             nan        -4.43776         -11.245         8.02527               1        0.983603               1               1 
       0.158682          1.03323         3.34247         3.34247         3.35537             nan        -4.75764        -12.4892         8.91283               1        0.983069               1               1 
       0.164287          1.03478         3.46137         3.46137         3.47372             nan        -5.10059        -13.8712         9.89875               1        0.982537               1               1 
        0.17009          1.03638         3.58452         3.58452         3.59618             nan        -5.46827        -15.4066         10.9939               1        0.982009               1               1 
       0.176098          1.03805         3.71206         3.71206         3.72284             nan        -5.86243        -17.1121         12.2104               1        0.981488               1               1 
       0.182318          1.03977         3.84414         3.84414         3.85388             nan        -6.28499        -19.0066         13.5616               1        0.980977               1               1 
       0.188758          1.04156         3.98093         3.98093         3.98941             nan        -6.73795        -21.1111         15.0625               1        0.980479               1               1 
       0.195425           1.0434         4.12258         4.12258         4.12957             nan        -7.22348        -23.4486         16.7294               1        0.979997               1               1 
       0.202328          1.04531         4.26925         4.26925         4.27452             nan        -7.74389        -26.0448         18.5806               1        0.979534               1               1 
       0.209474          1.04727         4.42112         4.42112         4.42437             nan        -8.30165        -28.9282         20.6365               1        0.979094               1               1 
       0.216873          1.04929         4.57834         4.57834         4.57931             nan        -8.89937        -32.1301         22.9193               1         0.97868               1               1 
       0.224534          1.05137          4.7411          4.7411         4.73944             nan        -9.53986        -35.6854         25.4538               1        0.978297               1               1 
       0.232464          1.05351         4.90957         4.90957         4.90494             nan        -10.2261        -39.6325         28.2674               1        0.977949               1               1 
       0.240676          1.05569         5.08393         5.08393         5.07594             nan        -10.9612        -44.0139         31.3903               1        0.977638               1               1 
       0.249177          1.05793         5.26435         5.26435         5.25259             nan        -11.7486        -48.8765         34.8558               1         0.97737               1               1 
       0.257978          1.06022         5.45101         5.45101         5.43504             nan        -12.5918        -54.2718         38.7007               1        0.977148               1               1 
        0.26709          1.06255         5.64409         5.64409          5.6234             nan        -13.4947        -60.2569         42.9655               1        0.976976               1               1 
       0.276524          1.06492         5.84377         5.84377         5.81786             nan         -14.461        -66.8941         47.6945               1        0.976857               1               1 
       0.286292          1.06732         6.05022         6.05022         6.01851             nan        -15.4952         -74.252         52.9365               1        0.976795               1               1 
       0.296404          1.06975          6.2636          6.2636          6.2255             nan        -16.6015        -82.4059          58.745               1        0.976792               1               1 
       0.306874          1.07221         6.48408         6.48408         6.43892             nan        -17.7846        -91.4377         65.1783               1        0.976852               1               1 
       0.317713          1.07468         6.71182         6.71182         6.65891             nan        -19.0494        -101.437         72.3002               1        0.976975               1               1 
       0.328935          1.07717         6.94695         6.94695         6.88556             nan        -20.4008        -112.502         80.1799               1        0.977164               1               1 
       0.340554          1.07966          7.1896          7.1896         7.11893             nan         -21.844        -124.737         88.8927               1        0.977419               1               1 
       0.352583          1.08214          7.4399          7.4399         7.35913             nan        -23.3846        -138.258         98.5199               1         0.97774               1               1 
       0.365037          1.08461         7.69794         7.69794         7.60615             nan        -25.0279        -153.188         109.149               1        0.978126               1               1 
        0.37793          1.08706         7.96379         7.96379         7.86009             nan        -26.7797         -169.66         120.875               1        0.978575               1               1 
        0.39128          1.08948         8.23752         8.23752          8.1209             nan        -28.6456        -187.814         133.797               1        0.979086               1               1 
         0.4051          1.09186         8.51914         8.51914         8.38859             nan        -30.6314        -207.802         148.024               1        0.979654               1               1 
       0.419409           1.0942         8.80865         8.80865         8.66308             nan        -32.7429        -229.783         163.668               1        0.980276               1               1 
       0.434224          1.09647           9.106           9.106         8.94427             nan        -34.9856        -253.926         180.849               1        0.980946               1               1 
       0.449561          1.09869         9.41111         9.41111          9.2321             nan        -37.3651        -280.405         199.691               1        0.981659               1               1 
        0.46544          1.10082         9.72386         9.72386         9.52638             nan        -39.8864        -309.401         220.323               1        0.982409               1               1 
       0.481881          1.10288         10.0441         10.0441         9.82692             nan        -42.5546        -341.102         242.878               1         0.98319               1               1 
       0.498902          1.10485         10.3715         10.3715         10.1334             nan        -45.3739        -375.698          267.49               1        0.983993               1               1 
       0.516524          1.10673          10.706          10.706         10.4457             nan        -48.3483        -413.378         294.296               1        0.984812               1               1 
       0.534768          1.10851          11.047          11.047         10.7633             nan        -51.4809        -454.333         323.429               1        0.985641               1               1 
       0.553657          1.11019         11.3943         11.3943         11.0858             nan        -54.7741        -498.746         355.022               1        0.986471               1               1 
       0.573214          1.11177         11.7474         11.7474         11.4129             nan        -58.2294        -546.796           389.2               1        0.987297               1               1 
        0.59346          1.11324         12.1058         12.1058          11.744             nan        -61.8473        -598.647         426.081               1        0.988112               1               1 
       0.614423           1.1146         12.4688         12.4688         12.0787             nan        -65.6269        -654.451         465.772               1         0.98891               1               1 
       0.636125          1.11586          12.836          12.836         12.4163             nan        -69.5665        -714.338         508.367               1        0.989686               1               1 
       0.658594          1.11701         13.2066         13.2066         12.7562             nan        -73.6628        -778.416         553.942               1        0.990437               1               1 
       0.681857          1.11806         13.5799         13.5799         13.0977             nan        -77.9112        -846.766         602.557               1        0.991157               1               1 
       0.705941          1.11901         13.9551         13.9551         13.4401             nan        -82.3056        -919.439         654.245               1        0.991844               1               1 
       0.730877          1.11986         14.3314         14.3314         13.7827             nan        -86.8388        -996.449         709.019               1        0.992497               1               1 
       0.756693          1.12063          14.708          14.708         14.1248             nan         -91.502        -1077.78         766.865               1        0.993113               1               1 
        0.78342          1.12132          15.084          15.084         14.4657             nan         -96.285        -1163.36         827.739               1        0.993691               1               1 
       0.811092          1.12192         15.4586         15.4586         14.8046             nan        -101.177        -1253.09         891.571               1        0.994233               1               1 
       0.839741          1.12246          15.831          15.831         15.1406             nan        -106.164        -1346.84         958.259               1        0.994737               1               1 
       0.869403          1.12293         16.2002         16.2002         15.4729             nan        -111.234        -1444.42         1027.68               1        0.995205               1               1 
       0.900112          1.12333         16.5655         16.5655         15.8011             nan        -116.373        -1545.61         1099.66               1        0.995637               1               1 
       0.931905          1.12369         16.9261         16.9261         16.1252             nan        -121.566        -1650.15         1174.04               1        0.996036               1               1 
       0.964822            1.124         17.2811         17.2811          16.444             nan        -126.797        -1757.75          1250.6               1        0.996402               1               1 
       0.998901          1.12426           17.63           17.63         16.7548             nan        -132.051        -1868.09         1329.11               1        0.996738               1               1 
        1.03418          1.12449          17.972          17.972         16.7644             nan        -137.312        -1980.83         1409.34               1        0.997045               1               1 
        1.07071          1.12468         18.3065         18.3065         16.7644             nan        -142.565         -2095.6         1491.01               1        0.997326               1               1 
        1.10853          1.12484         18.6331         18.6331         16.7644             nan        -147.796        -2212.01         1573.87               1        0.997581               1               1 
        1.14769          1.12498         18.9512         18.9512         16.7644             nan        -152.989        -2329.69         1657.63               1        0.997813               1               1 
        1.18823           1.1251         19.2604         19.2604         16.7644             nan        -158.132        -2448.25         1742.02               1        0.998024               1               1 
         1.2302           1.1252         19.5604         19.5604         16.7644             nan         -163.21        -2567.28         1826.77               1        0.998215               1               1 
        1.27365          1.12528          19.851          19.851         16.7644             nan        -168.213        -2686.42         1911.59               1        0.998389               1               1 
        1.31864          1.12535         20.1319         20.1319         16.7644             nan        -173.128        -2805.28         1996.22               1        0.998546               1               1 
        1.36521          1.12541          20.403          20.403         16.7644             nan        -177.947        -2923.51         2080.42               1        0.998688               1               1 
        1.41344          1.12546         20.6641         20.6641         16.7644             nan         -182.66        -3040.78         2163.93               1        0.998816               1               1 
        1.46336           1.1255         20.9153         20.9153         16.7644             nan        -187.259        -3156.76         2246.54               1        0.998932               1               1 
        1.51505          1.12553         21.1566         21.1566         16.7644             nan        -191.737        -3271.16         2328.03               1        0.999037               1               1 
        1.56856          1.12556          21.388          21.388         16.7644             nan         -196.09        -3383.71          2408.2               1        0.999132               1               1 
        1.62397          1.12558         21.6096         21.6096         16.7644             nan        -200.312        -3494.17          2486.9               1        0.999217               1               1 
        1.68133           1.1256         21.8216         21.8216         16.7644             nan        -204.399        -3602.31         2563.96               1        0.999294               1               1 
        1.74072          1.12561         22.0241         22.0241         16.7644             nan         -208.35        -3707.96         2639.24               1        0.999364               1               1 
         1.8022          1.12563         22.2174         22.2174         16.7644             nan        -212.162        -3810.93         2712.63               1        0.999427               1               1 
        1.86586          1.12564         22.4016         22.4016         16.7644             nan        -215.834        -3911.11         2784.02               1        0.999483               1               1 
        1.93177          1.12565          22.577          22.577         16.7644             nan        -219.366        -4008.36         2853.34               1        0.999534               1               1 
              2          1.12565         22.5779         22.5779         16.7644             nan        -219.384        -4008.84         2853.68               1         0.99958               1               1 
