    0.10000E-03    0.39805E+03
    0.10202E-03    0.40581E+03
    0.10408E-03    0.41371E+03
    0.10618E-03    0.42177E+03
    0.10833E-03    0.42998E+03
    0.11052E-03    0.43836E+03
    0.11275E-03    0.44689E+03
    0.11503E-03    0.45560E+03
    0.11735E-03    0.46447E+03
    0.11972E-03    0.47351E+03
    0.12214E-03    0.48274E+03
    0.12461E-03    0.49214E+03
    0.12712E-03    0.50172E+03
    0.12969E-03    0.51149E+03
    0.13231E-03    0.52145E+03
    0.13499E-03    0.53160E+03
    0.13771E-03    0.54195E+03
    0.14049E-03    0.55250E+03
    0.14333E-03    0.56325E+03
    0.14623E-03    0.57422E+03
    0.14918E-03    0.58540E+03
    0.15220E-03    0.59679E+03
    0.15527E-03    0.60841E+03
    0.15841E-03    0.62025E+03
    0.16161E-03    0.63232E+03
    0.16487E-03    0.64463E+03
    0.16820E-03    0.65717E+03
    0.17160E-03    0.66996E+03
    0.17507E-03    0.68300E+03
    0.17860E-03    0.69628E+03
    0.18221E-03    0.70983E+03
    0.18589E-03    0.72364E+03
    0.18965E-03    0.73772E+03
    0.19348E-03    0.75207E+03
    0.19739E-03    0.76670E+03
    0.20138E-03    0.78161E+03
    0.20544E-03    0.79681E+03
    0.20959E-03    0.81230E+03
    0.21383E-03    0.82810E+03
    0.21815E-03    0.84420E+03
    0.22255E-03    0.86061E+03
    0.22705E-03    0.87734E+03
    0.23164E-03    0.89439E+03
    0.23632E-03    0.91177E+03
    0.24109E-03    0.92949E+03
    0.24596E-03    0.94755E+03
    0.25093E-03    0.96596E+03
    0.25600E-03    0.98472E+03
    0.26117E-03    0.10038E+04
    0.26645E-03    0.10233E+04
    0.27183E-03    0.10432E+04
    0.27732E-03    0.10635E+04
    0.28292E-03    0.10841E+04
    0.28864E-03    0.11052E+04
    0.29447E-03    0.11266E+04
    0.30042E-03    0.11485E+04
    0.30649E-03    0.11707E+04
    0.31268E-03    0.11935E+04
    0.31899E-03    0.12166E+04
    0.32544E-03    0.12402E+04
    0.33201E-03    0.12642E+04
    0.33872E-03    0.12887E+04
    0.34556E-03    0.13137E+04
    0.35254E-03    0.13392E+04
    0.35966E-03    0.13651E+04
    0.36693E-03    0.13915E+04
    0.37434E-03    0.14185E+04
    0.38190E-03    0.14459E+04
    0.38962E-03    0.14739E+04
    0.39749E-03    0.15024E+04
    0.40552E-03    0.15315E+04
    0.41371E-03    0.15611E+04
    0.42207E-03    0.15913E+04
    0.43060E-03    0.16220E+04
    0.43929E-03    0.16533E+04
    0.44817E-03    0.16853E+04
    0.45722E-03    0.17178E+04
    0.46646E-03    0.17509E+04
    0.47588E-03    0.17847E+04
    0.48550E-03    0.18191E+04
    0.49530E-03    0.18542E+04
    0.50531E-03    0.18899E+04
    0.51552E-03    0.19263E+04
    0.52593E-03    0.19634E+04
    0.53656E-03    0.20012E+04
    0.54739E-03    0.20397E+04
    0.55845E-03    0.20789E+04
    0.56973E-03    0.21189E+04
    0.58124E-03    0.21596E+04
    0.59299E-03    0.22010E+04
    0.60496E-03    0.22433E+04
    0.61719E-03    0.22863E+04
    0.62965E-03    0.23301E+04
    0.64237E-03    0.23747E+04
    0.65535E-03    0.24202E+04
    0.66859E-03    0.24665E+04
    0.68210E-03    0.25137E+04
    0.69588E-03    0.25617E+04
    0.70993E-03    0.26106E+04
    0.72427E-03    0.26604E+04
    0.73891E-03    0.27112E+04
    0.75383E-03    0.27628E+04
    0.76906E-03    0.28155E+04
    0.78460E-03    0.28690E+04
    0.80045E-03    0.29236E+04
    0.81662E-03    0.29791E+04
    0.83311E-03    0.30357E+04
    0.84994E-03    0.30932E+04
    0.86711E-03    0.31519E+04
    0.88463E-03    0.32115E+04
    0.90250E-03    0.32723E+04
    0.92073E-03    0.33341E+04
    0.93933E-03    0.33971E+04
    0.95831E-03    0.34612E+04
    0.97767E-03    0.35264E+04
    0.99742E-03    0.35928E+04
    0.10176E-02    0.36603E+04
    0.10381E-02    0.37291E+04
    0.10591E-02    0.37990E+04
    0.10805E-02    0.38702E+04
    0.11023E-02    0.39427E+04
    0.11246E-02    0.40164E+04
    0.11473E-02    0.40913E+04
    0.11705E-02    0.41676E+04
    0.11941E-02    0.42452E+04
    0.12182E-02    0.43242E+04
    0.12429E-02    0.44045E+04
    0.12680E-02    0.44862E+04
    0.12936E-02    0.45692E+04
    0.13197E-02    0.46537E+04
    0.13464E-02    0.47396E+04
    0.13736E-02    0.48270E+04
    0.14013E-02    0.49158E+04
    0.14296E-02    0.50061E+04
    0.14585E-02    0.50979E+04
    0.14880E-02    0.51912E+04
    0.15180E-02    0.52861E+04
    0.15487E-02    0.53825E+04
    0.15800E-02    0.54805E+04
    0.16119E-02    0.55801E+04
    0.16445E-02    0.56812E+04
    0.16777E-02    0.57840E+04
    0.17116E-02    0.58885E+04
    0.17462E-02    0.59946E+04
    0.17814E-02    0.61023E+04
    0.18174E-02    0.62118E+04
    0.18541E-02    0.63229E+04
    0.18916E-02    0.64358E+04
    0.19298E-02    0.65504E+04
    0.19688E-02    0.66668E+04
    0.20086E-02    0.67849E+04
    0.20491E-02    0.69047E+04
    0.20905E-02    0.70264E+04
    0.21328E-02    0.71499E+04
    0.21758E-02    0.72751E+04
    0.22198E-02    0.74022E+04
    0.22646E-02    0.75311E+04
    0.23104E-02    0.76619E+04
    0.23571E-02    0.77945E+04
    0.24047E-02    0.79289E+04
    0.24533E-02    0.80652E+04
    0.25028E-02    0.82034E+04
    0.25534E-02    0.83435E+04
    0.26050E-02    0.84854E+04
    0.26576E-02    0.86292E+04
    0.27113E-02    0.87749E+04
    0.27660E-02    0.89225E+04
    0.28219E-02    0.90720E+04
    0.28789E-02    0.92233E+04
    0.29371E-02    0.93766E+04
    0.29964E-02    0.95317E+04
    0.30569E-02    0.96886E+04
    0.31187E-02    0.98475E+04
    0.31817E-02    0.10008E+05
    0.32460E-02    0.10171E+05
    0.33115E-02    0.10335E+05
    0.33784E-02    0.10501E+05
    0.34467E-02    0.10669E+05
    0.35163E-02    0.10839E+05
    0.35874E-02    0.11011E+05
    0.36598E-02    0.11184E+05
    0.37338E-02    0.11359E+05
    0.38092E-02    0.11536E+05
    0.38861E-02    0.11715E+05
    0.39646E-02    0.11895E+05
    0.40447E-02    0.12077E+05
    0.41264E-02    0.12260E+05
    0.42098E-02    0.12445E+05
    0.42948E-02    0.12631E+05
    0.43816E-02    0.12819E+05
    0.44701E-02    0.13009E+05
    0.45604E-02    0.13199E+05
    0.46525E-02    0.13392E+05
    0.47465E-02    0.13585E+05
    0.48424E-02    0.13780E+05
    0.49402E-02    0.13975E+05
    0.50400E-02    0.14172E+05
    0.51419E-02    0.14370E+05
    0.52457E-02    0.14569E+05
    0.53517E-02    0.14769E+05
    0.54598E-02    0.14970E+05
    0.55701E-02    0.15172E+05
    0.56826E-02    0.15374E+05
    0.57974E-02    0.15577E+05
    0.59145E-02    0.15780E+05
    0.60340E-02    0.15984E+05
    0.61559E-02    0.16189E+05
    0.62803E-02    0.16393E+05
    0.64072E-02    0.16598E+05
    0.65366E-02    0.16802E+05
    0.66686E-02    0.17007E+05
    0.68033E-02    0.17211E+05
    0.69408E-02    0.17415E+05
    0.70810E-02    0.17618E+05
    0.72240E-02    0.17821E+05
    0.73700E-02    0.18023E+05
    0.75189E-02    0.18225E+05
    0.76708E-02    0.18425E+05
    0.78257E-02    0.18625E+05
    0.79838E-02    0.18823E+05
    0.81451E-02    0.19020E+05
    0.83096E-02    0.19215E+05
    0.84775E-02    0.19409E+05
    0.86488E-02    0.19601E+05
    0.88235E-02    0.19790E+05
    0.90017E-02    0.19978E+05
    0.91836E-02    0.20163E+05
    0.93691E-02    0.20345E+05
    0.95583E-02    0.20524E+05
    0.97514E-02    0.20700E+05
    0.99484E-02    0.20873E+05
    0.10149E-01    0.21043E+05
    0.10354E-01    0.21208E+05
    0.10564E-01    0.21370E+05
    0.10777E-01    0.21527E+05
    0.10995E-01    0.21680E+05
    0.11217E-01    0.21828E+05
    0.11443E-01    0.21972E+05
    0.11675E-01    0.22110E+05
    0.11910E-01    0.22243E+05
    0.12151E-01    0.22371E+05
    0.12397E-01    0.22493E+05
    0.12647E-01    0.22609E+05
    0.12902E-01    0.22719E+05
    0.13163E-01    0.22822E+05
    0.13429E-01    0.22920E+05
    0.13700E-01    0.23011E+05
    0.13977E-01    0.23095E+05
    0.14259E-01    0.23172E+05
    0.14547E-01    0.23242E+05
    0.14841E-01    0.23305E+05
    0.15141E-01    0.23360E+05
    0.15447E-01    0.23408E+05
    0.15759E-01    0.23447E+05
    0.16077E-01    0.23478E+05
    0.16402E-01    0.23500E+05
    0.16734E-01    0.23513E+05
    0.17072E-01    0.23516E+05
    0.17416E-01    0.23509E+05
    0.17768E-01    0.23492E+05
    0.18127E-01    0.23464E+05
    0.18493E-01    0.23426E+05
    0.18867E-01    0.23376E+05
    0.19248E-01    0.23315E+05
    0.19637E-01    0.23243E+05
    0.20034E-01    0.23158E+05
    0.20438E-01    0.23061E+05
    0.20851E-01    0.22951E+05
    0.21272E-01    0.22829E+05
    0.21702E-01    0.22693E+05
    0.22141E-01    0.22545E+05
    0.22588E-01    0.22385E+05
    0.23044E-01    0.22213E+05
    0.23510E-01    0.22030E+05
    0.23985E-01    0.21837E+05
    0.24469E-01    0.21634E+05
    0.24964E-01    0.21422E+05
    0.25468E-01    0.21203E+05
    0.25982E-01    0.20975E+05
    0.26507E-01    0.20741E+05
    0.27043E-01    0.20499E+05
    0.27589E-01    0.20251E+05
    0.28146E-01    0.19995E+05
    0.28715E-01    0.19731E+05
    0.29295E-01    0.19461E+05
    0.29887E-01    0.19183E+05
    0.30490E-01    0.18897E+05
    0.31106E-01    0.18604E+05
    0.31735E-01    0.18306E+05
    0.32376E-01    0.18004E+05
    0.33030E-01    0.17698E+05
    0.33697E-01    0.17390E+05
    0.34378E-01    0.17082E+05
    0.35072E-01    0.16774E+05
    0.35781E-01    0.16467E+05
    0.36504E-01    0.16162E+05
    0.37241E-01    0.15860E+05
    0.37993E-01    0.15562E+05
    0.38761E-01    0.15267E+05
    0.39544E-01    0.14977E+05
    0.40343E-01    0.14693E+05
    0.41158E-01    0.14414E+05
    0.41989E-01    0.14141E+05
    0.42838E-01    0.13875E+05
    0.43703E-01    0.13615E+05
    0.44586E-01    0.13364E+05
    0.45486E-01    0.13121E+05
    0.46405E-01    0.12887E+05
    0.47343E-01    0.12664E+05
    0.48299E-01    0.12452E+05
    0.49275E-01    0.12250E+05
    0.50270E-01    0.12058E+05
    0.51286E-01    0.11875E+05
    0.52322E-01    0.11699E+05
    0.53379E-01    0.11530E+05
    0.54457E-01    0.11367E+05
    0.55557E-01    0.11210E+05
    0.56680E-01    0.11058E+05
    0.57825E-01    0.10910E+05
    0.58993E-01    0.10765E+05
    0.60184E-01    0.10622E+05
    0.61400E-01    0.10479E+05
    0.62641E-01    0.10334E+05
    0.63906E-01    0.10187E+05
    0.65197E-01    0.10037E+05
    0.66514E-01    0.98814E+04
    0.67858E-01    0.97189E+04
    0.69229E-01    0.95474E+04
    0.70627E-01    0.93658E+04
    0.72054E-01    0.91758E+04
    0.73510E-01    0.89800E+04
    0.74994E-01    0.87802E+04
    0.76509E-01    0.85735E+04
    0.78055E-01    0.83557E+04
    0.79632E-01    0.81244E+04
    0.81241E-01    0.78834E+04
    0.82882E-01    0.76370E+04
    0.84556E-01    0.73884E+04
    0.86264E-01    0.71390E+04
    0.88007E-01    0.68898E+04
    0.89785E-01    0.66429E+04
    0.91598E-01    0.64006E+04
    0.93449E-01    0.61651E+04
    0.95337E-01    0.59393E+04
    0.97263E-01    0.57253E+04
    0.99227E-01    0.55250E+04
    0.10123E+00    0.53402E+04
    0.10328E+00    0.51721E+04
    0.10536E+00    0.50217E+04
    0.10749E+00    0.48882E+04
    0.10966E+00    0.47702E+04
    0.11188E+00    0.46658E+04
    0.11414E+00    0.45727E+04
    0.11644E+00    0.44873E+04
    0.11880E+00    0.44069E+04
    0.12120E+00    0.43284E+04
    0.12365E+00    0.42493E+04
    0.12614E+00    0.41669E+04
    0.12869E+00    0.40789E+04
    0.13129E+00    0.39832E+04
    0.13394E+00    0.38783E+04
    0.13665E+00    0.37633E+04
    0.13941E+00    0.36379E+04
    0.14223E+00    0.35041E+04
    0.14510E+00    0.33640E+04
    0.14803E+00    0.32214E+04
    0.15102E+00    0.30802E+04
    0.15407E+00    0.29440E+04
    0.15718E+00    0.28160E+04
    0.16036E+00    0.26984E+04
    0.16360E+00    0.25927E+04
    0.16690E+00    0.24997E+04
    0.17028E+00    0.24194E+04
    0.17371E+00    0.23508E+04
    0.17722E+00    0.22920E+04
    0.18080E+00    0.22399E+04
    0.18446E+00    0.21910E+04
    0.18818E+00    0.21415E+04
    0.19198E+00    0.20881E+04
    0.19586E+00    0.20286E+04
    0.19982E+00    0.19622E+04
    0.20386E+00    0.18892E+04
    0.20797E+00    0.18113E+04
    0.21218E+00    0.17313E+04
    0.21646E+00    0.16524E+04
    0.22083E+00    0.15777E+04
    0.22530E+00    0.15096E+04
    0.22985E+00    0.14495E+04
    0.23449E+00    0.13977E+04
    0.23923E+00    0.13532E+04
    0.24406E+00    0.13140E+04
    0.24899E+00    0.12775E+04
    0.25402E+00    0.12409E+04
    0.25915E+00    0.12022E+04
    0.26439E+00    0.11603E+04
    0.26973E+00    0.11151E+04
    0.27518E+00    0.10678E+04
    0.28074E+00    0.10205E+04
    0.28641E+00    0.97542E+03
    0.29219E+00    0.93434E+03
    0.29810E+00    0.89789E+03
    0.30412E+00    0.86570E+03
    0.31026E+00    0.83658E+03
    0.31653E+00    0.80891E+03
    0.32292E+00    0.78116E+03
    0.32945E+00    0.75231E+03
    0.33610E+00    0.72223E+03
    0.34289E+00    0.69173E+03
    0.34982E+00    0.66202E+03
    0.35689E+00    0.63408E+03
    0.36409E+00    0.60857E+03
    0.37145E+00    0.58545E+03
    0.37895E+00    0.56385E+03
    0.38661E+00    0.54286E+03
    0.39442E+00    0.52192E+03
    0.40239E+00    0.50078E+03
    0.41052E+00    0.47976E+03
    0.41881E+00    0.45952E+03
    0.42727E+00    0.44042E+03
    0.43590E+00    0.42227E+03
    0.44471E+00    0.40497E+03
    0.45369E+00    0.38846E+03
    0.46286E+00    0.37268E+03
    0.47221E+00    0.35755E+03
    0.48174E+00    0.34305E+03
    0.49148E+00    0.32910E+03
    0.50141E+00    0.31569E+03
    0.51153E+00    0.30276E+03
    0.52187E+00    0.29028E+03
    0.53241E+00    0.27824E+03
    0.54317E+00    0.26663E+03
    0.55414E+00    0.25545E+03
    0.56533E+00    0.24469E+03
    0.57675E+00    0.23434E+03
    0.58840E+00    0.22439E+03
    0.60029E+00    0.21484E+03
    0.61242E+00    0.20567E+03
    0.62479E+00    0.19687E+03
    0.63741E+00    0.18844E+03
    0.65029E+00    0.18035E+03
    0.66342E+00    0.17261E+03
    0.67683E+00    0.16518E+03
    0.69050E+00    0.15806E+03
    0.70445E+00    0.15123E+03
    0.71868E+00    0.14469E+03
    0.73320E+00    0.13841E+03
    0.74801E+00    0.13240E+03
    0.76312E+00    0.12663E+03
    0.77854E+00    0.12110E+03
    0.79426E+00    0.11579E+03
    0.81031E+00    0.11071E+03
    0.82668E+00    0.10584E+03
    0.84338E+00    0.10118E+03
    0.86041E+00    0.96704E+02
    0.87780E+00    0.92422E+02
    0.89553E+00    0.88321E+02
    0.91362E+00    0.84394E+02
    0.93208E+00    0.80634E+02
    0.95091E+00    0.77036E+02
    0.97011E+00    0.73591E+02
    0.98971E+00    0.70295E+02
    0.10097E+01    0.67140E+02
    0.10301E+01    0.64122E+02
    0.10509E+01    0.61234E+02
    0.10721E+01    0.58471E+02
    0.10938E+01    0.55829E+02
    0.11159E+01    0.53301E+02
    0.11384E+01    0.50883E+02
    0.11614E+01    0.48572E+02
    0.11849E+01    0.46361E+02
    0.12088E+01    0.44247E+02
    0.12333E+01    0.42226E+02
    0.12582E+01    0.40295E+02
    0.12836E+01    0.38448E+02
    0.13095E+01    0.36684E+02
    0.13360E+01    0.34997E+02
    0.13630E+01    0.33386E+02
    0.13905E+01    0.31846E+02
    0.14186E+01    0.30375E+02
    0.14472E+01    0.28970E+02
    0.14765E+01    0.27628E+02
    0.15063E+01    0.26346E+02
    0.15367E+01    0.25122E+02
    0.15678E+01    0.23953E+02
    0.15994E+01    0.22837E+02
    0.16318E+01    0.21771E+02
    0.16647E+01    0.20753E+02
    0.16984E+01    0.19782E+02
    0.17327E+01    0.18855E+02
    0.17677E+01    0.17970E+02
    0.18034E+01    0.17125E+02
    0.18398E+01    0.16319E+02
    0.18770E+01    0.15550E+02
    0.19149E+01    0.14816E+02
    0.19536E+01    0.14116E+02
    0.19930E+01    0.13449E+02
    0.20333E+01    0.12811E+02
    0.20744E+01    0.12204E+02
    0.21163E+01    0.11624E+02
    0.21590E+01    0.11071E+02
    0.22026E+01    0.10544E+02
    0.22471E+01    0.10042E+02
    0.22925E+01    0.95623E+01
    0.23388E+01    0.91054E+01
    0.23861E+01    0.86698E+01
    0.24343E+01    0.82545E+01
    0.24835E+01    0.78587E+01
    0.25336E+01    0.74814E+01
    0.25848E+01    0.71218E+01
    0.26370E+01    0.67791E+01
    0.26903E+01    0.64525E+01
    0.27447E+01    0.61414E+01
    0.28001E+01    0.58449E+01
    0.28567E+01    0.55624E+01
    0.29144E+01    0.52933E+01
    0.29733E+01    0.50369E+01
    0.30333E+01    0.47927E+01
    0.30946E+01    0.45601E+01
    0.31571E+01    0.43385E+01
    0.32209E+01    0.41275E+01
    0.32860E+01    0.39265E+01
    0.33523E+01    0.37352E+01
    0.34201E+01    0.35529E+01
    0.34892E+01    0.33794E+01
    0.35596E+01    0.32143E+01
    0.36316E+01    0.30570E+01
    0.37049E+01    0.29073E+01
    0.37798E+01    0.27647E+01
    0.38561E+01    0.26291E+01
    0.39340E+01    0.24999E+01
    0.40135E+01    0.23770E+01
    0.40946E+01    0.22601E+01
    0.41773E+01    0.21488E+01
    0.42617E+01    0.20428E+01
    0.43478E+01    0.19420E+01
    0.44356E+01    0.18461E+01
    0.45252E+01    0.17549E+01
    0.46166E+01    0.16681E+01
    0.47099E+01    0.15855E+01
    0.48050E+01    0.15069E+01
    0.49021E+01    0.14322E+01
    0.50011E+01    0.13611E+01
    0.51021E+01    0.12935E+01
    0.52052E+01    0.12291E+01
    0.53104E+01    0.11680E+01
    0.54176E+01    0.11098E+01
    0.55271E+01    0.10545E+01
    0.56387E+01    0.10019E+01
    0.57526E+01    0.95187E+00
    0.58689E+01    0.90431E+00
    0.59874E+01    0.85909E+00
    0.61084E+01    0.81610E+00
    0.62318E+01    0.77523E+00
    0.63577E+01    0.73638E+00
    0.64861E+01    0.69944E+00
    0.66171E+01    0.66434E+00
    0.67508E+01    0.63097E+00
    0.68872E+01    0.59925E+00
    0.70263E+01    0.56910E+00
    0.71682E+01    0.54045E+00
    0.73130E+01    0.51323E+00
    0.74608E+01    0.48735E+00
    0.76115E+01    0.46277E+00
    0.77653E+01    0.43941E+00
    0.79221E+01    0.41721E+00
    0.80822E+01    0.39612E+00
    0.82454E+01    0.37608E+00
    0.84120E+01    0.35704E+00
    0.85819E+01    0.33895E+00
    0.87553E+01    0.32177E+00
    0.89322E+01    0.30545E+00
    0.91126E+01    0.28994E+00
    0.92967E+01    0.27522E+00
    0.94845E+01    0.26123E+00
    0.96761E+01    0.24794E+00
    0.98716E+01    0.23533E+00
    0.10071E+02    0.22334E+00
    0.10274E+02    0.21196E+00
    0.10482E+02    0.20115E+00
    0.10694E+02    0.19089E+00
    0.10910E+02    0.18115E+00
    0.11130E+02    0.17189E+00
    0.11355E+02    0.16311E+00
    0.11584E+02    0.15476E+00
    0.11818E+02    0.14684E+00
    0.12057E+02    0.13932E+00
    0.12301E+02    0.13219E+00
    0.12549E+02    0.12541E+00
    0.12803E+02    0.11898E+00
    0.13061E+02    0.11287E+00
    0.13325E+02    0.10707E+00
    0.13594E+02    0.10157E+00
    0.13869E+02    0.96349E-01
    0.14149E+02    0.91392E-01
    0.14435E+02    0.86688E-01
    0.14727E+02    0.82223E-01
    0.15024E+02    0.77986E-01
    0.15328E+02    0.73965E-01
    0.15637E+02    0.70149E-01
    0.15953E+02    0.66529E-01
    0.16275E+02    0.63093E-01
    0.16604E+02    0.59833E-01
    0.16940E+02    0.56739E-01
    0.17282E+02    0.53804E-01
    0.17631E+02    0.51020E-01
    0.17987E+02    0.48378E-01
    0.18351E+02    0.45871E-01
    0.18721E+02    0.43494E-01
    0.19099E+02    0.41238E-01
    0.19485E+02    0.39098E-01
    0.19879E+02    0.37068E-01
    0.20280E+02    0.35143E-01
    0.20690E+02    0.33316E-01
    0.21108E+02    0.31584E-01
    0.21535E+02    0.29941E-01
    0.21970E+02    0.28382E-01
    0.22413E+02    0.26904E-01
    0.22866E+02    0.25502E-01
    0.23328E+02    0.24173E-01
    0.23799E+02    0.22912E-01
    0.24280E+02    0.21716E-01
    0.24771E+02    0.20583E-01
    0.25271E+02    0.19508E-01
    0.25782E+02    0.18488E-01
    0.26302E+02    0.17521E-01
    0.26834E+02    0.16605E-01
    0.27376E+02    0.15736E-01
    0.27929E+02    0.14912E-01
    0.28493E+02    0.14131E-01
    0.29069E+02    0.13390E-01
    0.29656E+02    0.12688E-01
    0.30255E+02    0.12022E-01
    0.30866E+02    0.11391E-01
    0.31490E+02    0.10793E-01
    0.32126E+02    0.10226E-01
    0.32775E+02    0.96881E-02
    0.33437E+02    0.91786E-02
    0.34112E+02    0.86956E-02
    0.34801E+02    0.82378E-02
    0.35504E+02    0.78039E-02
    0.36222E+02    0.73926E-02
    0.36953E+02    0.70028E-02
    0.37700E+02    0.66334E-02
    0.38462E+02    0.62833E-02
    0.39239E+02    0.59515E-02
    0.40031E+02    0.56370E-02
    0.40840E+02    0.53390E-02
    0.41665E+02    0.50567E-02
    0.42507E+02    0.47891E-02
    0.43365E+02    0.45356E-02
    0.44241E+02    0.42953E-02
    0.45135E+02    0.40677E-02
    0.46047E+02    0.38520E-02
    0.46977E+02    0.36476E-02
    0.47926E+02    0.34540E-02
    0.48894E+02    0.32706E-02
    0.49882E+02    0.30968E-02
    0.50890E+02    0.29321E-02
    0.51918E+02    0.27761E-02
    0.52966E+02    0.26284E-02
    0.54036E+02    0.24884E-02
    0.55128E+02    0.23558E-02
    0.56242E+02    0.22302E-02
    0.57378E+02    0.21112E-02
    0.58537E+02    0.19985E-02
    0.59720E+02    0.18917E-02
    0.60926E+02    0.17906E-02
    0.62157E+02    0.16948E-02
    0.63412E+02    0.16041E-02
    0.64693E+02    0.15182E-02
    0.66000E+02    0.14369E-02
    0.67334E+02    0.13598E-02
    0.68694E+02    0.12868E-02
    0.70082E+02    0.12177E-02
    0.71497E+02    0.11523E-02
    0.72942E+02    0.10903E-02
    0.74415E+02    0.10317E-02
    0.75918E+02    0.97614E-03
    0.77452E+02    0.92355E-03
    0.79017E+02    0.87376E-03
    0.80613E+02    0.82662E-03
    0.82241E+02    0.78198E-03
    0.83903E+02    0.73972E-03
    0.85598E+02    0.69970E-03
    0.87327E+02    0.66181E-03
    0.89091E+02    0.62593E-03
    0.90891E+02    0.59196E-03
    0.92727E+02    0.55980E-03
    0.94600E+02    0.52935E-03
    0.96511E+02    0.50051E-03
    0.98461E+02    0.47323E-03
    0.10045E+03    0.44740E-03
    0.10248E+03    0.42297E-03
    0.10455E+03    0.39985E-03
    0.10666E+03    0.37798E-03
    0.10882E+03    0.35731E-03
    0.11101E+03    0.33775E-03
    0.11326E+03    0.31927E-03
