#          k/h    CDM            baryon         photon         nu             mass_nu        total          no_nu          total_de       Weyl           v_CDM          v_b            v_b-v_c     
   0.105184E-04   0.134446E+08   0.134446E+08   0.179203E+08   0.179200E+08   0.134452E+08   0.134446E+08   0.134446E+08   0.134525E+08  -0.563282E+00   0.111876E+08   0.111876E+08   0.875190E+01
   0.116143E-04   0.134446E+08   0.134446E+08   0.179190E+08   0.179187E+08   0.134452E+08   0.134446E+08   0.134446E+08   0.134525E+08  -0.563282E+00   0.111876E+08   0.111876E+08   0.966353E+01
   0.128244E-04   0.134446E+08   0.134446E+08   0.179174E+08   0.179171E+08   0.134452E+08   0.134446E+08   0.134446E+08   0.134525E+08  -0.563281E+00   0.111876E+08   0.111876E+08   0.106701E+02
   0.141606E-04   0.134446E+08   0.134446E+08   0.179155E+08   0.179151E+08   0.134452E+08   0.134446E+08   0.134446E+08   0.134525E+08  -0.563281E+00   0.111876E+08   0.111876E+08   0.117814E+02
   0.156360E-04   0.134446E+08   0.134446E+08   0.179131E+08   0.179127E+08   0.134451E+08   0.134446E+08   0.134446E+08   0.134525E+08  -0.563281E+00   0.111876E+08   0.111876E+08   0.130083E+02
   0.172651E-04   0.134446E+08   0.134446E+08   0.179103E+08   0.179097E+08   0.134451E+08   0.134446E+08   0.134446E+08   0.134525E+08  -0.563280E+00   0.111876E+08   0.111876E+08   0.143629E+02
   0.190639E-04   0.134446E+08   0.134446E+08   0.179068E+08   0.179061E+08   0.134451E+08   0.134446E+08   0.134446E+08   0.134525E+08  -0.563280E+00   0.111876E+08   0.111876E+08   0.158583E+02
   0.210501E-04   0.134445E+08   0.134445E+08   0.179026E+08   0.179018E+08   0.134451E+08   0.134446E+08   0.134445E+08   0.134525E+08  -0.563279E+00   0.111876E+08   0.111876E+08   0.175093E+02
   0.232433E-04   0.134445E+08   0.134445E+08   0.178974E+08   0.178964E+08   0.134451E+08   0.134445E+08   0.134445E+08   0.134525E+08  -0.563279E+00   0.111876E+08   0.111876E+08   0.193317E+02
   0.256650E-04   0.134445E+08   0.134445E+08   0.178911E+08   0.178899E+08   0.134451E+08   0.134445E+08   0.134445E+08   0.134525E+08  -0.563278E+00   0.111876E+08   0.111876E+08   0.213435E+02
   0.283390E-04   0.134445E+08   0.134445E+08   0.178835E+08   0.178820E+08   0.134450E+08   0.134445E+08   0.134445E+08   0.134524E+08  -0.563277E+00   0.111876E+08   0.111876E+08   0.235640E+02
   0.312916E-04   0.134445E+08   0.134445E+08   0.178741E+08   0.178723E+08   0.134450E+08   0.134445E+08   0.134445E+08   0.134524E+08  -0.563275E+00   0.111875E+08   0.111875E+08   0.260147E+02
   0.345519E-04   0.134444E+08   0.134444E+08   0.178628E+08   0.178605E+08   0.134450E+08   0.134444E+08   0.134444E+08   0.134524E+08  -0.563274E+00   0.111875E+08   0.111875E+08   0.287192E+02
   0.381518E-04   0.134444E+08   0.134444E+08   0.178489E+08   0.178462E+08   0.134449E+08   0.134444E+08   0.134444E+08   0.134523E+08  -0.563272E+00   0.111875E+08   0.111875E+08   0.317035E+02
   0.421268E-04   0.134444E+08   0.134444E+08   0.178320E+08   0.178287E+08   0.134449E+08   0.134444E+08   0.134444E+08   0.134523E+08  -0.563270E+00   0.111874E+08   0.111874E+08   0.349960E+02
   0.465159E-04   0.134443E+08   0.134443E+08   0.178114E+08   0.178074E+08   0.134448E+08   0.134443E+08   0.134443E+08   0.134522E+08  -0.563267E+00   0.111874E+08   0.111874E+08   0.386279E+02
   0.513623E-04   0.134442E+08   0.134442E+08   0.177864E+08   0.177814E+08   0.134447E+08   0.134442E+08   0.134442E+08   0.134521E+08  -0.563263E+00   0.111873E+08   0.111873E+08   0.426331E+02
   0.567137E-04   0.134442E+08   0.134441E+08   0.177558E+08   0.177498E+08   0.134446E+08   0.134442E+08   0.134442E+08   0.134520E+08  -0.563259E+00   0.111873E+08   0.111873E+08   0.470490E+02
   0.626227E-04   0.134441E+08   0.134440E+08   0.177187E+08   0.177114E+08   0.134445E+08   0.134441E+08   0.134441E+08   0.134519E+08  -0.563254E+00   0.111872E+08   0.111872E+08   0.519161E+02
   0.691473E-04   0.134439E+08   0.134439E+08   0.176736E+08   0.176646E+08   0.134443E+08   0.134439E+08   0.134439E+08   0.134518E+08  -0.563248E+00   0.111871E+08   0.111871E+08   0.572781E+02
   0.763516E-04   0.134438E+08   0.134438E+08   0.176186E+08   0.176078E+08   0.134442E+08   0.134438E+08   0.134438E+08   0.134516E+08  -0.563240E+00   0.111870E+08   0.111870E+08   0.631826E+02
   0.843066E-04   0.134436E+08   0.134436E+08   0.175519E+08   0.175387E+08   0.134439E+08   0.134436E+08   0.134436E+08   0.134514E+08  -0.563231E+00   0.111868E+08   0.111868E+08   0.696805E+02
   0.930904E-04   0.134434E+08   0.134434E+08   0.174708E+08   0.174548E+08   0.134437E+08   0.134434E+08   0.134434E+08   0.134511E+08  -0.563219E+00   0.111866E+08   0.111866E+08   0.768263E+02
   0.102789E-03   0.134431E+08   0.134431E+08   0.173725E+08   0.173531E+08   0.134433E+08   0.134431E+08   0.134431E+08   0.134508E+08  -0.563206E+00   0.111864E+08   0.111864E+08   0.846772E+02
   0.113499E-03   0.134428E+08   0.134428E+08   0.172533E+08   0.172297E+08   0.134429E+08   0.134428E+08   0.134428E+08   0.134504E+08  -0.563189E+00   0.111862E+08   0.111861E+08   0.932936E+02
   0.125324E-03   0.134424E+08   0.134423E+08   0.171090E+08   0.170805E+08   0.134424E+08   0.134424E+08   0.134424E+08   0.134500E+08  -0.563168E+00   0.111858E+08   0.111858E+08   0.102737E+03
   0.138382E-03   0.134419E+08   0.134419E+08   0.169347E+08   0.169002E+08   0.134418E+08   0.134419E+08   0.134419E+08   0.134494E+08  -0.563144E+00   0.111854E+08   0.111854E+08   0.113071E+03
   0.152799E-03   0.134414E+08   0.134413E+08   0.167244E+08   0.166827E+08   0.134411E+08   0.134413E+08   0.134413E+08   0.134487E+08  -0.563113E+00   0.111849E+08   0.111849E+08   0.124355E+03
   0.168719E-03   0.134406E+08   0.134405E+08   0.164714E+08   0.164212E+08   0.134402E+08   0.134406E+08   0.134406E+08   0.134479E+08  -0.563077E+00   0.111844E+08   0.111843E+08   0.136646E+03
   0.186298E-03   0.134398E+08   0.134396E+08   0.161679E+08   0.161076E+08   0.134391E+08   0.134398E+08   0.134398E+08   0.134469E+08  -0.563032E+00   0.111836E+08   0.111835E+08   0.149995E+03
   0.205708E-03   0.134387E+08   0.134386E+08   0.158050E+08   0.157328E+08   0.134377E+08   0.134387E+08   0.134387E+08   0.134457E+08  -0.562978E+00   0.111828E+08   0.111826E+08   0.164437E+03
   0.227141E-03   0.134375E+08   0.134372E+08   0.153731E+08   0.152870E+08   0.134361E+08   0.134374E+08   0.134374E+08   0.134442E+08  -0.562913E+00   0.111817E+08   0.111816E+08   0.179990E+03
   0.250806E-03   0.134359E+08   0.134356E+08   0.148619E+08   0.147597E+08   0.134341E+08   0.134359E+08   0.134359E+08   0.134424E+08  -0.562833E+00   0.111804E+08   0.111802E+08   0.196643E+03
   0.276938E-03   0.134340E+08   0.134337E+08   0.142606E+08   0.141400E+08   0.134318E+08   0.134340E+08   0.134340E+08   0.134403E+08  -0.562738E+00   0.111788E+08   0.111786E+08   0.214349E+03
   0.305791E-03   0.134318E+08   0.134314E+08   0.135593E+08   0.134181E+08   0.134289E+08   0.134317E+08   0.134317E+08   0.134377E+08  -0.562622E+00   0.111769E+08   0.111767E+08   0.233008E+03
   0.337651E-03   0.134290E+08   0.134285E+08   0.127493E+08   0.125854E+08   0.134253E+08   0.134289E+08   0.134289E+08   0.134345E+08  -0.562483E+00   0.111746E+08   0.111743E+08   0.252453E+03
   0.372831E-03   0.134257E+08   0.134251E+08   0.118255E+08   0.116373E+08   0.134211E+08   0.134255E+08   0.134256E+08   0.134307E+08  -0.562316E+00   0.111718E+08   0.111715E+08   0.272433E+03
   0.411676E-03   0.134217E+08   0.134210E+08   0.107877E+08   0.105748E+08   0.134159E+08   0.134215E+08   0.134216E+08   0.134262E+08  -0.562116E+00   0.111685E+08   0.111681E+08   0.292594E+03
   0.454568E-03   0.134168E+08   0.134160E+08   0.964405E+07   0.940715E+07   0.134097E+08   0.134166E+08   0.134167E+08   0.134208E+08  -0.561877E+00   0.111644E+08   0.111639E+08   0.312461E+03
   0.501929E-03   0.134110E+08   0.134100E+08   0.841354E+07   0.815550E+07   0.134022E+08   0.134107E+08   0.134109E+08   0.134144E+08  -0.561594E+00   0.111595E+08   0.111590E+08   0.331431E+03
   0.554224E-03   0.134040E+08   0.134029E+08   0.712878E+07   0.685513E+07   0.133932E+08   0.134037E+08   0.134039E+08   0.134068E+08  -0.561258E+00   0.111537E+08   0.111530E+08   0.348764E+03
   0.611968E-03   0.133957E+08   0.133944E+08   0.583765E+07   0.555704E+07   0.133823E+08   0.133953E+08   0.133955E+08   0.133978E+08  -0.560863E+00   0.111466E+08   0.111459E+08   0.363608E+03
   0.675728E-03   0.133858E+08   0.133842E+08   0.460205E+07   0.432639E+07   0.133694E+08   0.133853E+08   0.133855E+08   0.133873E+08  -0.560400E+00   0.111383E+08   0.111374E+08   0.375038E+03
   0.746132E-03   0.133740E+08   0.133722E+08   0.349223E+07   0.323604E+07   0.133539E+08   0.133734E+08   0.133737E+08   0.133749E+08  -0.559859E+00   0.111283E+08   0.111274E+08   0.382138E+03
   0.823870E-03   0.133601E+08   0.133580E+08   0.257489E+07   0.235357E+07   0.133355E+08   0.133594E+08   0.133598E+08   0.133605E+08  -0.559232E+00   0.111166E+08   0.111155E+08   0.384112E+03
   0.909708E-03   0.133437E+08   0.133414E+08   0.189532E+07   0.172223E+07   0.133137E+08   0.133429E+08   0.133434E+08   0.133437E+08  -0.558505E+00   0.111027E+08   0.111016E+08   0.380425E+03
   0.100449E-02   0.133246E+08   0.133220E+08   0.145746E+07   0.134010E+07   0.132880E+08   0.133236E+08   0.133242E+08   0.133243E+08  -0.557668E+00   0.110865E+08   0.110853E+08   0.370935E+03
   0.110915E-02   0.133022E+08   0.132994E+08   0.121164E+07   0.114819E+07   0.132576E+08   0.133011E+08   0.133018E+08   0.133016E+08  -0.556703E+00   0.110677E+08   0.110663E+08   0.355976E+03
   0.122471E-02   0.132762E+08   0.132731E+08   0.106373E+07   0.104201E+07   0.132220E+08   0.132749E+08   0.132758E+08   0.132754E+08  -0.555592E+00   0.110457E+08   0.110443E+08   0.336333E+03
   0.135231E-02   0.132461E+08   0.132429E+08   0.915042E+06   0.915918E+06   0.131802E+08   0.132446E+08   0.132456E+08   0.132450E+08  -0.554312E+00   0.110204E+08   0.110190E+08   0.313095E+03
   0.149320E-02   0.132114E+08   0.132080E+08   0.720750E+06   0.725547E+06   0.131314E+08   0.132097E+08   0.132109E+08   0.132100E+08  -0.552839E+00   0.109912E+08   0.109897E+08   0.287447E+03
   0.164878E-02   0.131714E+08   0.131679E+08   0.521466E+06   0.519520E+06   0.130745E+08   0.131694E+08   0.131709E+08   0.131696E+08  -0.551145E+00   0.109576E+08   0.109562E+08   0.260531E+03
   0.182056E-02   0.131255E+08   0.131220E+08   0.396045E+06   0.386281E+06   0.130086E+08   0.131232E+08   0.131249E+08   0.131234E+08  -0.549203E+00   0.109191E+08   0.109177E+08   0.233501E+03
   0.201024E-02   0.130729E+08   0.130694E+08   0.355709E+06   0.269402E+06   0.129322E+08   0.130702E+08   0.130723E+08   0.130704E+08  -0.546980E+00   0.108750E+08   0.108736E+08   0.207662E+03
   0.221969E-02   0.130128E+08   0.130093E+08   0.315520E+06   0.219945E+06   0.128441E+08   0.130097E+08   0.130123E+08   0.130099E+08  -0.544445E+00   0.108247E+08   0.108233E+08   0.184336E+03
   0.245096E-02   0.129444E+08   0.129409E+08   0.228633E+06   0.179445E+06   0.127428E+08   0.129408E+08   0.129439E+08   0.129409E+08  -0.541558E+00   0.107674E+08   0.107660E+08   0.164358E+03
   0.270632E-02   0.128668E+08   0.128631E+08   0.168295E+06   0.146290E+06   0.126268E+08   0.128626E+08   0.128662E+08   0.128626E+08  -0.538279E+00   0.107023E+08   0.107009E+08   0.147716E+03
   0.298829E-02   0.127788E+08   0.127749E+08   0.154124E+06   0.119158E+06   0.124947E+08   0.127739E+08   0.127782E+08   0.127740E+08  -0.534566E+00   0.106286E+08   0.106272E+08   0.133801E+03
   0.329963E-02   0.126795E+08   0.126754E+08   0.117076E+06   0.969647E+05   0.123449E+08   0.126738E+08   0.126788E+08   0.126738E+08  -0.530375E+00   0.105454E+08   0.105440E+08   0.121692E+03
   0.364342E-02   0.125678E+08   0.125635E+08   0.976385E+05   0.788206E+05   0.121763E+08   0.125612E+08   0.125671E+08   0.125613E+08  -0.525662E+00   0.104519E+08   0.104505E+08   0.110363E+03
   0.402302E-02   0.124426E+08   0.124380E+08   0.805177E+05   0.639958E+05   0.119875E+08   0.124350E+08   0.124419E+08   0.124351E+08  -0.520381E+00   0.103470E+08   0.103457E+08   0.994108E+02
   0.444218E-02   0.123029E+08   0.122980E+08   0.585822E+05   0.518916E+05   0.117776E+08   0.122942E+08   0.123021E+08   0.122942E+08  -0.514486E+00   0.102300E+08   0.102287E+08   0.891409E+02
   0.490500E-02   0.121476E+08   0.121422E+08   0.474900E+05   0.420161E+05   0.115459E+08   0.121376E+08   0.121467E+08   0.121377E+08  -0.507933E+00   0.100999E+08   0.100986E+08   0.800452E+02
   0.541605E-02   0.119756E+08   0.119697E+08   0.390813E+05   0.339664E+05   0.112917E+08   0.119643E+08   0.119746E+08   0.119643E+08  -0.500679E+00   0.995595E+07   0.995462E+07   0.721936E+02
   0.598034E-02   0.117860E+08   0.117795E+08   0.288497E+05   0.274115E+05   0.110144E+08   0.117733E+08   0.117849E+08   0.117733E+08  -0.492685E+00   0.979727E+07   0.979594E+07   0.651312E+02
   0.660342E-02   0.115779E+08   0.115707E+08   0.262642E+05   0.220799E+05   0.107135E+08   0.115637E+08   0.115768E+08   0.115637E+08  -0.483914E+00   0.962318E+07   0.962186E+07   0.585507E+02
   0.729143E-02   0.113505E+08   0.113425E+08   0.228209E+05   0.177489E+05   0.103885E+08   0.113348E+08   0.113493E+08   0.113348E+08  -0.474332E+00   0.943300E+07   0.943170E+07   0.526503E+02
   0.805111E-02   0.111032E+08   0.110941E+08   0.166319E+05   0.142354E+05   0.100391E+08   0.110857E+08   0.111018E+08   0.110857E+08  -0.463909E+00   0.922613E+07   0.922483E+07   0.474800E+02
   0.888995E-02   0.108351E+08   0.108248E+08   0.141874E+05   0.113896E+05   0.966553E+07   0.108159E+08   0.108335E+08   0.108159E+08  -0.452617E+00   0.900201E+07   0.900071E+07   0.427987E+02
   0.981618E-02   0.105458E+08   0.105341E+08   0.107353E+05   0.908838E+04   0.926857E+07   0.105247E+08   0.105440E+08   0.105247E+08  -0.440432E+00   0.876014E+07   0.875885E+07   0.386083E+02
   0.108389E-01   0.102346E+08   0.102211E+08   0.754881E+04   0.723085E+04   0.884889E+07   0.102116E+08   0.102325E+08   0.102116E+08  -0.427328E+00   0.850005E+07   0.849876E+07   0.349024E+02
   0.119682E-01   0.990090E+07   0.988546E+07   0.671653E+04   0.573433E+04   0.840660E+07   0.987593E+07   0.989848E+07   0.987593E+07  -0.413283E+00   0.822126E+07   0.821997E+07   0.315857E+02
   0.132152E-01   0.954519E+07   0.952743E+07   0.488620E+04   0.453154E+04   0.793374E+07   0.951808E+07   0.954240E+07   0.951809E+07  -0.398308E+00   0.792401E+07   0.792272E+07   0.286515E+02
   0.145920E-01   0.916482E+07   0.914444E+07   0.399106E+04   0.356630E+04   0.744505E+07   0.913568E+07   0.916163E+07   0.913568E+07  -0.382305E+00   0.760632E+07   0.760503E+07   0.260330E+02
   0.161124E-01   0.876066E+07   0.873731E+07   0.306036E+04   0.279406E+04   0.694015E+07   0.872953E+07   0.875700E+07   0.872954E+07  -0.365309E+00   0.726886E+07   0.726757E+07   0.236986E+02
   0.177911E-01   0.833250E+07   0.830586E+07   0.238981E+04   0.217798E+04   0.642325E+07   0.829952E+07   0.832832E+07   0.829952E+07  -0.347314E+00   0.691153E+07   0.691023E+07   0.216038E+02
   0.196447E-01   0.788228E+07   0.785210E+07   0.185196E+04   0.168841E+04   0.589744E+07   0.784762E+07   0.787755E+07   0.784762E+07  -0.328403E+00   0.653596E+07   0.653464E+07   0.197063E+02
   0.216915E-01   0.741169E+07   0.737780E+07   0.137888E+04   0.130094E+04   0.536678E+07   0.737554E+07   0.740638E+07   0.737554E+07  -0.308648E+00   0.614355E+07   0.614223E+07   0.179622E+02
   0.239515E-01   0.692359E+07   0.688600E+07   0.108892E+04   0.995766E+03   0.483732E+07   0.688625E+07   0.691770E+07   0.688625E+07  -0.288172E+00   0.573676E+07   0.573544E+07   0.163279E+02
   0.264470E-01   0.642303E+07   0.638196E+07   0.899956E+03   0.756870E+03   0.431718E+07   0.638486E+07   0.641659E+07   0.638486E+07  -0.267190E+00   0.531983E+07   0.531850E+07   0.147587E+02
   0.292025E-01   0.591736E+07   0.587339E+07   0.616145E+03   0.571265E+03   0.381364E+07   0.587877E+07   0.591047E+07   0.587877E+07  -0.246011E+00   0.489891E+07   0.489760E+07   0.132151E+02
   0.322450E-01   0.541603E+07   0.537011E+07   0.472886E+03   0.428348E+03   0.333502E+07   0.537748E+07   0.540884E+07   0.537748E+07  -0.225034E+00   0.448191E+07   0.448063E+07   0.116681E+02
   0.356046E-01   0.493080E+07   0.488432E+07   0.366558E+03   0.319469E+03   0.289069E+07   0.489278E+07   0.492352E+07   0.489278E+07  -0.204750E+00   0.407863E+07   0.407741E+07   0.100983E+02
   0.393142E-01   0.447468E+07   0.442944E+07   0.247752E+03   0.237503E+03   0.248800E+07   0.443766E+07   0.446759E+07   0.443766E+07  -0.185705E+00   0.369990E+07   0.369876E+07   0.850737E+01
   0.434103E-01   0.406004E+07   0.401811E+07   0.171837E+03   0.176545E+03   0.213279E+07   0.402443E+07   0.405347E+07   0.402443E+07  -0.168412E+00   0.335599E+07   0.335497E+07   0.692320E+01
   0.477513E-01   0.370746E+07   0.367060E+07   0.136345E+03   0.133097E+03   0.183707E+07   0.367350E+07   0.370169E+07   0.367350E+07  -0.153726E+00   0.306390E+07   0.306301E+07   0.545899E+01
   0.520924E-01   0.343023E+07   0.339921E+07   0.105911E+03   0.103387E+03   0.160620E+07   0.339786E+07   0.342537E+07   0.339786E+07  -0.142192E+00   0.283448E+07   0.283373E+07   0.423796E+01
   0.564334E-01   0.320491E+07   0.317970E+07   0.842553E+02   0.822456E+02   0.142051E+07   0.317404E+07   0.320096E+07   0.317404E+07  -0.132826E+00   0.264818E+07   0.264755E+07   0.326824E+01
   0.607744E-01   0.301367E+07   0.299350E+07   0.682685E+02   0.666390E+02   0.126636E+07   0.298414E+07   0.301050E+07   0.298414E+07  -0.124878E+00   0.249009E+07   0.248957E+07   0.254335E+01
   0.651155E-01   0.284350E+07   0.282716E+07   0.560757E+02   0.547364E+02   0.113443E+07   0.281514E+07   0.284094E+07   0.281514E+07  -0.117806E+00   0.234939E+07   0.234894E+07   0.204034E+01
   0.694565E-01   0.268348E+07   0.266951E+07   0.464813E+02   0.453705E+02   0.101779E+07   0.265614E+07   0.268129E+07   0.265614E+07  -0.111153E+00   0.221698E+07   0.221658E+07   0.172180E+01
   0.737975E-01   0.252590E+07   0.251293E+07   0.387294E+02   0.378034E+02   0.911934E+06   0.249950E+07   0.252386E+07   0.249950E+07  -0.104597E+00   0.208649E+07   0.208611E+07   0.154198E+01
   0.781386E-01   0.236843E+07   0.235532E+07   0.323688E+02   0.315945E+02   0.814908E+06   0.234292E+07   0.236637E+07   0.234292E+07  -0.980450E-01   0.195602E+07   0.195563E+07   0.145389E+01
   0.824796E-01   0.221316E+07   0.219919E+07   0.271267E+02   0.264775E+02   0.726539E+06   0.218853E+07   0.221097E+07   0.218853E+07  -0.915843E-01   0.182732E+07   0.182693E+07   0.141461E+01
   0.868206E-01   0.206442E+07   0.204929E+07   0.228195E+02   0.222732E+02   0.647323E+06   0.204066E+07   0.206205E+07   0.204066E+07  -0.853963E-01   0.170404E+07   0.170363E+07   0.138912E+01
   0.911617E-01   0.192635E+07   0.191020E+07   0.193000E+02   0.188377E+02   0.577570E+06   0.190346E+07   0.192382E+07   0.190346E+07  -0.796550E-01   0.158963E+07   0.158921E+07   0.135262E+01
   0.965767E-01   0.177377E+07   0.175700E+07   0.158217E+02   0.154425E+02   0.503675E+06   0.175198E+07   0.177114E+07   0.175198E+07  -0.733158E-01   0.146329E+07   0.146287E+07   0.127168E+01
   0.101992E+00   0.164659E+07   0.163019E+07   0.131604E+02   0.128448E+02   0.443526E+06   0.162587E+07   0.164402E+07   0.162587E+07  -0.680383E-01   0.135810E+07   0.135770E+07   0.114787E+01
   0.107407E+00   0.154552E+07   0.153044E+07   0.111329E+02   0.108659E+02   0.395517E+06   0.152581E+07   0.154316E+07   0.152581E+07  -0.638510E-01   0.127463E+07   0.127427E+07   0.994024E+00
   0.112822E+00   0.146676E+07   0.145365E+07   0.957234E+01   0.934264E+01   0.357142E+06   0.144796E+07   0.146471E+07   0.144796E+07  -0.605935E-01   0.120971E+07   0.120939E+07   0.831694E+00
   0.118237E+00   0.140291E+07   0.139195E+07   0.833395E+01   0.813389E+01   0.325450E+06   0.138493E+07   0.140119E+07   0.138493E+07  -0.579556E-01   0.115714E+07   0.115686E+07   0.682680E+00
   0.123652E+00   0.134591E+07   0.133687E+07   0.730862E+01   0.713312E+01   0.297835E+06   0.132867E+07   0.134449E+07   0.132867E+07  -0.556013E-01   0.111022E+07   0.110998E+07   0.563080E+00
   0.129067E+00   0.128959E+07   0.128191E+07   0.642577E+01   0.627141E+01   0.272522E+06   0.127303E+07   0.128839E+07   0.127303E+07  -0.532731E-01   0.106380E+07   0.106359E+07   0.480277E+00
   0.134482E+00   0.123063E+07   0.122361E+07   0.564619E+01   0.551052E+01   0.248607E+06   0.121470E+07   0.122953E+07   0.121470E+07  -0.508320E-01   0.101512E+07   0.101493E+07   0.432756E+00
   0.139897E+00   0.116848E+07   0.116149E+07   0.495205E+01   0.483303E+01   0.225874E+06   0.115315E+07   0.116738E+07   0.115315E+07  -0.482562E-01   0.963747E+06   0.963552E+06   0.412192E+00
   0.145312E+00   0.110468E+07   0.109731E+07   0.433732E+01   0.423304E+01   0.204529E+06   0.108993E+07   0.110353E+07   0.108993E+07  -0.456109E-01   0.910975E+06   0.910774E+06   0.406807E+00
   0.150727E+00   0.104193E+07   0.103403E+07   0.380050E+01   0.370911E+01   0.184940E+06   0.102775E+07   0.104069E+07   0.102775E+07  -0.430088E-01   0.859055E+06   0.858847E+06   0.404886E+00
   0.156142E+00   0.983321E+06   0.975014E+06   0.334080E+01   0.326044E+01   0.167482E+06   0.969705E+06   0.982019E+06   0.969705E+06  -0.405796E-01   0.810581E+06   0.810370E+06   0.397565E+00
   0.161557E+00   0.931698E+06   0.923277E+06   0.295566E+01   0.288455E+01   0.152416E+06   0.918617E+06   0.930378E+06   0.918617E+06  -0.384417E-01   0.767916E+06   0.767708E+06   0.380294E+00
   0.166972E+00   0.888580E+06   0.880409E+06   0.263825E+01   0.257476E+01   0.139743E+06   0.875998E+06   0.887299E+06   0.875998E+06  -0.366582E-01   0.732324E+06   0.732124E+06   0.352843E+00
   0.172387E+00   0.853501E+06   0.845901E+06   0.237693E+01   0.231972E+01   0.129151E+06   0.841377E+06   0.852310E+06   0.841377E+06  -0.352094E-01   0.703412E+06   0.703226E+06   0.318245E+00
   0.177802E+00   0.824417E+06   0.817582E+06   0.215794E+01   0.210599E+01   0.120133E+06   0.812714E+06   0.823346E+06   0.812714E+06  -0.340100E-01   0.679477E+06   0.679307E+06   0.281248E+00
   0.183217E+00   0.798937E+06   0.792903E+06   0.196927E+01   0.192186E+01   0.112197E+06   0.787624E+06   0.797992E+06   0.787624E+06  -0.329600E-01   0.658525E+06   0.658371E+06   0.246749E+00
   0.188632E+00   0.774886E+06   0.769539E+06   0.180173E+01   0.175834E+01   0.104946E+06   0.763932E+06   0.774048E+06   0.763932E+06  -0.319686E-01   0.638740E+06   0.638599E+06   0.218467E+00
   0.194047E+00   0.750446E+06   0.745575E+06   0.164866E+01   0.160895E+01   0.980823E+05   0.739832E+06   0.749683E+06   0.739832E+06  -0.309600E-01   0.618610E+06   0.618480E+06   0.198169E+00
   0.199462E+00   0.724481E+06   0.719843E+06   0.150611E+01   0.146983E+01   0.914341E+05   0.714194E+06   0.723754E+06   0.714194E+06  -0.298872E-01   0.597194E+06   0.597068E+06   0.185597E+00
   0.204877E+00   0.696940E+06   0.692324E+06   0.137299E+01   0.133991E+01   0.849853E+05   0.686976E+06   0.696216E+06   0.686976E+06  -0.287481E-01   0.574454E+06   0.574329E+06   0.178945E+00
   0.210292E+00   0.668737E+06   0.664008E+06   0.125014E+01   0.122002E+01   0.788356E+05   0.659089E+06   0.667996E+06   0.659089E+06  -0.275811E-01   0.551153E+06   0.551027E+06   0.175609E+00
   0.215707E+00   0.641143E+06   0.636262E+06   0.113885E+01   0.111141E+01   0.731128E+05   0.631802E+06   0.640378E+06   0.631802E+06  -0.264393E-01   0.528351E+06   0.528225E+06   0.172948E+00
   0.221122E+00   0.615293E+06   0.610311E+06   0.103981E+01   0.101475E+01   0.679118E+05   0.606249E+06   0.614512E+06   0.606249E+06  -0.253699E-01   0.506997E+06   0.506871E+06   0.168913E+00
   0.226537E+00   0.592008E+06   0.587033E+06   0.953017E+00   0.930045E+00   0.632801E+05   0.583246E+06   0.591228E+06   0.583246E+06  -0.244073E-01   0.487774E+06   0.487649E+06   0.162415E+00
   0.231952E+00   0.571679E+06   0.566839E+06   0.877694E+00   0.856535E+00   0.592133E+05   0.563185E+06   0.570921E+06   0.563185E+06  -0.235678E-01   0.471009E+06   0.470888E+06   0.153390E+00
   0.237367E+00   0.554175E+06   0.549579E+06   0.812359E+00   0.792773E+00   0.556520E+05   0.545929E+06   0.553455E+06   0.545929E+06  -0.228457E-01   0.456588E+06   0.456473E+06   0.142578E+00
   0.242782E+00   0.538901E+06   0.534615E+06   0.755071E+00   0.736864E+00   0.524976E+05   0.530886E+06   0.538229E+06   0.530886E+06  -0.222162E-01   0.444017E+06   0.443909E+06   0.131163E+00
   0.248197E+00   0.525024E+06   0.521058E+06   0.703841E+00   0.686868E+00   0.496388E+05   0.517225E+06   0.524403E+06   0.517225E+06  -0.216445E-01   0.432601E+06   0.432499E+06   0.120374E+00
   0.253612E+00   0.511695E+06   0.508009E+06   0.656954E+00   0.641110E+00   0.469747E+05   0.504101E+06   0.511118E+06   0.504101E+06  -0.210953E-01   0.421632E+06   0.421536E+06   0.111160E+00
   0.259027E+00   0.498233E+06   0.494752E+06   0.613159E+00   0.598369E+00   0.444309E+05   0.490835E+06   0.497687E+06   0.490835E+06  -0.205402E-01   0.410545E+06   0.410453E+06   0.104000E+00
   0.264443E+00   0.484294E+06   0.480933E+06   0.571788E+00   0.557996E+00   0.419702E+05   0.477088E+06   0.483767E+06   0.477088E+06  -0.199649E-01   0.399055E+06   0.398966E+06   0.988779E-01
   0.269858E+00   0.469926E+06   0.466611E+06   0.532717E+00   0.519866E+00   0.395927E+05   0.462909E+06   0.469407E+06   0.462909E+06  -0.193715E-01   0.387202E+06   0.387115E+06   0.953748E-01
   0.275273E+00   0.455446E+06   0.452127E+06   0.496120E+00   0.484151E+00   0.373205E+05   0.448612E+06   0.454926E+06   0.448612E+06  -0.187732E-01   0.375251E+06   0.375164E+06   0.928412E-01
   0.280688E+00   0.441252E+06   0.437916E+06   0.462227E+00   0.451075E+00   0.351800E+05   0.434598E+06   0.440729E+06   0.434598E+06  -0.181868E-01   0.363535E+06   0.363449E+06   0.905915E-01
   0.286103E+00   0.427727E+06   0.424386E+06   0.431201E+00   0.420797E+00   0.331928E+05   0.421247E+06   0.427203E+06   0.421247E+06  -0.176281E-01   0.352373E+06   0.352288E+06   0.880749E-01
   0.291518E+00   0.415190E+06   0.411882E+06   0.403112E+00   0.393384E+00   0.313735E+05   0.408877E+06   0.414672E+06   0.408877E+06  -0.171104E-01   0.342032E+06   0.341947E+06   0.849833E-01
   0.296933E+00   0.403819E+06   0.400585E+06   0.377868E+00   0.368749E+00   0.297242E+05   0.397665E+06   0.403313E+06   0.397665E+06  -0.166412E-01   0.332658E+06   0.332576E+06   0.812712E-01
   0.302348E+00   0.393575E+06   0.390454E+06   0.355184E+00   0.346612E+00   0.282307E+05   0.387570E+06   0.393086E+06   0.387570E+06  -0.162188E-01   0.324218E+06   0.324139E+06   0.771074E-01
   0.307763E+00   0.384228E+06   0.381242E+06   0.334638E+00   0.326561E+00   0.268665E+05   0.378364E+06   0.383760E+06   0.378364E+06  -0.158336E-01   0.316521E+06   0.316445E+06   0.727868E-01
   0.313178E+00   0.375473E+06   0.372628E+06   0.315789E+00   0.308167E+00   0.256023E+05   0.369745E+06   0.375027E+06   0.369745E+06  -0.154728E-01   0.309315E+06   0.309242E+06   0.686335E-01
   0.318593E+00   0.367033E+06   0.364315E+06   0.298274E+00   0.291074E+00   0.244131E+05   0.361434E+06   0.366607E+06   0.361434E+06  -0.151251E-01   0.302366E+06   0.302296E+06   0.649136E-01
   0.324008E+00   0.358693E+06   0.356078E+06   0.281820E+00   0.275017E+00   0.232807E+05   0.353219E+06   0.358284E+06   0.353219E+06  -0.147813E-01   0.295497E+06   0.295429E+06   0.617771E-01
   0.329423E+00   0.350319E+06   0.347776E+06   0.266249E+00   0.259822E+00   0.221932E+05   0.344965E+06   0.349920E+06   0.344965E+06  -0.144359E-01   0.288596E+06   0.288530E+06   0.592393E-01
   0.334838E+00   0.341876E+06   0.339380E+06   0.251479E+00   0.245407E+00   0.211464E+05   0.336642E+06   0.341485E+06   0.336642E+06  -0.140876E-01   0.281636E+06   0.281571E+06   0.572014E-01
   0.340253E+00   0.333446E+06   0.330977E+06   0.237514E+00   0.231779E+00   0.201432E+05   0.328329E+06   0.333059E+06   0.328329E+06  -0.137397E-01   0.274685E+06   0.274620E+06   0.554959E-01
   0.345668E+00   0.325182E+06   0.322733E+06   0.224409E+00   0.218991E+00   0.191907E+05   0.320178E+06   0.324798E+06   0.320178E+06  -0.133986E-01   0.267869E+06   0.267806E+06   0.539382E-01
   0.351083E+00   0.317238E+06   0.314810E+06   0.212209E+00   0.207085E+00   0.182949E+05   0.312344E+06   0.316857E+06   0.312344E+06  -0.130708E-01   0.261317E+06   0.261255E+06   0.523713E-01
   0.356498E+00   0.309714E+06   0.307319E+06   0.200916E+00   0.196064E+00   0.174587E+05   0.304926E+06   0.309339E+06   0.304926E+06  -0.127604E-01   0.255114E+06   0.255053E+06   0.506954E-01
   0.361913E+00   0.302652E+06   0.300304E+06   0.190492E+00   0.185892E+00   0.166809E+05   0.297966E+06   0.302284E+06   0.297966E+06  -0.124691E-01   0.249294E+06   0.249234E+06   0.488804E-01
   0.367328E+00   0.296045E+06   0.293755E+06   0.180872E+00   0.176504E+00   0.159578E+05   0.291457E+06   0.295686E+06   0.291457E+06  -0.121967E-01   0.243850E+06   0.243792E+06   0.469593E-01
   0.372743E+00   0.289843E+06   0.287620E+06   0.171968E+00   0.167815E+00   0.152839E+05   0.285349E+06   0.289495E+06   0.285349E+06  -0.119411E-01   0.238742E+06   0.238685E+06   0.450066E-01
   0.378158E+00   0.283958E+06   0.281805E+06   0.163680E+00   0.159727E+00   0.146518E+05   0.279554E+06   0.283621E+06   0.279554E+06  -0.116986E-01   0.233896E+06   0.233841E+06   0.431098E-01
   0.383573E+00   0.278282E+06   0.276194E+06   0.155906E+00   0.152140E+00   0.140538E+05   0.273965E+06   0.277955E+06   0.273965E+06  -0.114647E-01   0.229222E+06   0.229168E+06   0.413444E-01
   0.388988E+00   0.272721E+06   0.270691E+06   0.148561E+00   0.144973E+00   0.134834E+05   0.268489E+06   0.272403E+06   0.268489E+06  -0.112355E-01   0.224642E+06   0.224589E+06   0.397575E-01
   0.394403E+00   0.267224E+06   0.265241E+06   0.141591E+00   0.138171E+00   0.129368E+05   0.263074E+06   0.266913E+06   0.263074E+06  -0.110089E-01   0.220113E+06   0.220061E+06   0.383616E-01
   0.399818E+00   0.261780E+06   0.259834E+06   0.134968E+00   0.131708E+00   0.124124E+05   0.257709E+06   0.261475E+06   0.257709E+06  -0.107845E-01   0.215626E+06   0.215576E+06   0.371368E-01
   0.405233E+00   0.256406E+06   0.254490E+06   0.128682E+00   0.125573E+00   0.119099E+05   0.252414E+06   0.256106E+06   0.252414E+06  -0.105629E-01   0.211197E+06   0.211147E+06   0.360403E-01
   0.410648E+00   0.251138E+06   0.249247E+06   0.122730E+00   0.119765E+00   0.114301E+05   0.247222E+06   0.250841E+06   0.247222E+06  -0.103456E-01   0.206855E+06   0.206806E+06   0.350204E-01
   0.416063E+00   0.246020E+06   0.244155E+06   0.117114E+00   0.114285E+00   0.109737E+05   0.242178E+06   0.245727E+06   0.242178E+06  -0.101345E-01   0.202636E+06   0.202588E+06   0.340299E-01
   0.421478E+00   0.241093E+06   0.239256E+06   0.111834E+00   0.109132E+00   0.105417E+05   0.237324E+06   0.240805E+06   0.237324E+06  -0.993139E-02   0.198576E+06   0.198529E+06   0.330361E-01
   0.426893E+00   0.236382E+06   0.234577E+06   0.106880E+00   0.104298E+00   0.101337E+05   0.232683E+06   0.236099E+06   0.232683E+06  -0.973718E-02   0.194694E+06   0.194648E+06   0.320248E-01
   0.432308E+00   0.231887E+06   0.230117E+06   0.102234E+00   0.997638E-01   0.974874E+04   0.228256E+06   0.231610E+06   0.228256E+06  -0.955191E-02   0.190991E+06   0.190945E+06   0.309994E-01
   0.437723E+00   0.227588E+06   0.225856E+06   0.978683E-01   0.955037E-01   0.938480E+04   0.224022E+06   0.227317E+06   0.224022E+06  -0.937474E-02   0.187450E+06   0.187405E+06   0.299759E-01
   0.443138E+00   0.223454E+06   0.221761E+06   0.937536E-01   0.914884E-01   0.903962E+04   0.219951E+06   0.223188E+06   0.219951E+06  -0.920437E-02   0.184044E+06   0.184001E+06   0.289768E-01
   0.448553E+00   0.219450E+06   0.217795E+06   0.898618E-01   0.876905E-01   0.871100E+04   0.216009E+06   0.219191E+06   0.216009E+06  -0.903941E-02   0.180747E+06   0.180704E+06   0.280238E-01
   0.453968E+00   0.215550E+06   0.213931E+06   0.861692E-01   0.840871E-01   0.839706E+04   0.212168E+06   0.215296E+06   0.212168E+06  -0.887868E-02   0.177534E+06   0.177492E+06   0.271326E-01
   0.459383E+00   0.211730E+06   0.210143E+06   0.826562E-01   0.806589E-01   0.809633E+04   0.208407E+06   0.211482E+06   0.208407E+06  -0.872128E-02   0.174388E+06   0.174347E+06   0.263092E-01
   0.464798E+00   0.207977E+06   0.206418E+06   0.793077E-01   0.773913E-01   0.780767E+04   0.204710E+06   0.207733E+06   0.204710E+06  -0.856659E-02   0.171296E+06   0.171255E+06   0.255499E-01
   0.470213E+00   0.204288E+06   0.202754E+06   0.761147E-01   0.742754E-01   0.753050E+04   0.201077E+06   0.204048E+06   0.201077E+06  -0.841453E-02   0.168256E+06   0.168216E+06   0.248442E-01
   0.475629E+00   0.200675E+06   0.199164E+06   0.730735E-01   0.713076E-01   0.726478E+04   0.197518E+06   0.200438E+06   0.197518E+06  -0.826561E-02   0.165279E+06   0.165240E+06   0.241783E-01
   0.481044E+00   0.197154E+06   0.195665E+06   0.701820E-01   0.684860E-01   0.701061E+04   0.194050E+06   0.196921E+06   0.194050E+06  -0.812048E-02   0.162378E+06   0.162340E+06   0.235380E-01
   0.486459E+00   0.193736E+06   0.192269E+06   0.674363E-01   0.658066E-01   0.676786E+04   0.190683E+06   0.193506E+06   0.190683E+06  -0.797959E-02   0.159562E+06   0.159524E+06   0.229121E-01
   0.491874E+00   0.190424E+06   0.188980E+06   0.648302E-01   0.632635E-01   0.653618E+04   0.187421E+06   0.190198E+06   0.187421E+06  -0.784309E-02   0.156833E+06   0.156796E+06   0.222938E-01
   0.497289E+00   0.187220E+06   0.185801E+06   0.623572E-01   0.608502E-01   0.631517E+04   0.184266E+06   0.186998E+06   0.184266E+06  -0.771106E-02   0.154194E+06   0.154157E+06   0.216820E-01
   0.502704E+00   0.184123E+06   0.182728E+06   0.600103E-01   0.585599E-01   0.610434E+04   0.181217E+06   0.183905E+06   0.181217E+06  -0.758345E-02   0.151642E+06   0.151606E+06   0.210795E-01
   0.508119E+00   0.181126E+06   0.179756E+06   0.577804E-01   0.563839E-01   0.590301E+04   0.178265E+06   0.180911E+06   0.178265E+06  -0.745993E-02   0.149173E+06   0.149138E+06   0.204919E-01
   0.513534E+00   0.178213E+06   0.176867E+06   0.556573E-01   0.543122E-01   0.571033E+04   0.175397E+06   0.178002E+06   0.175397E+06  -0.733992E-02   0.146774E+06   0.146739E+06   0.199247E-01
   0.518949E+00   0.175371E+06   0.174049E+06   0.536317E-01   0.523355E-01   0.552550E+04   0.172600E+06   0.175164E+06   0.172600E+06  -0.722284E-02   0.144433E+06   0.144399E+06   0.193823E-01
   0.524364E+00   0.172592E+06   0.171293E+06   0.516963E-01   0.504468E-01   0.534797E+04   0.169863E+06   0.172389E+06   0.169863E+06  -0.710834E-02   0.142144E+06   0.142111E+06   0.188672E-01
   0.529779E+00   0.169872E+06   0.168594E+06   0.498455E-01   0.486407E-01   0.517730E+04   0.167185E+06   0.169672E+06   0.167185E+06  -0.699625E-02   0.139904E+06   0.139871E+06   0.183793E-01
   0.535194E+00   0.167208E+06   0.165949E+06   0.480748E-01   0.469128E-01   0.501316E+04   0.164561E+06   0.167011E+06   0.164561E+06  -0.688647E-02   0.137709E+06   0.137676E+06   0.179160E-01
   0.540609E+00   0.164598E+06   0.163358E+06   0.463802E-01   0.452591E-01   0.485527E+04   0.161992E+06   0.164404E+06   0.161992E+06  -0.677893E-02   0.135559E+06   0.135527E+06   0.174736E-01
   0.546024E+00   0.162045E+06   0.160823E+06   0.447587E-01   0.436768E-01   0.470344E+04   0.159478E+06   0.161854E+06   0.159478E+06  -0.667374E-02   0.133456E+06   0.133424E+06   0.170476E-01
   0.551439E+00   0.159554E+06   0.158349E+06   0.432084E-01   0.421639E-01   0.455758E+04   0.157025E+06   0.159365E+06   0.157025E+06  -0.657108E-02   0.131404E+06   0.131372E+06   0.166344E-01
   0.556854E+00   0.157128E+06   0.155941E+06   0.417270E-01   0.407184E-01   0.441758E+04   0.154636E+06   0.156942E+06   0.154636E+06  -0.647112E-02   0.129405E+06   0.129374E+06   0.162315E-01
   0.562269E+00   0.154766E+06   0.153596E+06   0.403111E-01   0.393367E-01   0.428317E+04   0.152311E+06   0.154583E+06   0.152311E+06  -0.637380E-02   0.127460E+06   0.127429E+06   0.158375E-01
   0.567684E+00   0.152466E+06   0.151313E+06   0.389572E-01   0.380155E-01   0.415408E+04   0.150046E+06   0.152285E+06   0.150046E+06  -0.627901E-02   0.125564E+06   0.125535E+06   0.154524E-01
   0.573099E+00   0.150223E+06   0.149088E+06   0.376616E-01   0.367512E-01   0.403002E+04   0.147838E+06   0.150045E+06   0.147838E+06  -0.618663E-02   0.123717E+06   0.123688E+06   0.150770E-01
   0.578514E+00   0.148037E+06   0.146919E+06   0.364213E-01   0.355409E-01   0.391074E+04   0.145685E+06   0.147862E+06   0.145685E+06  -0.609655E-02   0.121916E+06   0.121888E+06   0.147128E-01
   0.629782E+00   0.129552E+06   0.128574E+06   0.268913E-01   0.262411E-01   0.297530E+04   0.127488E+06   0.129399E+06   0.127488E+06  -0.533503E-02   0.106691E+06   0.106666E+06   0.118424E-01
   0.769218E+00   0.942633E+05   0.935522E+05   0.131119E-01   0.127948E-01   0.154478E+04   0.927518E+05   0.941519E+05   0.927518E+05  -0.388142E-02   0.776257E+05   0.776072E+05   0.707643E-02
   0.939525E+00   0.682487E+05   0.677339E+05   0.636217E-02   0.620829E-02   0.789953E+03   0.671494E+05   0.681680E+05   0.671494E+05  -0.281002E-02   0.562008E+05   0.561874E+05   0.421782E-02
   0.114754E+01   0.491949E+05   0.488239E+05   0.307359E-02   0.299924E-02   0.398393E+03   0.483999E+05   0.491368E+05   0.483999E+05  -0.202541E-02   0.405097E+05   0.404999E+05   0.251017E-02
   0.140161E+01   0.353171E+05   0.350507E+05   0.147892E-02   0.144314E-02   0.198412E+03   0.347451E+05   0.352754E+05   0.347451E+05  -0.145399E-02   0.290815E+05   0.290744E+05   0.149407E-02
   0.171193E+01   0.252603E+05   0.250697E+05   0.708998E-03   0.691844E-03   0.977198E+02   0.248505E+05   0.252304E+05   0.248505E+05  -0.103993E-02   0.208001E+05   0.207949E+05   0.891357E-03
   0.209095E+01   0.180063E+05   0.178704E+05   0.338758E-03   0.330561E-03   0.476646E+02   0.177138E+05   0.179850E+05   0.177138E+05  -0.741278E-03   0.148268E+05   0.148230E+05   0.534593E-03
   0.255389E+01   0.127957E+05   0.126990E+05   0.161358E-03   0.157454E-03   0.230579E+02   0.125877E+05   0.127806E+05   0.125877E+05  -0.526762E-03   0.105362E+05   0.105334E+05   0.323544E-03
   0.311933E+01   0.906724E+04   0.899859E+04   0.766427E-04   0.747882E-04   0.110773E+02   0.891973E+04   0.905648E+04   0.891973E+04  -0.373267E-03   0.746608E+04   0.746398E+04   0.198555E-03
   0.380996E+01   0.640837E+04   0.635972E+04   0.363089E-04   0.354304E-04   0.529102E+01   0.630405E+04   0.640074E+04   0.630405E+04  -0.263808E-03   0.527671E+04   0.527510E+04   0.124264E-03
   0.465350E+01   0.451831E+04   0.448388E+04   0.171598E-04   0.167446E-04   0.251517E+01   0.444472E+04   0.451291E+04   0.444472E+04  -0.186000E-03   0.372040E+04   0.371914E+04   0.798059E-04
   0.568379E+01   0.317861E+04   0.315425E+04   0.809180E-05   0.789601E-05   0.119089E+01   0.312681E+04   0.317479E+04   0.312681E+04  -0.130849E-03   0.261727E+04   0.261625E+04   0.529050E-04
   0.694221E+01   0.223154E+04   0.221429E+04   0.380783E-05   0.371571E-05   0.562000E+00   0.219515E+04   0.222883E+04   0.219515E+04  -0.918611E-04   0.183744E+04   0.183658E+04   0.363597E-04
   0.847923E+01   0.156366E+04   0.155142E+04   0.178846E-05   0.174519E-05   0.264478E+00   0.153814E+04   0.156174E+04   0.153814E+04  -0.643669E-04   0.128750E+04   0.128675E+04   0.259521E-04
   0.103566E+02   0.109373E+04   0.108501E+04   0.838491E-06   0.818209E-06   0.124165E+00   0.107585E+04   0.109236E+04   0.107585E+04  -0.450215E-04   0.900553E+03   0.899878E+03   0.192125E-04
   0.126495E+02   0.763760E+03   0.757503E+03   0.392451E-06   0.382960E-06   0.581704E-01   0.751249E+03   0.762780E+03   0.751249E+03  -0.314378E-04   0.628853E+03   0.628222E+03   0.146939E-04
   0.154502E+02   0.532514E+03   0.527977E+03   0.183391E-06   0.178957E-06   0.272018E-01   0.523763E+03   0.531803E+03   0.523763E+03  -0.219181E-04   0.438441E+03   0.437835E+03   0.115458E-04
   0.188709E+02   0.370741E+03   0.367401E+03   0.855669E-07   0.834988E-07   0.126989E-01   0.364621E+03   0.370218E+03   0.364621E+03  -0.152584E-04   0.305234E+03   0.304641E+03   0.926498E-05
   0.230489E+02   0.257757E+03   0.255248E+03   0.398647E-07   0.389017E-07   0.591910E-02   0.253473E+03   0.257364E+03   0.253473E+03  -0.106072E-04   0.212201E+03   0.211610E+03   0.755080E-05
   0.281520E+02   0.178969E+03   0.177033E+03   0.185452E-07   0.180976E-07   0.275496E-02   0.175965E+03   0.178666E+03   0.175965E+03  -0.736367E-05   0.147325E+03   0.146730E+03   0.622086E-05
   0.343849E+02   0.124107E+03   0.122563E+03   0.861427E-08   0.840664E-08   0.128045E-02   0.121992E+03   0.123865E+03   0.121992E+03  -0.510505E-05   0.102149E+03   0.101546E+03   0.516199E-05
   0.419979E+02   0.859543E+02   0.846786E+02   0.399495E-08   0.389885E-08   0.594287E-03   0.844580E+02   0.857544E+02   0.844580E+02  -0.353434E-05   0.707329E+02   0.701192E+02   0.430189E-05
   0.512963E+02   0.594559E+02   0.583608E+02   0.184941E-08   0.180504E-08   0.275411E-03   0.583880E+02   0.592843E+02   0.583880E+02  -0.244338E-05   0.489125E+02   0.482866E+02   0.359267E-05
   0.626535E+02   0.410731E+02   0.400985E+02   0.854387E-09   0.833980E-09   0.127439E-03   0.403017E+02   0.409204E+02   0.403017E+02  -0.168652E-05   0.337748E+02   0.331361E+02   0.300124E-05
   0.765251E+02   0.283343E+02   0.274390E+02   0.393707E-09   0.384363E-09   0.588605E-04   0.277677E+02   0.281940E+02   0.277677E+02  -0.116201E-05   0.232843E+02   0.226335E+02   0.250371E-05
   0.934680E+02   0.195155E+02   0.186723E+02   0.180832E-09   0.176582E-09   0.271266E-04   0.190904E+02   0.193834E+02   0.190904E+02  -0.798882E-06   0.160219E+02   0.153609E+02   0.208210E-05
   0.114162E+03   0.134165E+02   0.126081E+02   0.826993E-10   0.807829E-10   0.124688E-04   0.130889E+02   0.132899E+02   0.130889E+02  -0.547738E-06   0.109991E+02   0.103312E+02   0.172237E-05
