#          k/h    CDM            baryon         photon         nu             mass_nu        total          no_nu          total_de       Weyl           v_CDM          v_b            v_b-v_c     
   0.105184E-04   0.723896E+06   0.723896E+06   0.965180E+06   0.965180E+06   0.726633E+06   0.723938E+06   0.723896E+06   0.732267E+06  -0.601802E+00   0.722106E+06   0.722106E+06   0.150211E+00
   0.116143E-04   0.723896E+06   0.723896E+06   0.965177E+06   0.965176E+06   0.726633E+06   0.723938E+06   0.723896E+06   0.732267E+06  -0.601801E+00   0.722106E+06   0.722106E+06   0.165861E+00
   0.128244E-04   0.723896E+06   0.723896E+06   0.965173E+06   0.965172E+06   0.726632E+06   0.723938E+06   0.723896E+06   0.732267E+06  -0.601801E+00   0.722105E+06   0.722105E+06   0.183142E+00
   0.141606E-04   0.723896E+06   0.723896E+06   0.965168E+06   0.965167E+06   0.726632E+06   0.723938E+06   0.723896E+06   0.732267E+06  -0.601801E+00   0.722105E+06   0.722105E+06   0.202223E+00
   0.156360E-04   0.723896E+06   0.723896E+06   0.965162E+06   0.965160E+06   0.726632E+06   0.723938E+06   0.723896E+06   0.732267E+06  -0.601801E+00   0.722105E+06   0.722105E+06   0.223293E+00
   0.172651E-04   0.723896E+06   0.723896E+06   0.965154E+06   0.965153E+06   0.726631E+06   0.723937E+06   0.723896E+06   0.732266E+06  -0.601801E+00   0.722105E+06   0.722105E+06   0.246557E+00
   0.190639E-04   0.723896E+06   0.723896E+06   0.965145E+06   0.965143E+06   0.726630E+06   0.723937E+06   0.723896E+06   0.732266E+06  -0.601801E+00   0.722105E+06   0.722105E+06   0.272246E+00
   0.210501E-04   0.723895E+06   0.723895E+06   0.965134E+06   0.965132E+06   0.726629E+06   0.723937E+06   0.723895E+06   0.732266E+06  -0.601800E+00   0.722105E+06   0.722105E+06   0.300610E+00
   0.232433E-04   0.723895E+06   0.723895E+06   0.965121E+06   0.965118E+06   0.726628E+06   0.723937E+06   0.723895E+06   0.732265E+06  -0.601800E+00   0.722104E+06   0.722104E+06   0.331930E+00
   0.256650E-04   0.723895E+06   0.723895E+06   0.965104E+06   0.965101E+06   0.726626E+06   0.723936E+06   0.723895E+06   0.732265E+06  -0.601799E+00   0.722104E+06   0.722104E+06   0.366513E+00
   0.283390E-04   0.723894E+06   0.723894E+06   0.965084E+06   0.965080E+06   0.726625E+06   0.723936E+06   0.723894E+06   0.732264E+06  -0.601799E+00   0.722104E+06   0.722104E+06   0.404699E+00
   0.312916E-04   0.723894E+06   0.723894E+06   0.965060E+06   0.965055E+06   0.726622E+06   0.723935E+06   0.723894E+06   0.732263E+06  -0.601798E+00   0.722103E+06   0.722103E+06   0.446864E+00
   0.345519E-04   0.723893E+06   0.723893E+06   0.965030E+06   0.965024E+06   0.726620E+06   0.723934E+06   0.723893E+06   0.732262E+06  -0.601797E+00   0.722102E+06   0.722102E+06   0.493421E+00
   0.381518E-04   0.723892E+06   0.723892E+06   0.964994E+06   0.964986E+06   0.726616E+06   0.723934E+06   0.723892E+06   0.732261E+06  -0.601796E+00   0.722102E+06   0.722101E+06   0.544828E+00
   0.421268E-04   0.723891E+06   0.723891E+06   0.964950E+06   0.964940E+06   0.726612E+06   0.723933E+06   0.723891E+06   0.732260E+06  -0.601795E+00   0.722101E+06   0.722100E+06   0.601591E+00
   0.465159E-04   0.723890E+06   0.723890E+06   0.964896E+06   0.964884E+06   0.726608E+06   0.723931E+06   0.723890E+06   0.732258E+06  -0.601794E+00   0.722099E+06   0.722099E+06   0.664268E+00
   0.513623E-04   0.723889E+06   0.723888E+06   0.964830E+06   0.964816E+06   0.726602E+06   0.723930E+06   0.723889E+06   0.732256E+06  -0.601792E+00   0.722098E+06   0.722098E+06   0.733473E+00
   0.567137E-04   0.723887E+06   0.723887E+06   0.964750E+06   0.964733E+06   0.726594E+06   0.723928E+06   0.723887E+06   0.732254E+06  -0.601790E+00   0.722096E+06   0.722096E+06   0.809888E+00
   0.626227E-04   0.723885E+06   0.723885E+06   0.964652E+06   0.964632E+06   0.726586E+06   0.723926E+06   0.723885E+06   0.732250E+06  -0.601787E+00   0.722094E+06   0.722094E+06   0.894263E+00
   0.691473E-04   0.723882E+06   0.723882E+06   0.964533E+06   0.964508E+06   0.726575E+06   0.723923E+06   0.723882E+06   0.732247E+06  -0.601784E+00   0.722091E+06   0.722091E+06   0.987427E+00
   0.763516E-04   0.723879E+06   0.723879E+06   0.964388E+06   0.964357E+06   0.726562E+06   0.723920E+06   0.723879E+06   0.732242E+06  -0.601780E+00   0.722088E+06   0.722088E+06   0.109029E+01
   0.843066E-04   0.723875E+06   0.723875E+06   0.964211E+06   0.964173E+06   0.726546E+06   0.723916E+06   0.723875E+06   0.732237E+06  -0.601775E+00   0.722084E+06   0.722084E+06   0.120387E+01
   0.930904E-04   0.723871E+06   0.723870E+06   0.963996E+06   0.963950E+06   0.726527E+06   0.723911E+06   0.723871E+06   0.732230E+06  -0.601769E+00   0.722080E+06   0.722080E+06   0.132928E+01
   0.102789E-03   0.723865E+06   0.723864E+06   0.963733E+06   0.963677E+06   0.726503E+06   0.723905E+06   0.723865E+06   0.732221E+06  -0.601762E+00   0.722074E+06   0.722074E+06   0.146775E+01
   0.113499E-03   0.723858E+06   0.723857E+06   0.963412E+06   0.963344E+06   0.726474E+06   0.723898E+06   0.723858E+06   0.732211E+06  -0.601753E+00   0.722067E+06   0.722067E+06   0.162064E+01
   0.125324E-03   0.723850E+06   0.723848E+06   0.963022E+06   0.962938E+06   0.726439E+06   0.723889E+06   0.723849E+06   0.732199E+06  -0.601742E+00   0.722058E+06   0.722058E+06   0.178944E+01
   0.138382E-03   0.723839E+06   0.723837E+06   0.962546E+06   0.962444E+06   0.726396E+06   0.723878E+06   0.723839E+06   0.732184E+06  -0.601729E+00   0.722048E+06   0.722048E+06   0.197581E+01
   0.152799E-03   0.723827E+06   0.723824E+06   0.961966E+06   0.961842E+06   0.726344E+06   0.723864E+06   0.723826E+06   0.732166E+06  -0.601713E+00   0.722035E+06   0.722035E+06   0.218157E+01
   0.168719E-03   0.723811E+06   0.723808E+06   0.961259E+06   0.961108E+06   0.726280E+06   0.723848E+06   0.723811E+06   0.732143E+06  -0.601694E+00   0.722020E+06   0.722019E+06   0.240874E+01
   0.186298E-03   0.723792E+06   0.723789E+06   0.960398E+06   0.960214E+06   0.726203E+06   0.723829E+06   0.723792E+06   0.732116E+06  -0.601670E+00   0.722001E+06   0.722000E+06   0.265953E+01
   0.205708E-03   0.723770E+06   0.723766E+06   0.959349E+06   0.959125E+06   0.726108E+06   0.723804E+06   0.723769E+06   0.732083E+06  -0.601641E+00   0.721978E+06   0.721977E+06   0.293640E+01
   0.227141E-03   0.723742E+06   0.723737E+06   0.958071E+06   0.957799E+06   0.725993E+06   0.723775E+06   0.723741E+06   0.732042E+06  -0.601606E+00   0.721949E+06   0.721949E+06   0.324203E+01
   0.250806E-03   0.723708E+06   0.723702E+06   0.956516E+06   0.956184E+06   0.725852E+06   0.723740E+06   0.723707E+06   0.731993E+06  -0.601564E+00   0.721915E+06   0.721914E+06   0.357940E+01
   0.276938E-03   0.723666E+06   0.723659E+06   0.954622E+06   0.954219E+06   0.725681E+06   0.723696E+06   0.723665E+06   0.731933E+06  -0.601511E+00   0.721873E+06   0.721872E+06   0.395178E+01
   0.305791E-03   0.723616E+06   0.723607E+06   0.952318E+06   0.951828E+06   0.725472E+06   0.723643E+06   0.723615E+06   0.731860E+06  -0.601448E+00   0.721822E+06   0.721821E+06   0.436276E+01
   0.337651E-03   0.723555E+06   0.723544E+06   0.949516E+06   0.948920E+06   0.725218E+06   0.723578E+06   0.723553E+06   0.731771E+06  -0.601370E+00   0.721760E+06   0.721759E+06   0.481630E+01
   0.372831E-03   0.723480E+06   0.723467E+06   0.946109E+06   0.945386E+06   0.724908E+06   0.723500E+06   0.723478E+06   0.731662E+06  -0.601276E+00   0.721685E+06   0.721683E+06   0.531675E+01
   0.411676E-03   0.723389E+06   0.723373E+06   0.941971E+06   0.941094E+06   0.724530E+06   0.723404E+06   0.723386E+06   0.731530E+06  -0.601161E+00   0.721593E+06   0.721590E+06   0.586887E+01
   0.454568E-03   0.723278E+06   0.723258E+06   0.936947E+06   0.935884E+06   0.724070E+06   0.723287E+06   0.723275E+06   0.731369E+06  -0.601022E+00   0.721480E+06   0.721478E+06   0.647789E+01
   0.501929E-03   0.723142E+06   0.723119E+06   0.930854E+06   0.929569E+06   0.723511E+06   0.723144E+06   0.723139E+06   0.731174E+06  -0.600852E+00   0.721344E+06   0.721340E+06   0.714953E+01
   0.554224E-03   0.722978E+06   0.722949E+06   0.923475E+06   0.921922E+06   0.722829E+06   0.722971E+06   0.722973E+06   0.730936E+06  -0.600645E+00   0.721177E+06   0.721173E+06   0.789001E+01
   0.611968E-03   0.722778E+06   0.722742E+06   0.914549E+06   0.912678E+06   0.722000E+06   0.722760E+06   0.722772E+06   0.730648E+06  -0.600394E+00   0.720974E+06   0.720969E+06   0.870613E+01
   0.675728E-03   0.722534E+06   0.722491E+06   0.903771E+06   0.901522E+06   0.720992E+06   0.722504E+06   0.722527E+06   0.730297E+06  -0.600089E+00   0.720728E+06   0.720722E+06   0.960526E+01
   0.746132E-03   0.722237E+06   0.722185E+06   0.890786E+06   0.888090E+06   0.719766E+06   0.722192E+06   0.722229E+06   0.729872E+06  -0.599719E+00   0.720427E+06   0.720420E+06   0.105954E+02
   0.823870E-03   0.721877E+06   0.721813E+06   0.875182E+06   0.871965E+06   0.718278E+06   0.721813E+06   0.721867E+06   0.729356E+06  -0.599270E+00   0.720062E+06   0.720054E+06   0.116850E+02
   0.909708E-03   0.721440E+06   0.721362E+06   0.856492E+06   0.852670E+06   0.716470E+06   0.721352E+06   0.721428E+06   0.728733E+06  -0.598727E+00   0.719618E+06   0.719608E+06   0.128833E+02
   0.100449E-02   0.720909E+06   0.720814E+06   0.834194E+06   0.829680E+06   0.714279E+06   0.720794E+06   0.720894E+06   0.727980E+06  -0.598070E+00   0.719080E+06   0.719067E+06   0.142002E+02
   0.110915E-02   0.720265E+06   0.720150E+06   0.807720E+06   0.802428E+06   0.711626E+06   0.720116E+06   0.720247E+06   0.727072E+06  -0.597278E+00   0.718426E+06   0.718410E+06   0.156457E+02
   0.122471E-02   0.719486E+06   0.719345E+06   0.776475E+06   0.770326E+06   0.708416E+06   0.719296E+06   0.719464E+06   0.725980E+06  -0.596324E+00   0.717633E+06   0.717614E+06   0.172305E+02
   0.135231E-02   0.718544E+06   0.718372E+06   0.739869E+06   0.732805E+06   0.704495E+06   0.718304E+06   0.718518E+06   0.724670E+06  -0.595178E+00   0.716673E+06   0.716650E+06   0.189658E+02
   0.149320E-02   0.717408E+06   0.717198E+06   0.697369E+06   0.689368E+06   0.699768E+06   0.717108E+06   0.717375E+06   0.723104E+06  -0.593807E+00   0.715513E+06   0.715485E+06   0.208625E+02
   0.164878E-02   0.716039E+06   0.715784E+06   0.648577E+06   0.639677E+06   0.694126E+06   0.715667E+06   0.715999E+06   0.721240E+06  -0.592171E+00   0.714113E+06   0.714079E+06   0.229315E+02
   0.182056E-02   0.714395E+06   0.714084E+06   0.593336E+06   0.583661E+06   0.687394E+06   0.713937E+06   0.714346E+06   0.719031E+06  -0.590229E+00   0.712428E+06   0.712386E+06   0.251836E+02
   0.201024E-02   0.712426E+06   0.712048E+06   0.531875E+06   0.521668E+06   0.679376E+06   0.711865E+06   0.712367E+06   0.716427E+06  -0.587937E+00   0.710405E+06   0.710354E+06   0.276285E+02
   0.221969E-02   0.710077E+06   0.709616E+06   0.464971E+06   0.454623E+06   0.669870E+06   0.709395E+06   0.710004E+06   0.713379E+06  -0.585246E+00   0.707984E+06   0.707923E+06   0.302751E+02
   0.245096E-02   0.707285E+06   0.706725E+06   0.394135E+06   0.384201E+06   0.658652E+06   0.706460E+06   0.707198E+06   0.709834E+06  -0.582111E+00   0.705098E+06   0.705024E+06   0.331311E+02
   0.270632E-02   0.703985E+06   0.703304E+06   0.321746E+06   0.312938E+06   0.645501E+06   0.702992E+06   0.703879E+06   0.705744E+06  -0.578488E+00   0.701674E+06   0.701585E+06   0.362028E+02
   0.298829E-02   0.700106E+06   0.699278E+06   0.251104E+06   0.244217E+06   0.630207E+06   0.698916E+06   0.699977E+06   0.701065E+06  -0.574339E+00   0.697634E+06   0.697527E+06   0.394954E+02
   0.329963E-02   0.695576E+06   0.694569E+06   0.186250E+06   0.182027E+06   0.612591E+06   0.694160E+06   0.695418E+06   0.695756E+06  -0.569635E+00   0.692897E+06   0.692769E+06   0.430135E+02
   0.364342E-02   0.690323E+06   0.689101E+06   0.131478E+06   0.130374E+06   0.592535E+06   0.688648E+06   0.690132E+06   0.689780E+06  -0.564354E+00   0.687387E+06   0.687233E+06   0.467621E+02
   0.402302E-02   0.684280E+06   0.682796E+06   0.904191E+05   0.923137E+05   0.570010E+06   0.682315E+06   0.684048E+06   0.683100E+06  -0.558484E+00   0.681031E+06   0.680846E+06   0.507480E+02
   0.444218E-02   0.677385E+06   0.675586E+06   0.647880E+05   0.687468E+05   0.545113E+06   0.675097E+06   0.677103E+06   0.675667E+06  -0.552011E+00   0.673768E+06   0.673546E+06   0.549812E+02
   0.490500E-02   0.669584E+06   0.667406E+06   0.531456E+05   0.574395E+05   0.518088E+06   0.666946E+06   0.669242E+06   0.667416E+06  -0.544918E+00   0.665553E+06   0.665288E+06   0.594755E+02
   0.541605E-02   0.660829E+06   0.658194E+06   0.504382E+05   0.530527E+05   0.489347E+06   0.657817E+06   0.660416E+06   0.658259E+06  -0.537168E+00   0.656355E+06   0.656040E+06   0.642479E+02
   0.598034E-02   0.651078E+06   0.647894E+06   0.492783E+05   0.489645E+05   0.459447E+06   0.647675E+06   0.650579E+06   0.648099E+06  -0.528698E+00   0.646156E+06   0.645780E+06   0.693151E+02
   0.660342E-02   0.640289E+06   0.636447E+06   0.433818E+05   0.407593E+05   0.429039E+06   0.636486E+06   0.639687E+06   0.636853E+06  -0.519431E+00   0.634938E+06   0.634491E+06   0.746880E+02
   0.729143E-02   0.628418E+06   0.623790E+06   0.317582E+05   0.293299E+05   0.398773E+06   0.624214E+06   0.627693E+06   0.624481E+06  -0.509292E+00   0.622673E+06   0.622142E+06   0.803658E+02
   0.805111E-02   0.615422E+06   0.609859E+06   0.198996E+05   0.200266E+05   0.369185E+06   0.610822E+06   0.614550E+06   0.610994E+06  -0.498235E+00   0.609320E+06   0.608690E+06   0.863321E+02
   0.888995E-02   0.601264E+06   0.594591E+06   0.145291E+05   0.165895E+05   0.340613E+06   0.596273E+06   0.600218E+06   0.596404E+06  -0.486251E+00   0.594828E+06   0.594083E+06   0.925569E+02
   0.981618E-02   0.585911E+06   0.577928E+06   0.151327E+05   0.143167E+05   0.313185E+06   0.580534E+06   0.584660E+06   0.580663E+06  -0.473338E+00   0.579153E+06   0.578272E+06   0.989974E+02
   0.108389E-01   0.569337E+06   0.559817E+06   0.139304E+05   0.114012E+05   0.286898E+06   0.563576E+06   0.567845E+06   0.563689E+06  -0.459458E+00   0.562279E+06   0.561241E+06   0.105593E+03
   0.119682E-01   0.551516E+06   0.540205E+06   0.850419E+04   0.905072E+04   0.261712E+06   0.545367E+06   0.549744E+06   0.545442E+06  -0.444566E+00   0.544176E+06   0.542958E+06   0.112248E+03
   0.132152E-01   0.532508E+06   0.519126E+06   0.609703E+04   0.715844E+04   0.236509E+06   0.525944E+06   0.530411E+06   0.526000E+06  -0.428689E+00   0.524897E+06   0.523473E+06   0.118827E+03
   0.145920E-01   0.512133E+06   0.496387E+06   0.675898E+04   0.563756E+04   0.211903E+06   0.505141E+06   0.509666E+06   0.505196E+06  -0.411702E+00   0.504238E+06   0.502582E+06   0.125148E+03
   0.161124E-01   0.490453E+06   0.472041E+06   0.412161E+04   0.442009E+04   0.187520E+06   0.483008E+06   0.487568E+06   0.483044E+06  -0.393640E+00   0.482264E+06   0.480351E+06   0.130975E+03
   0.177911E-01   0.467440E+06   0.446078E+06   0.336296E+04   0.344766E+04   0.163632E+06   0.459527E+06   0.464092E+06   0.459556E+06  -0.374481E+00   0.458949E+06   0.456755E+06   0.136005E+03
   0.196447E-01   0.443183E+06   0.418629E+06   0.291590E+04   0.267437E+04   0.141716E+06   0.434813E+06   0.439335E+06   0.434837E+06  -0.354327E+00   0.434393E+06   0.431902E+06   0.139868E+03
   0.216915E-01   0.417764E+06   0.389861E+06   0.191631E+04   0.206211E+04   0.122213E+06   0.408967E+06   0.413392E+06   0.408984E+06  -0.333252E+00   0.408697E+06   0.405902E+06   0.142126E+03
   0.239515E-01   0.391327E+06   0.360057E+06   0.161826E+04   0.157939E+04   0.104114E+06   0.382137E+06   0.386427E+06   0.382151E+06  -0.311380E+00   0.382015E+06   0.378926E+06   0.142282E+03
   0.264470E-01   0.364121E+06   0.329671E+06   0.131554E+04   0.120121E+04   0.870579E+05   0.354594E+06   0.358722E+06   0.354605E+06  -0.288929E+00   0.354613E+06   0.351261E+06   0.139818E+03
   0.292025E-01   0.336508E+06   0.299344E+06   0.785046E+03   0.907265E+03   0.720878E+05   0.326754E+06   0.330684E+06   0.326761E+06  -0.266239E+00   0.326891E+06   0.323337E+06   0.134246E+03
   0.322450E-01   0.308968E+06   0.269901E+06   0.654636E+03   0.680818E+03   0.593575E+05   0.299146E+06   0.302846E+06   0.299152E+06  -0.243739E+00   0.299372E+06   0.295712E+06   0.125197E+03
   0.356046E-01   0.282107E+06   0.242331E+06   0.557390E+03   0.508206E+03   0.482655E+05   0.272416E+06   0.275874E+06   0.272420E+06  -0.221956E+00   0.272705E+06   0.269072E+06   0.112542E+03
   0.393142E-01   0.256604E+06   0.217675E+06   0.439965E+03   0.378221E+03   0.388590E+05   0.247288E+06   0.250504E+06   0.247291E+06  -0.201480E+00   0.247605E+06   0.244164E+06   0.965472E+02
   0.434103E-01   0.233123E+06   0.196832E+06   0.354116E+03   0.281530E+03   0.312374E+05   0.224455E+06   0.227436E+06   0.224458E+06  -0.182875E+00   0.224762E+06   0.221691E+06   0.780165E+02
   0.477513E-01   0.212854E+06   0.180763E+06   0.212656E+03   0.212596E+03   0.252483E+05   0.205051E+06   0.207826E+06   0.205053E+06  -0.167064E+00   0.205316E+06   0.202756E+06   0.591414E+02
   0.520924E-01   0.196669E+06   0.169517E+06   0.165475E+03   0.165429E+03   0.208577E+05   0.189807E+06   0.192414E+06   0.189808E+06  -0.154643E+00   0.190016E+06   0.188008E+06   0.425139E+02
   0.564334E-01   0.183370E+06   0.161173E+06   0.131868E+03   0.131831E+03   0.174768E+05   0.177423E+06   0.179892E+06   0.177425E+06  -0.144552E+00   0.177575E+06   0.176085E+06   0.291211E+02
   0.607744E-01   0.172052E+06   0.154214E+06   0.107019E+03   0.106989E+03   0.148598E+05   0.166911E+06   0.169257E+06   0.166912E+06  -0.135987E+00   0.167013E+06   0.165946E+06   0.193727E+02
   0.651155E-01   0.162054E+06   0.147553E+06   0.880260E+02   0.880012E+02   0.127203E+05   0.157547E+06   0.159782E+06   0.157548E+06  -0.128357E+00   0.157618E+06   0.156841E+06   0.131690E+02
   0.694565E-01   0.152791E+06   0.140411E+06   0.730432E+02   0.730227E+02   0.109552E+05   0.148725E+06   0.150851E+06   0.148726E+06  -0.121170E+00   0.148784E+06   0.148153E+06   0.100230E+02
   0.737975E-01   0.143830E+06   0.132382E+06   0.609076E+02   0.608904E+02   0.943658E+04   0.140021E+06   0.142036E+06   0.140021E+06  -0.114078E+00   0.140086E+06   0.139471E+06   0.920170E+01
   0.781386E-01   0.135009E+06   0.123516E+06   0.509289E+02   0.509146E+02   0.814300E+04   0.131307E+06   0.133208E+06   0.131308E+06  -0.106978E+00   0.131392E+06   0.130693E+06   0.987038E+01
   0.824796E-01   0.126399E+06   0.114218E+06   0.426915E+02   0.426795E+02   0.701538E+04   0.122705E+06   0.124490E+06   0.122705E+06  -0.999696E-01   0.122816E+06   0.121977E+06   0.112235E+02
   0.868206E-01   0.118188E+06   0.105056E+06   0.359170E+02   0.359069E+02   0.605992E+04   0.114457E+06   0.116130E+06   0.114458E+06  -0.932501E-01   0.114596E+06   0.113605E+06   0.125883E+02
   0.911617E-01   0.110559E+06   0.965667E+05   0.303795E+02   0.303710E+02   0.524573E+04   0.106799E+06   0.108366E+06   0.106800E+06  -0.870111E-01   0.106961E+06   0.105846E+06   0.134900E+02
   0.965767E-01   0.102066E+06   0.875317E+05   0.249096E+02   0.249026E+02   0.442081E+04   0.983394E+05   0.997886E+05   0.983396E+05  -0.801185E-01   0.985163E+05   0.973259E+05   0.135970E+02
   0.101992E+00   0.948765E+05   0.806324E+05   0.207296E+02   0.207238E+02   0.377049E+04   0.912939E+05   0.926444E+05   0.912941E+05  -0.743784E-01   0.914689E+05   0.903097E+05   0.125374E+02
   0.107407E+00   0.890350E+05   0.758947E+05   0.175501E+02   0.175452E+02   0.325984E+04   0.857038E+05   0.869759E+05   0.857039E+05  -0.698239E-01   0.858620E+05   0.848292E+05   0.106073E+02
   0.112822E+00   0.843656E+05   0.728887E+05   0.151059E+02   0.151016E+02   0.286264E+04   0.813559E+05   0.825671E+05   0.813561E+05  -0.662816E-01   0.814883E+05   0.806406E+05   0.828828E+01
   0.118237E+00   0.805068E+05   0.708754E+05   0.131666E+02   0.131629E+02   0.253908E+04   0.778357E+05   0.789976E+05   0.778358E+05  -0.634136E-01   0.779399E+05   0.772888E+05   0.607450E+01
   0.123652E+00   0.770613E+05   0.690805E+05   0.115589E+02   0.115556E+02   0.226611E+04   0.746931E+05   0.758107E+05   0.746932E+05  -0.608533E-01   0.747735E+05   0.742871E+05   0.433983E+01
   0.129067E+00   0.737216E+05   0.669215E+05   0.101710E+02   0.101681E+02   0.202577E+04   0.715827E+05   0.726560E+05   0.715828E+05  -0.583191E-01   0.716480E+05   0.712655E+05   0.326935E+01
   0.134482E+00   0.703166E+05   0.641121E+05   0.894163E+01   0.893911E+01   0.180623E+04   0.683180E+05   0.693443E+05   0.683181E+05  -0.556593E-01   0.683785E+05   0.680304E+05   0.285513E+01
   0.139897E+00   0.668091E+05   0.606633E+05   0.784402E+01   0.784181E+01   0.160738E+04   0.648698E+05   0.658460E+05   0.648699E+05  -0.528501E-01   0.649344E+05   0.645614E+05   0.294091E+01
   0.145312E+00   0.632611E+05   0.568104E+05   0.687014E+01   0.686821E+01   0.142624E+04   0.613260E+05   0.622503E+05   0.613261E+05  -0.499629E-01   0.614000E+05   0.609661E+05   0.329336E+01
   0.150727E+00   0.597901E+05   0.529032E+05   0.601904E+01   0.601735E+01   0.126456E+04   0.578380E+05   0.587110E+05   0.578381E+05  -0.471211E-01   0.579225E+05   0.574201E+05   0.367635E+01
   0.156142E+00   0.565390E+05   0.493065E+05   0.529044E+01   0.528896E+01   0.112460E+04   0.545808E+05   0.554056E+05   0.545808E+05  -0.444674E-01   0.546730E+05   0.541197E+05   0.390873E+01
   0.161557E+00   0.536448E+05   0.463135E+05   0.468076E+01   0.467944E+01   0.100547E+04   0.517136E+05   0.524960E+05   0.517136E+05  -0.421315E-01   0.518084E+05   0.512378E+05   0.389560E+01
   0.166972E+00   0.511848E+05   0.440622E+05   0.417916E+01   0.417799E+01   0.906128E+03   0.493216E+05   0.500687E+05   0.493217E+05  -0.401827E-01   0.494134E+05   0.488637E+05   0.363187E+01
   0.172387E+00   0.491378E+05   0.424974E+05   0.376697E+01   0.376592E+01   0.825053E+03   0.473789E+05   0.480973E+05   0.473789E+05  -0.386000E-01   0.474629E+05   0.469655E+05   0.318325E+01
   0.177802E+00   0.474038E+05   0.414149E+05   0.342200E+01   0.342104E+01   0.755300E+03   0.457707E+05   0.464653E+05   0.457708E+05  -0.372898E-01   0.458443E+05   0.454166E+05   0.265349E+01
   0.183217E+00   0.458679E+05   0.405646E+05   0.312482E+01   0.312394E+01   0.695451E+03   0.443631E+05   0.450369E+05   0.443631E+05  -0.361429E-01   0.444260E+05   0.440690E+05   0.214908E+01
   0.188632E+00   0.444257E+05   0.397163E+05   0.286058E+01   0.285978E+01   0.641288E+03   0.430336E+05   0.436877E+05   0.430336E+05  -0.350598E-01   0.430878E+05   0.427882E+05   0.175161E+01
   0.194047E+00   0.429871E+05   0.386947E+05   0.261864E+01   0.261790E+01   0.591070E+03   0.416805E+05   0.423145E+05   0.416805E+05  -0.339574E-01   0.417293E+05   0.414650E+05   0.150248E+01
   0.199462E+00   0.414926E+05   0.374103E+05   0.239277E+01   0.239210E+01   0.544040E+03   0.402403E+05   0.408529E+05   0.402404E+05  -0.327841E-01   0.402874E+05   0.400341E+05   0.140072E+01
   0.204877E+00   0.399355E+05   0.358817E+05   0.218140E+01   0.218079E+01   0.499052E+03   0.387106E+05   0.393003E+05   0.387106E+05  -0.315378E-01   0.387588E+05   0.384966E+05   0.141154E+01
   0.210292E+00   0.383579E+05   0.342157E+05   0.198612E+01   0.198556E+01   0.457417E+03   0.371428E+05   0.377089E+05   0.371428E+05  -0.302605E-01   0.371938E+05   0.369113E+05   0.148173E+01
   0.215707E+00   0.368197E+05   0.325538E+05   0.180912E+01   0.180861E+01   0.419249E+03   0.356083E+05   0.361512E+05   0.356083E+05  -0.290103E-01   0.356624E+05   0.353580E+05   0.155661E+01
   0.221122E+00   0.353740E+05   0.310238E+05   0.165168E+01   0.165122E+01   0.384870E+03   0.341710E+05   0.346923E+05   0.341710E+05  -0.278393E-01   0.342272E+05   0.339078E+05   0.159366E+01
   0.226537E+00   0.340597E+05   0.297156E+05   0.151385E+01   0.151342E+01   0.354882E+03   0.328771E+05   0.333790E+05   0.328771E+05  -0.267852E-01   0.329337E+05   0.326112E+05   0.157026E+01
   0.231952E+00   0.328963E+05   0.286664E+05   0.139441E+01   0.139401E+01   0.328442E+03   0.317487E+05   0.322335E+05   0.317487E+05  -0.258659E-01   0.318035E+05   0.314913E+05   0.148495E+01
   0.237367E+00   0.318785E+05   0.278568E+05   0.129095E+01   0.129058E+01   0.305504E+03   0.307781E+05   0.312483E+05   0.307781E+05  -0.250751E-01   0.308297E+05   0.305384E+05   0.135341E+01
   0.242782E+00   0.309781E+05   0.272216E+05   0.120031E+01   0.119997E+01   0.285426E+03   0.299320E+05   0.303895E+05   0.299320E+05  -0.243858E-01   0.299794E+05   0.297151E+05   0.120095E+01
   0.248197E+00   0.301551E+05   0.266738E+05   0.111926E+01   0.111894E+01   0.267099E+03   0.291637E+05   0.296096E+05   0.291637E+05  -0.237598E-01   0.292069E+05   0.289697E+05   0.105420E+01
   0.253612E+00   0.293677E+05   0.261285E+05   0.104502E+01   0.104472E+01   0.250433E+03   0.284254E+05   0.288601E+05   0.284254E+05  -0.231583E-01   0.284651E+05   0.282503E+05   0.934109E+00
   0.259027E+00   0.285819E+05   0.255223E+05   0.975569E+00   0.975295E+00   0.234717E+03   0.276790E+05   0.281025E+05   0.276790E+05  -0.225502E-01   0.277164E+05   0.275163E+05   0.851920E+00
   0.264443E+00   0.277797E+05   0.248274E+05   0.909866E+00   0.909609E+00   0.219640E+03   0.269053E+05   0.273171E+05   0.269053E+05  -0.219199E-01   0.269416E+05   0.267478E+05   0.808223E+00
   0.269858E+00   0.269627E+05   0.240535E+05   0.847730E+00   0.847491E+00   0.205520E+03   0.261071E+05   0.265068E+05   0.261071E+05  -0.212696E-01   0.261433E+05   0.259489E+05   0.794819E+00
   0.275273E+00   0.261453E+05   0.232373E+05   0.789479E+00   0.789256E+00   0.192042E+03   0.253022E+05   0.256896E+05   0.253022E+05  -0.206138E-01   0.253389E+05   0.251397E+05   0.798421E+00
   0.280688E+00   0.253463E+05   0.224251E+05   0.735516E+00   0.735309E+00   0.179544E+03   0.245130E+05   0.248885E+05   0.245130E+05  -0.199709E-01   0.245505E+05   0.243457E+05   0.804897E+00
   0.286103E+00   0.245831E+05   0.216606E+05   0.686131E+00   0.685938E+00   0.168111E+03   0.237611E+05   0.241252E+05   0.237611E+05  -0.193583E-01   0.237989E+05   0.235907E+05   0.802840E+00
   0.291518E+00   0.238715E+05   0.209770E+05   0.641451E+00   0.641270E+00   0.157563E+03   0.230644E+05   0.234179E+05   0.230644E+05  -0.187907E-01   0.231020E+05   0.228944E+05   0.785751E+00
   0.296933E+00   0.232203E+05   0.203901E+05   0.601333E+00   0.601164E+00   0.148203E+03   0.224330E+05   0.227768E+05   0.224330E+05  -0.182763E-01   0.224696E+05   0.222671E+05   0.752590E+00
   0.302348E+00   0.226280E+05   0.198944E+05   0.565314E+00   0.565155E+00   0.139716E+03   0.218644E+05   0.221996E+05   0.218644E+05  -0.178131E-01   0.218997E+05   0.217059E+05   0.706936E+00
   0.307763E+00   0.220833E+05   0.194665E+05   0.532705E+00   0.532555E+00   0.131939E+03   0.213459E+05   0.216733E+05   0.213459E+05  -0.173906E-01   0.213794E+05   0.211966E+05   0.655193E+00
   0.313178E+00   0.215715E+05   0.190757E+05   0.502794E+00   0.502652E+00   0.124932E+03   0.208604E+05   0.211804E+05   0.208604E+05  -0.169951E-01   0.208921E+05   0.207205E+05   0.604429E+00
   0.318593E+00   0.210789E+05   0.186938E+05   0.474986E+00   0.474852E+00   0.118242E+03   0.203923E+05   0.207051E+05   0.203923E+05  -0.166137E-01   0.204224E+05   0.202606E+05   0.560487E+00
   0.324008E+00   0.205950E+05   0.182996E+05   0.448843E+00   0.448717E+00   0.112012E+03   0.199295E+05   0.202353E+05   0.199295E+05  -0.162367E-01   0.199585E+05   0.198038E+05   0.526780E+00
   0.329423E+00   0.201128E+05   0.178819E+05   0.424080E+00   0.423961E+00   0.106115E+03   0.194645E+05   0.197632E+05   0.194645E+05  -0.158579E-01   0.194927E+05   0.193422E+05   0.503914E+00
   0.334838E+00   0.196302E+05   0.174406E+05   0.400571E+00   0.400458E+00   0.100390E+03   0.189955E+05   0.192871E+05   0.189955E+05  -0.154757E-01   0.190233E+05   0.188746E+05   0.490062E+00
   0.340253E+00   0.191506E+05   0.169862E+05   0.378332E+00   0.378225E+00   0.950804E+02   0.185270E+05   0.188114E+05   0.185270E+05  -0.150941E-01   0.185547E+05   0.184061E+05   0.481848E+00
   0.345668E+00   0.186814E+05   0.165352E+05   0.357457E+00   0.357357E+00   0.900088E+02   0.180677E+05   0.183451E+05   0.180677E+05  -0.147198E-01   0.180953E+05   0.179463E+05   0.475444E+00
   0.351083E+00   0.182299E+05   0.161039E+05   0.338026E+00   0.337930E+00   0.852778E+02   0.176261E+05   0.178968E+05   0.176261E+05  -0.143601E-01   0.176536E+05   0.175048E+05   0.467566E+00
   0.356498E+00   0.178010E+05   0.157036E+05   0.320045E+00   0.319955E+00   0.809378E+02   0.172080E+05   0.174723E+05   0.172080E+05  -0.140195E-01   0.172352E+05   0.170878E+05   0.456152E+00
   0.361913E+00   0.173964E+05   0.153392E+05   0.303457E+00   0.303371E+00   0.768425E+02   0.168157E+05   0.170740E+05   0.168157E+05  -0.136999E-01   0.168424E+05   0.166979E+05   0.440610E+00
   0.367328E+00   0.170159E+05   0.150096E+05   0.288153E+00   0.288072E+00   0.731232E+02   0.164488E+05   0.167015E+05   0.164488E+05  -0.134009E-01   0.164748E+05   0.163344E+05   0.421657E+00
   0.372743E+00   0.166572E+05   0.147090E+05   0.273994E+00   0.273917E+00   0.696423E+02   0.161045E+05   0.163520E+05   0.161045E+05  -0.131204E-01   0.161297E+05   0.159942E+05   0.400883E+00
   0.378158E+00   0.163162E+05   0.144280E+05   0.260816E+00   0.260742E+00   0.663840E+02   0.157779E+05   0.160203E+05   0.157779E+05  -0.128543E-01   0.158022E+05   0.156718E+05   0.380192E+00
   0.383573E+00   0.159873E+05   0.141563E+05   0.248451E+00   0.248381E+00   0.633698E+02   0.154628E+05   0.157004E+05   0.154628E+05  -0.125976E-01   0.154863E+05   0.153607E+05   0.361272E+00
   0.388988E+00   0.156660E+05   0.138852E+05   0.236765E+00   0.236698E+00   0.604517E+02   0.151540E+05   0.153870E+05   0.151540E+05  -0.123461E-01   0.151769E+05   0.150551E+05   0.345220E+00
   0.394403E+00   0.153495E+05   0.136103E+05   0.225670E+00   0.225606E+00   0.577162E+02   0.148487E+05   0.150770E+05   0.148488E+05  -0.120974E-01   0.148711E+05   0.147522E+05   0.332387E+00
   0.399818E+00   0.150373E+05   0.133311E+05   0.215123E+00   0.215063E+00   0.551088E+02   0.145463E+05   0.147699E+05   0.145463E+05  -0.118509E-01   0.145682E+05   0.144514E+05   0.322422E+00
   0.405233E+00   0.147299E+05   0.130504E+05   0.205109E+00   0.205051E+00   0.525970E+02   0.142477E+05   0.144667E+05   0.142477E+05  -0.116077E-01   0.142693E+05   0.141538E+05   0.314484E+00
   0.410648E+00   0.144291E+05   0.127725E+05   0.195625E+00   0.195570E+00   0.502524E+02   0.139549E+05   0.141695E+05   0.139549E+05  -0.113691E-01   0.139763E+05   0.138619E+05   0.307527E+00
   0.416063E+00   0.141368E+05   0.125027E+05   0.186676E+00   0.186624E+00   0.480095E+02   0.136705E+05   0.138807E+05   0.136705E+05  -0.111374E-01   0.136917E+05   0.135783E+05   0.300588E+00
   0.421478E+00   0.138550E+05   0.122453E+05   0.178264E+00   0.178214E+00   0.459017E+02   0.133968E+05   0.136028E+05   0.133968E+05  -0.109144E-01   0.134176E+05   0.133057E+05   0.292989E+00
   0.426893E+00   0.135850E+05   0.120028E+05   0.170374E+00   0.170326E+00   0.439367E+02   0.131350E+05   0.133370E+05   0.131350E+05  -0.107012E-01   0.131556E+05   0.130455E+05   0.284443E+00
   0.432308E+00   0.133266E+05   0.117752E+05   0.162975E+00   0.162929E+00   0.420729E+02   0.128853E+05   0.130835E+05   0.128853E+05  -0.104977E-01   0.129055E+05   0.127977E+05   0.275034E+00
   0.437723E+00   0.130790E+05   0.115608E+05   0.156024E+00   0.155980E+00   0.403291E+02   0.126466E+05   0.128411E+05   0.126466E+05  -0.103032E-01   0.126662E+05   0.125610E+05   0.265127E+00
   0.443138E+00   0.128405E+05   0.113564E+05   0.149472E+00   0.149430E+00   0.386790E+02   0.124169E+05   0.126080E+05   0.124169E+05  -0.101161E-01   0.124362E+05   0.123336E+05   0.255224E+00
   0.448553E+00   0.126096E+05   0.111587E+05   0.143276E+00   0.143235E+00   0.371052E+02   0.121946E+05   0.123822E+05   0.121946E+05  -0.993501E-02   0.122134E+05   0.121134E+05   0.245812E+00
   0.453968E+00   0.123848E+05   0.109649E+05   0.137395E+00   0.137356E+00   0.356271E+02   0.119780E+05   0.121623E+05   0.119780E+05  -0.975852E-02   0.119963E+05   0.118987E+05   0.237246E+00
   0.459383E+00   0.121650E+05   0.107731E+05   0.131799E+00   0.131762E+00   0.342070E+02   0.117658E+05   0.119468E+05   0.117658E+05  -0.958567E-02   0.117838E+05   0.116882E+05   0.229687E+00
   0.464798E+00   0.119493E+05   0.105823E+05   0.126464E+00   0.126428E+00   0.328513E+02   0.115573E+05   0.117351E+05   0.115573E+05  -0.941579E-02   0.115750E+05   0.114810E+05   0.223095E+00
   0.470213E+00   0.117378E+05   0.103928E+05   0.121375E+00   0.121341E+00   0.315736E+02   0.113523E+05   0.115270E+05   0.113523E+05  -0.924880E-02   0.113698E+05   0.112771E+05   0.217277E+00
   0.475629E+00   0.115308E+05   0.102061E+05   0.116528E+00   0.116495E+00   0.303304E+02   0.111516E+05   0.113232E+05   0.111516E+05  -0.908524E-02   0.111688E+05   0.110774E+05   0.211955E+00
   0.481044E+00   0.113291E+05   0.100239E+05   0.111920E+00   0.111888E+00   0.291639E+02   0.109559E+05   0.111245E+05   0.109559E+05  -0.892585E-02   0.109729E+05   0.108827E+05   0.206845E+00
   0.486459E+00   0.111331E+05   0.984752E+04   0.107543E+00   0.107513E+00   0.280551E+02   0.107660E+05   0.109317E+05   0.107660E+05  -0.877110E-02   0.107827E+05   0.106937E+05   0.201722E+00
   0.491874E+00   0.109431E+05   0.967767E+04   0.103390E+00   0.103361E+00   0.269795E+02   0.105820E+05   0.107448E+05   0.105820E+05  -0.862118E-02   0.105984E+05   0.105108E+05   0.196461E+00
   0.497289E+00   0.107591E+05   0.951461E+04   0.994489E-01   0.994209E-01   0.259841E+02   0.104040E+05   0.105641E+05   0.104040E+05  -0.847616E-02   0.104201E+05   0.103340E+05   0.191043E+00
   0.502704E+00   0.105811E+05   0.935812E+04   0.957090E-01   0.956820E-01   0.250188E+02   0.102319E+05   0.103894E+05   0.102319E+05  -0.833600E-02   0.102478E+05   0.101633E+05   0.185540E+00
   0.508119E+00   0.104085E+05   0.920741E+04   0.921558E-01   0.921298E-01   0.241074E+02   0.100654E+05   0.102203E+05   0.100654E+05  -0.820032E-02   0.100810E+05   0.999804E+04   0.180072E+00
   0.513534E+00   0.102409E+05   0.906124E+04   0.887727E-01   0.887477E-01   0.232525E+02   0.990358E+04   0.100560E+05   0.990358E+04  -0.806849E-02   0.991889E+04   0.983753E+04   0.174776E+00
   0.518949E+00   0.100774E+05   0.891841E+04   0.855447E-01   0.855206E-01   0.224119E+02   0.974572E+04   0.989575E+04   0.974572E+04  -0.793988E-02   0.976076E+04   0.968090E+04   0.169760E+00
   0.524364E+00   0.991754E+04   0.877818E+04   0.824599E-01   0.824367E-01   0.216317E+02   0.959133E+04   0.973900E+04   0.959133E+04  -0.781411E-02   0.960613E+04   0.952765E+04   0.165088E+00
   0.529779E+00   0.976120E+04   0.864022E+04   0.795099E-01   0.794875E-01   0.208676E+02   0.944020E+04   0.958554E+04   0.944020E+04  -0.769097E-02   0.945475E+04   0.937754E+04   0.160768E+00
   0.535194E+00   0.960819E+04   0.850443E+04   0.766872E-01   0.766656E-01   0.201342E+02   0.929216E+04   0.943523E+04   0.929216E+04  -0.757037E-02   0.930650E+04   0.923044E+04   0.156762E+00
   0.540609E+00   0.945841E+04   0.837096E+04   0.739855E-01   0.739646E-01   0.194502E+02   0.914716E+04   0.928801E+04   0.914716E+04  -0.745224E-02   0.916130E+04   0.908631E+04   0.152998E+00
   0.546024E+00   0.931192E+04   0.824017E+04   0.714002E-01   0.713801E-01   0.187672E+02   0.900531E+04   0.914398E+04   0.900531E+04  -0.733667E-02   0.901925E+04   0.894530E+04   0.149396E+00
   0.551439E+00   0.916894E+04   0.811259E+04   0.689284E-01   0.689090E-01   0.181374E+02   0.886687E+04   0.900341E+04   0.886687E+04  -0.722388E-02   0.888062E+04   0.880769E+04   0.145884E+00
   0.556854E+00   0.902967E+04   0.798863E+04   0.665665E-01   0.665477E-01   0.175291E+02   0.873207E+04   0.886654E+04   0.873207E+04  -0.711406E-02   0.874562E+04   0.867373E+04   0.142413E+00
   0.562269E+00   0.889401E+04   0.786832E+04   0.643091E-01   0.642910E-01   0.169330E+02   0.860083E+04   0.873329E+04   0.860083E+04  -0.700714E-02   0.861419E+04   0.854336E+04   0.138961E+00
   0.567684E+00   0.876181E+04   0.775151E+04   0.621505E-01   0.621330E-01   0.163926E+02   0.847301E+04   0.860350E+04   0.847301E+04  -0.690300E-02   0.848616E+04   0.841641E+04   0.135535E+00
   0.573099E+00   0.863291E+04   0.763793E+04   0.600850E-01   0.600681E-01   0.158408E+02   0.834842E+04   0.847700E+04   0.834842E+04  -0.680150E-02   0.836137E+04   0.829271E+04   0.132159E+00
   0.578514E+00   0.850718E+04   0.752734E+04   0.581075E-01   0.580912E-01   0.153375E+02   0.822693E+04   0.835364E+04   0.822693E+04  -0.670252E-02   0.823969E+04   0.817210E+04   0.128869E+00
   0.629782E+00   0.744513E+04   0.658765E+04   0.429104E-01   0.428983E-01   0.113860E+02   0.719984E+04   0.731076E+04   0.719984E+04  -0.586575E-02   0.721102E+04   0.715187E+04   0.103599E+00
   0.769218E+00   0.541732E+04   0.479397E+04   0.209295E-01   0.209236E-01   0.560114E+01   0.523888E+04   0.531964E+04   0.523888E+04  -0.426814E-02   0.524703E+04   0.520407E+04   0.615977E-01
   0.939525E+00   0.392236E+04   0.347118E+04   0.101579E-01   0.101550E-01   0.273253E+01   0.379317E+04   0.385166E+04   0.379317E+04  -0.309032E-02   0.379908E+04   0.376800E+04   0.364853E-01
   0.114754E+01   0.282737E+04   0.250221E+04   0.490818E-02   0.490680E-02   0.132643E+01   0.273425E+04   0.277642E+04   0.273425E+04  -0.222761E-02   0.273851E+04   0.271612E+04   0.215206E-01
   0.140161E+01   0.202980E+04   0.179641E+04   0.236197E-02   0.236130E-02   0.640074E+00   0.196295E+04   0.199323E+04   0.196295E+04  -0.159922E-02   0.196601E+04   0.194994E+04   0.126442E-01
   0.171193E+01   0.145181E+04   0.128490E+04   0.113244E-02   0.113212E-02   0.307674E+00   0.140400E+04   0.142566E+04   0.140400E+04  -0.114385E-02   0.140619E+04   0.139470E+04   0.740271E-02
   0.209095E+01   0.103491E+04   0.915938E+03   0.541110E-03   0.540958E-03   0.147422E+00   0.100082E+04   0.101626E+04   0.100082E+04  -0.815375E-03   0.100238E+04   0.994192E+03   0.432021E-02
   0.255389E+01   0.735431E+03   0.650897E+03   0.257756E-03   0.257684E-03   0.701165E-01   0.711211E+03   0.722185E+03   0.711211E+03  -0.579427E-03   0.712319E+03   0.706498E+03   0.251402E-02
   0.311933E+01   0.521140E+03   0.461240E+03   0.122434E-03   0.122400E-03   0.333994E-01   0.503977E+03   0.511753E+03   0.503977E+03  -0.410593E-03   0.504762E+03   0.500636E+03   0.145928E-02
   0.380996E+01   0.368322E+03   0.325988E+03   0.580041E-04   0.579878E-04   0.157742E-01   0.356192E+03   0.361688E+03   0.356192E+03  -0.290191E-03   0.356747E+03   0.353828E+03   0.845204E-03
   0.465350E+01   0.259692E+03   0.229842E+03   0.274139E-04   0.274062E-04   0.747873E-02   0.251139E+03   0.255014E+03   0.251139E+03  -0.204604E-03   0.251531E+03   0.249469E+03   0.488663E-03
   0.568379E+01   0.182693E+03   0.161692E+03   0.129275E-04   0.129239E-04   0.353018E-02   0.176676E+03   0.179402E+03   0.176676E+03  -0.143939E-03   0.176952E+03   0.175498E+03   0.282153E-03
   0.694221E+01   0.128260E+03   0.113513E+03   0.608364E-05   0.608193E-05   0.165881E-02   0.124036E+03   0.125950E+03   0.124036E+03  -0.101052E-03   0.124229E+03   0.123205E+03   0.162796E-03
   0.847923E+01   0.898746E+02   0.795374E+02   0.285749E-05   0.285669E-05   0.776638E-03   0.869136E+02   0.882548E+02   0.869136E+02  -0.708089E-04   0.870497E+02   0.863276E+02   0.939341E-04
   0.103566E+02   0.628655E+02   0.556309E+02   0.133978E-05   0.133941E-05   0.364592E-03   0.607938E+02   0.617319E+02   0.607938E+02  -0.495290E-04   0.608892E+02   0.603798E+02   0.542600E-04
   0.126495E+02   0.439009E+02   0.388444E+02   0.627140E-06   0.626963E-06   0.171164E-03   0.424535E+02   0.431085E+02   0.424535E+02  -0.345870E-04   0.425204E+02   0.421601E+02   0.314224E-04
   0.154502E+02   0.306102E+02   0.270800E+02   0.293103E-06   0.293020E-06   0.795632E-04   0.296003E+02   0.300571E+02   0.296003E+02  -0.241155E-04   0.296473E+02   0.293913E+02   0.182797E-04
   0.188709E+02   0.213126E+02   0.188498E+02   0.136785E-06   0.136747E-06   0.374682E-04   0.206086E+02   0.209266E+02   0.206086E+02  -0.167900E-04   0.206417E+02   0.204585E+02   0.107116E-04
   0.230489E+02   0.148190E+02   0.131015E+02   0.637471E-07   0.637292E-07   0.173084E-04   0.143288E+02   0.145499E+02   0.143288E+02  -0.116737E-04   0.143521E+02   0.142195E+02   0.634550E-05
   0.281520E+02   0.102909E+02   0.909297E+01   0.296694E-07   0.296610E-07   0.803282E-05   0.994965E+01   0.101032E+02   0.994965E+01  -0.810603E-05   0.996622E+01   0.986878E+01   0.381787E-05
   0.343849E+02   0.713784E+01   0.630150E+01   0.137912E-07   0.137873E-07   0.376264E-05   0.690031E+01   0.700679E+01   0.690031E+01  -0.562171E-05   0.691218E+01   0.683905E+01   0.234595E-05
   0.419979E+02   0.494522E+01   0.436016E+01   0.640253E-08   0.640073E-08   0.173280E-05   0.477978E+01   0.485354E+01   0.477978E+01  -0.389411E-05   0.478839E+01   0.473201E+01   0.148100E-05
   0.512963E+02   0.342239E+01   0.301168E+01   0.296859E-08   0.296776E-08   0.807935E-06   0.330700E+01   0.335803E+01   0.330700E+01  -0.269423E-05   0.331336E+01   0.326845E+01   0.965885E-06
   0.626535E+02   0.236600E+01   0.207609E+01   0.137461E-08   0.137423E-08   0.378603E-06   0.228531E+01   0.232057E+01   0.228531E+01  -0.186185E-05   0.229012E+01   0.225301E+01   0.653299E-06
   0.765251E+02   0.163399E+01   0.142764E+01   0.635616E-09   0.635438E-09   0.174991E-06   0.157731E+01   0.160165E+01   0.157731E+01  -0.128504E-05   0.158106E+01   0.154923E+01   0.458771E-06
   0.934680E+02   0.112727E+01   0.978638E+00   0.293434E-09   0.293353E-09   0.791800E-07   0.108720E+01   0.110398E+01   0.108720E+01  -0.885748E-06   0.109021E+01   0.106193E+01   0.333768E-06
   0.114162E+03   0.776844E+00   0.668036E+00   0.135207E-09   0.135170E-09   0.362256E-07   0.748248E+00   0.759794E+00   0.748248E+00  -0.609601E-06   0.750763E+00   0.724858E+00   0.250301E-06
