#          k/h    CDM            baryon         photon         nu             mass_nu        total          no_nu          total_de       Weyl           v_CDM          v_b            v_b-v_c     
   0.105184E-04   0.785424E+06   0.785424E+06   0.104721E+07   0.104721E+07   0.788002E+06   0.785463E+06   0.785424E+06   0.793804E+06  -0.601674E+00   0.783586E+06   0.783586E+06   0.139936E+00
   0.116143E-04   0.785424E+06   0.785424E+06   0.104721E+07   0.104721E+07   0.788002E+06   0.785463E+06   0.785424E+06   0.793803E+06  -0.601674E+00   0.783586E+06   0.783586E+06   0.154515E+00
   0.128244E-04   0.785424E+06   0.785424E+06   0.104721E+07   0.104720E+07   0.788001E+06   0.785463E+06   0.785424E+06   0.793803E+06  -0.601674E+00   0.783586E+06   0.783586E+06   0.170614E+00
   0.141606E-04   0.785424E+06   0.785424E+06   0.104720E+07   0.104720E+07   0.788001E+06   0.785463E+06   0.785424E+06   0.793803E+06  -0.601673E+00   0.783586E+06   0.783586E+06   0.188390E+00
   0.156360E-04   0.785424E+06   0.785424E+06   0.104719E+07   0.104719E+07   0.788000E+06   0.785463E+06   0.785424E+06   0.793803E+06  -0.601673E+00   0.783586E+06   0.783586E+06   0.208018E+00
   0.172651E-04   0.785423E+06   0.785423E+06   0.104718E+07   0.104718E+07   0.787999E+06   0.785462E+06   0.785423E+06   0.793803E+06  -0.601673E+00   0.783586E+06   0.783586E+06   0.229691E+00
   0.190639E-04   0.785423E+06   0.785423E+06   0.104717E+07   0.104717E+07   0.787999E+06   0.785462E+06   0.785423E+06   0.793802E+06  -0.601673E+00   0.783585E+06   0.783585E+06   0.253622E+00
   0.210501E-04   0.785423E+06   0.785423E+06   0.104716E+07   0.104716E+07   0.787998E+06   0.785462E+06   0.785423E+06   0.793802E+06  -0.601673E+00   0.783585E+06   0.783585E+06   0.280047E+00
   0.232433E-04   0.785423E+06   0.785422E+06   0.104714E+07   0.104714E+07   0.787996E+06   0.785462E+06   0.785423E+06   0.793801E+06  -0.601672E+00   0.783585E+06   0.783585E+06   0.309224E+00
   0.256650E-04   0.785422E+06   0.785422E+06   0.104712E+07   0.104712E+07   0.787995E+06   0.785461E+06   0.785422E+06   0.793801E+06  -0.601672E+00   0.783584E+06   0.783584E+06   0.341442E+00
   0.283390E-04   0.785422E+06   0.785422E+06   0.104710E+07   0.104710E+07   0.787993E+06   0.785461E+06   0.785422E+06   0.793800E+06  -0.601671E+00   0.783584E+06   0.783584E+06   0.377015E+00
   0.312916E-04   0.785421E+06   0.785421E+06   0.104707E+07   0.104707E+07   0.787990E+06   0.785460E+06   0.785421E+06   0.793799E+06  -0.601670E+00   0.783583E+06   0.783583E+06   0.416295E+00
   0.345519E-04   0.785420E+06   0.785420E+06   0.104704E+07   0.104703E+07   0.787987E+06   0.785459E+06   0.785420E+06   0.793798E+06  -0.601670E+00   0.783583E+06   0.783583E+06   0.459668E+00
   0.381518E-04   0.785419E+06   0.785419E+06   0.104699E+07   0.104698E+07   0.787984E+06   0.785458E+06   0.785419E+06   0.793797E+06  -0.601669E+00   0.783582E+06   0.783582E+06   0.507558E+00
   0.421268E-04   0.785418E+06   0.785418E+06   0.104694E+07   0.104693E+07   0.787980E+06   0.785457E+06   0.785418E+06   0.793796E+06  -0.601667E+00   0.783581E+06   0.783581E+06   0.560438E+00
   0.465159E-04   0.785417E+06   0.785417E+06   0.104688E+07   0.104686E+07   0.787974E+06   0.785456E+06   0.785417E+06   0.793794E+06  -0.601666E+00   0.783579E+06   0.783579E+06   0.618827E+00
   0.513623E-04   0.785415E+06   0.785415E+06   0.104680E+07   0.104678E+07   0.787968E+06   0.785454E+06   0.785415E+06   0.793791E+06  -0.601664E+00   0.783578E+06   0.783578E+06   0.683298E+00
   0.567137E-04   0.785414E+06   0.785413E+06   0.104670E+07   0.104669E+07   0.787960E+06   0.785452E+06   0.785414E+06   0.793788E+06  -0.601662E+00   0.783576E+06   0.783576E+06   0.754485E+00
   0.626227E-04   0.785411E+06   0.785411E+06   0.104659E+07   0.104657E+07   0.787951E+06   0.785450E+06   0.785411E+06   0.793785E+06  -0.601659E+00   0.783573E+06   0.783573E+06   0.833088E+00
   0.691473E-04   0.785408E+06   0.785408E+06   0.104645E+07   0.104642E+07   0.787939E+06   0.785447E+06   0.785408E+06   0.793781E+06  -0.601656E+00   0.783570E+06   0.783570E+06   0.919877E+00
   0.763516E-04   0.785405E+06   0.785404E+06   0.104627E+07   0.104624E+07   0.787925E+06   0.785443E+06   0.785405E+06   0.793776E+06  -0.601651E+00   0.783567E+06   0.783567E+06   0.101571E+01
   0.843066E-04   0.785400E+06   0.785400E+06   0.104607E+07   0.104602E+07   0.787908E+06   0.785438E+06   0.785400E+06   0.793770E+06  -0.601647E+00   0.783562E+06   0.783562E+06   0.112152E+01
   0.930904E-04   0.785395E+06   0.785394E+06   0.104581E+07   0.104576E+07   0.787887E+06   0.785433E+06   0.785395E+06   0.793762E+06  -0.601640E+00   0.783557E+06   0.783557E+06   0.123834E+01
   0.102789E-03   0.785389E+06   0.785388E+06   0.104550E+07   0.104544E+07   0.787862E+06   0.785426E+06   0.785388E+06   0.793753E+06  -0.601633E+00   0.783551E+06   0.783550E+06   0.136734E+01
   0.113499E-03   0.785381E+06   0.785380E+06   0.104512E+07   0.104504E+07   0.787831E+06   0.785418E+06   0.785381E+06   0.793741E+06  -0.601624E+00   0.783543E+06   0.783542E+06   0.150976E+01
   0.125324E-03   0.785371E+06   0.785370E+06   0.104465E+07   0.104456E+07   0.787793E+06   0.785408E+06   0.785371E+06   0.793728E+06  -0.601613E+00   0.783533E+06   0.783533E+06   0.166701E+01
   0.138382E-03   0.785360E+06   0.785358E+06   0.104409E+07   0.104398E+07   0.787747E+06   0.785396E+06   0.785359E+06   0.793711E+06  -0.601600E+00   0.783521E+06   0.783521E+06   0.184062E+01
   0.152799E-03   0.785345E+06   0.785343E+06   0.104340E+07   0.104327E+07   0.787690E+06   0.785381E+06   0.785345E+06   0.793690E+06  -0.601583E+00   0.783507E+06   0.783507E+06   0.203230E+01
   0.168719E-03   0.785328E+06   0.785325E+06   0.104256E+07   0.104240E+07   0.787622E+06   0.785363E+06   0.785328E+06   0.793666E+06  -0.601563E+00   0.783490E+06   0.783489E+06   0.224391E+01
   0.186298E-03   0.785307E+06   0.785304E+06   0.104154E+07   0.104134E+07   0.787538E+06   0.785340E+06   0.785307E+06   0.793635E+06  -0.601539E+00   0.783468E+06   0.783468E+06   0.247753E+01
   0.205708E-03   0.785281E+06   0.785277E+06   0.104030E+07   0.104005E+07   0.787436E+06   0.785314E+06   0.785281E+06   0.793598E+06  -0.601509E+00   0.783442E+06   0.783442E+06   0.273543E+01
   0.227141E-03   0.785250E+06   0.785245E+06   0.103879E+07   0.103849E+07   0.787312E+06   0.785281E+06   0.785249E+06   0.793553E+06  -0.601473E+00   0.783411E+06   0.783410E+06   0.302012E+01
   0.250806E-03   0.785212E+06   0.785206E+06   0.103694E+07   0.103658E+07   0.787161E+06   0.785241E+06   0.785211E+06   0.793498E+06  -0.601429E+00   0.783372E+06   0.783371E+06   0.333436E+01
   0.276938E-03   0.785165E+06   0.785158E+06   0.103470E+07   0.103426E+07   0.786976E+06   0.785192E+06   0.785164E+06   0.793431E+06  -0.601376E+00   0.783325E+06   0.783324E+06   0.368120E+01
   0.305791E-03   0.785109E+06   0.785100E+06   0.103197E+07   0.103143E+07   0.786751E+06   0.785132E+06   0.785107E+06   0.793350E+06  -0.601310E+00   0.783268E+06   0.783267E+06   0.406398E+01
   0.337651E-03   0.785040E+06   0.785029E+06   0.102865E+07   0.102800E+07   0.786477E+06   0.785060E+06   0.785038E+06   0.793251E+06  -0.601231E+00   0.783198E+06   0.783197E+06   0.448638E+01
   0.372831E-03   0.784955E+06   0.784942E+06   0.102461E+07   0.102382E+07   0.786143E+06   0.784971E+06   0.784953E+06   0.793130E+06  -0.601134E+00   0.783113E+06   0.783112E+06   0.495244E+01
   0.411676E-03   0.784853E+06   0.784837E+06   0.101971E+07   0.101875E+07   0.785737E+06   0.784864E+06   0.784850E+06   0.792983E+06  -0.601016E+00   0.783010E+06   0.783008E+06   0.546659E+01
   0.454568E-03   0.784728E+06   0.784708E+06   0.101377E+07   0.101261E+07   0.785242E+06   0.784733E+06   0.784725E+06   0.792804E+06  -0.600873E+00   0.782884E+06   0.782881E+06   0.603367E+01
   0.501929E-03   0.784576E+06   0.784552E+06   0.100656E+07   0.100516E+07   0.784639E+06   0.784573E+06   0.784572E+06   0.792586E+06  -0.600698E+00   0.782730E+06   0.782727E+06   0.665898E+01
   0.554224E-03   0.784391E+06   0.784361E+06   0.997841E+06   0.996146E+06   0.783905E+06   0.784379E+06   0.784386E+06   0.792322E+06  -0.600486E+00   0.782543E+06   0.782539E+06   0.734830E+01
   0.611968E-03   0.784165E+06   0.784130E+06   0.987298E+06   0.985258E+06   0.783012E+06   0.784142E+06   0.784160E+06   0.792000E+06  -0.600228E+00   0.782315E+06   0.782310E+06   0.810792E+01
   0.675728E-03   0.783891E+06   0.783848E+06   0.974581E+06   0.972132E+06   0.781927E+06   0.783855E+06   0.783884E+06   0.791610E+06  -0.599916E+00   0.782038E+06   0.782032E+06   0.894463E+01
   0.746132E-03   0.783558E+06   0.783505E+06   0.959277E+06   0.956347E+06   0.780607E+06   0.783505E+06   0.783550E+06   0.791138E+06  -0.599536E+00   0.781701E+06   0.781694E+06   0.986580E+01
   0.823870E-03   0.783153E+06   0.783088E+06   0.940912E+06   0.937422E+06   0.779005E+06   0.783080E+06   0.783143E+06   0.790565E+06  -0.599076E+00   0.781291E+06   0.781283E+06   0.108793E+02
   0.909708E-03   0.782662E+06   0.782583E+06   0.918953E+06   0.914818E+06   0.777060E+06   0.782564E+06   0.782649E+06   0.789873E+06  -0.598520E+00   0.780793E+06   0.780783E+06   0.119935E+02
   0.100449E-02   0.782065E+06   0.781969E+06   0.892809E+06   0.887942E+06   0.774702E+06   0.781939E+06   0.782050E+06   0.789037E+06  -0.597847E+00   0.780188E+06   0.780176E+06   0.132174E+02
   0.110915E-02   0.781343E+06   0.781226E+06   0.861851E+06   0.856167E+06   0.771846E+06   0.781181E+06   0.781324E+06   0.788030E+06  -0.597037E+00   0.779455E+06   0.779440E+06   0.145603E+02
   0.122471E-02   0.780469E+06   0.780326E+06   0.825429E+06   0.818859E+06   0.768394E+06   0.780263E+06   0.780446E+06   0.786821E+06  -0.596062E+00   0.778567E+06   0.778548E+06   0.160318E+02
   0.135231E-02   0.779413E+06   0.779239E+06   0.782926E+06   0.775426E+06   0.764178E+06   0.779154E+06   0.779385E+06   0.785371E+06  -0.594892E+00   0.777491E+06   0.777469E+06   0.176419E+02
   0.149320E-02   0.778139E+06   0.777928E+06   0.733820E+06   0.725392E+06   0.759096E+06   0.777817E+06   0.778106E+06   0.783641E+06  -0.593494E+00   0.776192E+06   0.776164E+06   0.194004E+02
   0.164878E-02   0.776607E+06   0.776349E+06   0.677782E+06   0.668503E+06   0.753033E+06   0.776209E+06   0.776567E+06   0.781584E+06  -0.591829E+00   0.774626E+06   0.774592E+06   0.213170E+02
   0.182056E-02   0.774768E+06   0.774454E+06   0.614815E+06   0.604859E+06   0.745802E+06   0.774280E+06   0.774719E+06   0.779152E+06  -0.589856E+00   0.772742E+06   0.772702E+06   0.234011E+02
   0.201024E-02   0.772570E+06   0.772187E+06   0.545414E+06   0.535091E+06   0.737195E+06   0.771974E+06   0.772510E+06   0.776292E+06  -0.587532E+00   0.770484E+06   0.770435E+06   0.256611E+02
   0.221969E-02   0.769950E+06   0.769485E+06   0.470761E+06   0.460540E+06   0.726998E+06   0.769226E+06   0.769877E+06   0.772950E+06  -0.584812E+00   0.767785E+06   0.767726E+06   0.281046E+02
   0.245096E-02   0.766844E+06   0.766277E+06   0.392907E+06   0.383420E+06   0.714976E+06   0.765969E+06   0.766755E+06   0.769074E+06  -0.581651E+00   0.764573E+06   0.764502E+06   0.307382E+02
   0.270632E-02   0.763178E+06   0.762490E+06   0.314886E+06   0.306897E+06   0.700899E+06   0.762126E+06   0.763070E+06   0.764614E+06  -0.578009E+00   0.760770E+06   0.760684E+06   0.335671E+02
   0.298829E-02   0.758880E+06   0.758043E+06   0.240674E+06   0.234978E+06   0.684547E+06   0.757622E+06   0.758749E+06   0.759524E+06  -0.573853E+00   0.756293E+06   0.756189E+06   0.365961E+02
   0.329963E-02   0.753872E+06   0.752855E+06   0.174854E+06   0.172090E+06   0.665739E+06   0.752377E+06   0.753713E+06   0.753763E+06  -0.569155E+00   0.751058E+06   0.750934E+06   0.398296E+02
   0.364342E-02   0.748081E+06   0.746847E+06   0.121879E+06   0.122266E+06   0.644356E+06   0.746316E+06   0.747888E+06   0.747287E+06  -0.563896E+00   0.744986E+06   0.744837E+06   0.432732E+02
   0.402302E-02   0.741438E+06   0.739940E+06   0.848913E+05   0.879449E+05   0.620379E+06   0.739369E+06   0.741203E+06   0.740052E+06  -0.558062E+00   0.738005E+06   0.737826E+06   0.469348E+02
   0.444218E-02   0.733879E+06   0.732063E+06   0.643081E+05   0.686883E+05   0.593917E+06   0.731474E+06   0.733594E+06   0.731997E+06  -0.551636E+00   0.730054E+06   0.729841E+06   0.508255E+02
   0.490500E-02   0.725348E+06   0.723149E+06   0.567493E+05   0.604890E+05   0.565235E+06   0.722578E+06   0.725004E+06   0.723039E+06  -0.544590E+00   0.721092E+06   0.720837E+06   0.549602E+02
   0.541605E-02   0.715795E+06   0.713135E+06   0.552985E+05   0.565871E+05   0.534764E+06   0.712636E+06   0.715378E+06   0.713079E+06  -0.536874E+00   0.711086E+06   0.710782E+06   0.593557E+02
   0.598034E-02   0.705171E+06   0.701957E+06   0.519952E+05   0.503633E+05   0.503078E+06   0.701606E+06   0.704668E+06   0.702016E+06  -0.528418E+00   0.700013E+06   0.699652E+06   0.640271E+02
   0.660342E-02   0.693428E+06   0.689552E+06   0.422627E+05   0.393421E+05   0.470835E+06   0.689450E+06   0.692821E+06   0.689779E+06  -0.519145E+00   0.687848E+06   0.687418E+06   0.689823E+02
   0.729143E-02   0.680517E+06   0.675848E+06   0.285033E+05   0.271148E+05   0.438678E+06   0.676124E+06   0.679786E+06   0.676348E+06  -0.508991E+00   0.674550E+06   0.674039E+06   0.742177E+02
   0.805111E-02   0.666391E+06   0.660778E+06   0.183276E+05   0.196983E+05   0.407124E+06   0.661587E+06   0.665511E+06   0.661737E+06  -0.497929E+00   0.660066E+06   0.659461E+06   0.797174E+02
   0.888995E-02   0.651008E+06   0.644276E+06   0.161902E+05   0.179395E+05   0.376491E+06   0.645800E+06   0.649953E+06   0.645934E+06  -0.485954E+00   0.644340E+06   0.643623E+06   0.854554E+02
   0.981618E-02   0.634335E+06   0.626284E+06   0.168585E+05   0.143272E+05   0.346902E+06   0.628728E+06   0.633074E+06   0.628856E+06  -0.473047E+00   0.627348E+06   0.626501E+06   0.913949E+02
   0.108389E-01   0.616345E+06   0.606743E+06   0.127928E+05   0.114091E+05   0.318379E+06   0.610338E+06   0.614840E+06   0.610437E+06  -0.459165E+00   0.609056E+06   0.608059E+06   0.974790E+02
   0.119682E-01   0.597005E+06   0.585597E+06   0.744619E+04   0.905601E+04   0.290912E+06   0.590597E+06   0.595217E+06   0.590660E+06  -0.444268E+00   0.589433E+06   0.588263E+06   0.103618E+03
   0.132152E-01   0.576379E+06   0.562886E+06   0.736459E+04   0.716139E+04   0.263118E+06   0.569540E+06   0.574265E+06   0.569599E+06  -0.428392E+00   0.568531E+06   0.567162E+06   0.109686E+03
   0.145920E-01   0.554275E+06   0.538398E+06   0.649295E+04   0.563973E+04   0.236070E+06   0.546993E+06   0.551787E+06   0.547042E+06  -0.411409E+00   0.546136E+06   0.544545E+06   0.115516E+03
   0.161124E-01   0.530754E+06   0.512192E+06   0.363273E+04   0.442155E+04   0.209199E+06   0.523007E+06   0.527845E+06   0.523038E+06  -0.393346E+00   0.522318E+06   0.520479E+06   0.120891E+03
   0.177911E-01   0.505790E+06   0.484256E+06   0.404021E+04   0.344849E+04   0.182942E+06   0.497564E+06   0.502415E+06   0.497595E+06  -0.374194E+00   0.497046E+06   0.494938E+06   0.125531E+03
   0.196447E-01   0.479479E+06   0.454729E+06   0.230806E+04   0.267507E+04   0.158865E+06   0.470791E+06   0.475600E+06   0.470810E+06  -0.354046E+00   0.470434E+06   0.468040E+06   0.129095E+03
   0.216915E-01   0.451911E+06   0.423787E+06   0.238273E+04   0.206250E+04   0.137257E+06   0.442793E+06   0.447504E+06   0.442811E+06  -0.332979E+00   0.442588E+06   0.439902E+06   0.131176E+03
   0.239515E-01   0.423243E+06   0.391730E+06   0.134623E+04   0.157970E+04   0.117037E+06   0.413730E+06   0.418305E+06   0.413741E+06  -0.311116E+00   0.413676E+06   0.410707E+06   0.131319E+03
   0.264470E-01   0.393745E+06   0.359032E+06   0.129819E+04   0.120142E+04   0.980747E+05   0.383899E+06   0.388306E+06   0.383909E+06  -0.288677E+00   0.383985E+06   0.380764E+06   0.129044E+03
   0.292025E-01   0.363815E+06   0.326372E+06   0.100379E+04   0.907417E+03   0.814286E+05   0.353749E+06   0.357948E+06   0.353756E+06  -0.266000E+00   0.353950E+06   0.350535E+06   0.123900E+03
   0.322450E-01   0.333975E+06   0.294620E+06   0.645521E+03   0.680936E+03   0.671655E+05   0.323851E+06   0.327808E+06   0.323856E+06  -0.243515E+00   0.324141E+06   0.320623E+06   0.115547E+03
   0.356046E-01   0.304886E+06   0.264825E+06   0.447864E+03   0.508291E+03   0.546749E+05   0.294905E+06   0.298609E+06   0.294908E+06  -0.221746E+00   0.295256E+06   0.291765E+06   0.103868E+03
   0.393142E-01   0.277286E+06   0.238086E+06   0.352164E+03   0.378276E+03   0.441270E+05   0.267696E+06   0.271143E+06   0.267699E+06  -0.201285E+00   0.268073E+06   0.264766E+06   0.891057E+02
   0.434103E-01   0.251896E+06   0.215364E+06   0.281165E+03   0.281556E+03   0.355138E+05   0.242973E+06   0.246172E+06   0.242975E+06  -0.182694E+00   0.243339E+06   0.240388E+06   0.720033E+02
   0.477513E-01   0.230004E+06   0.197710E+06   0.212650E+03   0.212598E+03   0.287638E+05   0.221964E+06   0.224943E+06   0.221966E+06  -0.166895E+00   0.222287E+06   0.219827E+06   0.545832E+02
   0.520924E-01   0.212540E+06   0.185230E+06   0.165455E+03   0.165414E+03   0.237887E+05   0.205459E+06   0.208260E+06   0.205460E+06  -0.154484E+00   0.205726E+06   0.203797E+06   0.392376E+02
   0.564334E-01   0.198202E+06   0.175888E+06   0.131839E+03   0.131806E+03   0.199666E+05   0.192052E+06   0.194705E+06   0.192053E+06  -0.144403E+00   0.192262E+06   0.190830E+06   0.268772E+02
   0.607744E-01   0.186002E+06   0.168080E+06   0.106985E+03   0.106959E+03   0.169868E+05   0.180670E+06   0.183194E+06   0.180671E+06  -0.135844E+00   0.180831E+06   0.179806E+06   0.178803E+02
   0.651155E-01   0.175219E+06   0.160657E+06   0.879922E+02   0.879705E+02   0.145637E+05   0.170533E+06   0.172937E+06   0.170533E+06  -0.128221E+00   0.170662E+06   0.169915E+06   0.121548E+02
   0.694565E-01   0.165219E+06   0.152789E+06   0.730121E+02   0.729941E+02   0.125505E+05   0.160982E+06   0.163271E+06   0.160983E+06  -0.121040E+00   0.161098E+06   0.160491E+06   0.925125E+01
   0.737975E-01   0.155530E+06   0.144034E+06   0.608811E+02   0.608660E+02   0.108232E+05   0.151559E+06   0.153729E+06   0.151560E+06  -0.113955E+00   0.151679E+06   0.151087E+06   0.849317E+01
   0.781386E-01   0.145983E+06   0.134436E+06   0.509075E+02   0.508950E+02   0.934302E+04   0.142126E+06   0.144174E+06   0.142127E+06  -0.106862E+00   0.142262E+06   0.141590E+06   0.911017E+01
   0.824796E-01   0.136657E+06   0.124410E+06   0.426753E+02   0.426648E+02   0.805915E+04   0.132814E+06   0.134738E+06   0.132814E+06  -0.998605E-01   0.132973E+06   0.132166E+06   0.103588E+02
   0.868206E-01   0.127759E+06   0.114549E+06   0.359051E+02   0.358963E+02   0.696308E+04   0.123886E+06   0.125689E+06   0.123886E+06  -0.931477E-01   0.124069E+06   0.123116E+06   0.116183E+02
   0.911617E-01   0.119492E+06   0.105412E+06   0.303711E+02   0.303636E+02   0.603294E+04   0.115597E+06   0.117286E+06   0.115597E+06  -0.869150E-01   0.115798E+06   0.114727E+06   0.124504E+02
   0.965767E-01   0.110294E+06   0.956660E+05   0.249038E+02   0.248977E+02   0.508604E+04   0.106439E+06   0.108002E+06   0.106439E+06  -0.800295E-01   0.106652E+06   0.105508E+06   0.125491E+02
   0.101992E+00   0.102516E+06   0.881805E+05   0.207251E+02   0.207199E+02   0.434227E+04   0.988128E+05   0.100269E+06   0.988130E+05  -0.742953E-01   0.990217E+05   0.979076E+05   0.115711E+02
   0.107407E+00   0.962060E+05   0.829845E+05   0.175457E+02   0.175414E+02   0.375668E+04   0.927619E+05   0.941342E+05   0.927620E+05  -0.697457E-01   0.929525E+05   0.919600E+05   0.978975E+01
   0.112822E+00   0.911714E+05   0.796279E+05   0.151012E+02   0.150974E+02   0.330033E+04   0.880557E+05   0.893625E+05   0.880558E+05  -0.662071E-01   0.882198E+05   0.874051E+05   0.764955E+01
   0.118237E+00   0.870164E+05   0.773338E+05   0.131615E+02   0.131583E+02   0.293044E+04   0.842453E+05   0.854991E+05   0.842454E+05  -0.633421E-01   0.843810E+05   0.837552E+05   0.560644E+01
   0.123652E+00   0.833065E+05   0.752874E+05   0.115536E+02   0.115508E+02   0.261556E+04   0.808438E+05   0.820499E+05   0.808439E+05  -0.607845E-01   0.809553E+05   0.804878E+05   0.400551E+01
   0.129067E+00   0.797058E+05   0.728756E+05   0.101659E+02   0.101633E+02   0.233936E+04   0.774770E+05   0.786355E+05   0.774770E+05  -0.582531E-01   0.775728E+05   0.772051E+05   0.301755E+01
   0.134482E+00   0.760277E+05   0.697958E+05   0.893700E+01   0.893479E+01   0.208723E+04   0.739433E+05   0.750512E+05   0.739433E+05  -0.555962E-01   0.740331E+05   0.736986E+05   0.263524E+01
   0.139897E+00   0.722325E+05   0.660574E+05   0.784008E+01   0.783814E+01   0.185719E+04   0.702109E+05   0.712649E+05   0.702110E+05  -0.527899E-01   0.703033E+05   0.699448E+05   0.271438E+01
   0.145312E+00   0.683893E+05   0.619045E+05   0.686698E+01   0.686528E+01   0.164949E+04   0.663751E+05   0.673731E+05   0.663752E+05  -0.499058E-01   0.664751E+05   0.660581E+05   0.303963E+01
   0.150727E+00   0.646278E+05   0.577014E+05   0.601658E+01   0.601509E+01   0.146276E+04   0.625998E+05   0.635424E+05   0.625998E+05  -0.470672E-01   0.627083E+05   0.622256E+05   0.339307E+01
   0.156142E+00   0.611052E+05   0.538292E+05   0.528852E+01   0.528722E+01   0.130162E+04   0.590742E+05   0.599650E+05   0.590743E+05  -0.444164E-01   0.591888E+05   0.586571E+05   0.360751E+01
   0.161557E+00   0.579717E+05   0.505955E+05   0.467918E+01   0.467803E+01   0.116468E+04   0.559708E+05   0.568159E+05   0.559709E+05  -0.420831E-01   0.560867E+05   0.555384E+05   0.359537E+01
   0.166972E+00   0.553117E+05   0.481459E+05   0.417776E+01   0.417673E+01   0.104917E+04   0.533819E+05   0.541888E+05   0.533819E+05  -0.401365E-01   0.534938E+05   0.529654E+05   0.335197E+01
   0.172387E+00   0.531018E+05   0.464223E+05   0.376563E+01   0.376470E+01   0.955955E+03   0.512792E+05   0.520551E+05   0.512792E+05  -0.385555E-01   0.513828E+05   0.509047E+05   0.293794E+01
   0.177802E+00   0.512327E+05   0.452101E+05   0.342063E+01   0.341979E+01   0.875557E+03   0.495386E+05   0.502889E+05   0.495386E+05  -0.372468E-01   0.496314E+05   0.492204E+05   0.244901E+01
   0.183217E+00   0.495784E+05   0.442469E+05   0.312343E+01   0.312266E+01   0.805910E+03   0.480150E+05   0.487429E+05   0.480150E+05  -0.361012E-01   0.480969E+05   0.477538E+05   0.198350E+01
   0.188632E+00   0.480244E+05   0.432915E+05   0.285919E+01   0.285848E+01   0.743726E+03   0.465760E+05   0.472827E+05   0.465761E+05  -0.350193E-01   0.466489E+05   0.463611E+05   0.161667E+01
   0.194047E+00   0.464724E+05   0.421591E+05   0.261730E+01   0.261666E+01   0.685496E+03   0.451115E+05   0.457965E+05   0.451115E+05  -0.339182E-01   0.451786E+05   0.449246E+05   0.138674E+01
   0.199462E+00   0.448574E+05   0.407552E+05   0.239154E+01   0.239095E+01   0.631053E+03   0.435528E+05   0.442146E+05   0.435528E+05  -0.327462E-01   0.436175E+05   0.433741E+05   0.129282E+01
   0.204877E+00   0.431726E+05   0.390982E+05   0.218031E+01   0.217978E+01   0.579421E+03   0.418971E+05   0.425342E+05   0.418971E+05  -0.315013E-01   0.419622E+05   0.417103E+05   0.130280E+01
   0.210292E+00   0.414644E+05   0.372999E+05   0.198518E+01   0.198469E+01   0.530901E+03   0.402001E+05   0.408118E+05   0.402002E+05  -0.302254E-01   0.402673E+05   0.399958E+05   0.136757E+01
   0.215707E+00   0.397982E+05   0.355083E+05   0.180832E+01   0.180787E+01   0.486943E+03   0.385393E+05   0.391260E+05   0.385393E+05  -0.289767E-01   0.386087E+05   0.383162E+05   0.143666E+01
   0.221122E+00   0.382326E+05   0.338573E+05   0.165099E+01   0.165059E+01   0.447157E+03   0.369837E+05   0.375470E+05   0.369837E+05  -0.278070E-01   0.370545E+05   0.367474E+05   0.147086E+01
   0.226537E+00   0.368102E+05   0.324408E+05   0.151324E+01   0.151287E+01   0.412135E+03   0.355832E+05   0.361255E+05   0.355833E+05  -0.267541E-01   0.356537E+05   0.353438E+05   0.144926E+01
   0.231952E+00   0.355525E+05   0.312980E+05   0.139385E+01   0.139350E+01   0.381748E+03   0.343619E+05   0.348858E+05   0.343619E+05  -0.258358E-01   0.344302E+05   0.341301E+05   0.137052E+01
   0.237367E+00   0.344533E+05   0.304088E+05   0.129041E+01   0.129009E+01   0.354974E+03   0.333114E+05   0.338196E+05   0.333114E+05  -0.250460E-01   0.333761E+05   0.330962E+05   0.124911E+01
   0.242782E+00   0.334820E+05   0.297047E+05   0.119978E+01   0.119948E+01   0.331688E+03   0.323957E+05   0.328901E+05   0.323957E+05  -0.243574E-01   0.324560E+05   0.322019E+05   0.110841E+01
   0.248197E+00   0.325944E+05   0.290945E+05   0.111874E+01   0.111846E+01   0.310623E+03   0.315641E+05   0.320460E+05   0.315641E+05  -0.237322E-01   0.316200E+05   0.313920E+05   0.972973E+00
   0.253612E+00   0.317451E+05   0.284890E+05   0.104451E+01   0.104425E+01   0.291141E+03   0.307650E+05   0.312349E+05   0.307650E+05  -0.231314E-01   0.308172E+05   0.306108E+05   0.862140E+00
   0.259027E+00   0.308968E+05   0.278215E+05   0.975086E+00   0.974845E+00   0.273061E+03   0.299572E+05   0.304149E+05   0.299572E+05  -0.225240E-01   0.300068E+05   0.298145E+05   0.786286E+00
   0.264443E+00   0.300299E+05   0.270623E+05   0.909412E+00   0.909188E+00   0.255593E+03   0.291198E+05   0.295649E+05   0.291198E+05  -0.218944E-01   0.291680E+05   0.289818E+05   0.745956E+00
   0.269858E+00   0.291462E+05   0.262216E+05   0.847313E+00   0.847104E+00   0.239084E+03   0.282559E+05   0.286879E+05   0.282559E+05  -0.212448E-01   0.283036E+05   0.281167E+05   0.733583E+00
   0.275273E+00   0.282616E+05   0.253379E+05   0.789101E+00   0.788906E+00   0.223576E+03   0.273847E+05   0.278035E+05   0.273847E+05  -0.205898E-01   0.274325E+05   0.272411E+05   0.736904E+00
   0.280688E+00   0.273967E+05   0.244595E+05   0.735176E+00   0.734994E+00   0.208945E+03   0.265306E+05   0.269364E+05   0.265306E+05  -0.199476E-01   0.265787E+05   0.263819E+05   0.742879E+00
   0.286103E+00   0.265708E+05   0.236319E+05   0.685823E+00   0.685654E+00   0.195639E+03   0.257167E+05   0.261102E+05   0.257167E+05  -0.193357E-01   0.257649E+05   0.255648E+05   0.740978E+00
   0.291518E+00   0.258009E+05   0.228901E+05   0.641168E+00   0.641009E+00   0.183502E+03   0.249627E+05   0.253448E+05   0.249627E+05  -0.187688E-01   0.250103E+05   0.248108E+05   0.725205E+00
   0.296933E+00   0.250969E+05   0.222508E+05   0.601068E+00   0.600919E+00   0.172530E+03   0.242793E+05   0.246509E+05   0.242793E+05  -0.182549E-01   0.243257E+05   0.241310E+05   0.694598E+00
   0.302348E+00   0.244570E+05   0.217082E+05   0.565061E+00   0.564922E+00   0.162711E+03   0.236639E+05   0.240263E+05   0.236639E+05  -0.177922E-01   0.237087E+05   0.235225E+05   0.652463E+00
   0.307763E+00   0.238689E+05   0.212377E+05   0.532461E+00   0.532330E+00   0.153733E+03   0.231028E+05   0.234566E+05   0.231028E+05  -0.173703E-01   0.231456E+05   0.229699E+05   0.604709E+00
   0.313178E+00   0.233164E+05   0.208071E+05   0.502557E+00   0.502433E+00   0.145490E+03   0.225773E+05   0.229232E+05   0.225773E+05  -0.169753E-01   0.226182E+05   0.224533E+05   0.557858E+00
   0.318593E+00   0.227846E+05   0.203867E+05   0.474757E+00   0.474640E+00   0.137812E+03   0.220706E+05   0.224088E+05   0.220706E+05  -0.165943E-01   0.221098E+05   0.219542E+05   0.517303E+00
   0.324008E+00   0.222619E+05   0.199543E+05   0.448624E+00   0.448514E+00   0.130523E+03   0.215698E+05   0.219003E+05   0.215698E+05  -0.162177E-01   0.216075E+05   0.214588E+05   0.486194E+00
   0.329423E+00   0.217408E+05   0.194980E+05   0.423873E+00   0.423768E+00   0.123634E+03   0.210665E+05   0.213894E+05   0.210665E+05  -0.158393E-01   0.211033E+05   0.209587E+05   0.465090E+00
   0.334838E+00   0.212190E+05   0.190177E+05   0.400376E+00   0.400277E+00   0.117053E+03   0.205589E+05   0.208740E+05   0.205589E+05  -0.154576E-01   0.205951E+05   0.204521E+05   0.452304E+00
   0.340253E+00   0.207003E+05   0.185242E+05   0.378150E+00   0.378057E+00   0.110789E+03   0.200518E+05   0.203593E+05   0.200518E+05  -0.150764E-01   0.200877E+05   0.199449E+05   0.444723E+00
   0.345668E+00   0.201927E+05   0.180348E+05   0.357288E+00   0.357200E+00   0.104946E+03   0.195547E+05   0.198546E+05   0.195547E+05  -0.147026E-01   0.195903E+05   0.194471E+05   0.438811E+00
   0.351083E+00   0.197043E+05   0.175666E+05   0.337868E+00   0.337784E+00   0.994437E+02   0.190767E+05   0.193694E+05   0.190768E+05  -0.143433E-01   0.191120E+05   0.189690E+05   0.431539E+00
   0.356498E+00   0.192404E+05   0.171315E+05   0.319897E+00   0.319818E+00   0.943391E+02   0.186243E+05   0.189100E+05   0.186243E+05  -0.140031E-01   0.186590E+05   0.185173E+05   0.421005E+00
   0.361913E+00   0.188030E+05   0.167345E+05   0.303316E+00   0.303242E+00   0.896573E+02   0.181997E+05   0.184789E+05   0.181997E+05  -0.136838E-01   0.182337E+05   0.180948E+05   0.406660E+00
   0.367328E+00   0.183918E+05   0.163745E+05   0.288019E+00   0.287948E+00   0.852600E+02   0.178025E+05   0.180757E+05   0.178026E+05  -0.133852E-01   0.178358E+05   0.177008E+05   0.389167E+00
   0.372743E+00   0.180044E+05   0.160455E+05   0.273866E+00   0.273798E+00   0.812307E+02   0.174299E+05   0.176974E+05   0.174299E+05  -0.131051E-01   0.174621E+05   0.173320E+05   0.369995E+00
   0.378158E+00   0.176360E+05   0.157376E+05   0.260692E+00   0.260627E+00   0.774683E+02   0.170764E+05   0.173385E+05   0.170764E+05  -0.128393E-01   0.171076E+05   0.169824E+05   0.350899E+00
   0.383573E+00   0.172807E+05   0.154398E+05   0.248332E+00   0.248271E+00   0.738889E+02   0.167354E+05   0.169923E+05   0.167354E+05  -0.125829E-01   0.167657E+05   0.166450E+05   0.333436E+00
   0.388988E+00   0.169336E+05   0.151432E+05   0.236650E+00   0.236592E+00   0.705590E+02   0.164012E+05   0.166530E+05   0.164012E+05  -0.123316E-01   0.164308E+05   0.163138E+05   0.318622E+00
   0.394403E+00   0.165915E+05   0.148430E+05   0.225561E+00   0.225505E+00   0.673390E+02   0.160708E+05   0.163175E+05   0.160708E+05  -0.120832E-01   0.160997E+05   0.159855E+05   0.306778E+00
   0.399818E+00   0.162540E+05   0.145386E+05   0.215019E+00   0.214966E+00   0.642933E+02   0.157434E+05   0.159852E+05   0.157434E+05  -0.118371E-01   0.157718E+05   0.156595E+05   0.297580E+00
   0.405233E+00   0.159217E+05   0.142330E+05   0.205010E+00   0.204959E+00   0.614101E+02   0.154203E+05   0.156571E+05   0.154203E+05  -0.115941E-01   0.154482E+05   0.153372E+05   0.290253E+00
   0.410648E+00   0.155964E+05   0.139308E+05   0.195531E+00   0.195483E+00   0.586260E+02   0.151034E+05   0.153354E+05   0.151034E+05  -0.113558E-01   0.151310E+05   0.150210E+05   0.283833E+00
   0.416063E+00   0.152803E+05   0.136373E+05   0.186587E+00   0.186541E+00   0.560501E+02   0.147956E+05   0.150228E+05   0.147956E+05  -0.111244E-01   0.148228E+05   0.147138E+05   0.277428E+00
   0.421478E+00   0.149756E+05   0.133571E+05   0.178179E+00   0.178135E+00   0.535851E+02   0.144993E+05   0.147220E+05   0.144993E+05  -0.109016E-01   0.145261E+05   0.144185E+05   0.270415E+00
   0.426893E+00   0.146837E+05   0.130928E+05   0.170293E+00   0.170251E+00   0.512769E+02   0.142160E+05   0.144344E+05   0.142160E+05  -0.106886E-01   0.142423E+05   0.141366E+05   0.262526E+00
   0.432308E+00   0.144045E+05   0.128446E+05   0.162897E+00   0.162857E+00   0.491378E+02   0.139458E+05   0.141600E+05   0.139458E+05  -0.104854E-01   0.139716E+05   0.138680E+05   0.253843E+00
   0.437723E+00   0.141369E+05   0.126104E+05   0.155949E+00   0.155911E+00   0.470753E+02   0.136873E+05   0.138977E+05   0.136873E+05  -0.102911E-01   0.137126E+05   0.136115E+05   0.244700E+00
   0.443138E+00   0.138792E+05   0.123870E+05   0.149401E+00   0.149364E+00   0.451634E+02   0.134388E+05   0.136453E+05   0.134388E+05  -0.101043E-01   0.134635E+05   0.133650E+05   0.235560E+00
   0.448553E+00   0.136296E+05   0.121709E+05   0.143207E+00   0.143171E+00   0.433412E+02   0.131982E+05   0.134010E+05   0.131982E+05  -0.992335E-02   0.132224E+05   0.131263E+05   0.226873E+00
   0.453968E+00   0.133867E+05   0.119591E+05   0.137329E+00   0.137295E+00   0.415930E+02   0.129637E+05   0.131630E+05   0.129637E+05  -0.974707E-02   0.129874E+05   0.128936E+05   0.218967E+00
   0.459383E+00   0.131491E+05   0.117497E+05   0.131735E+00   0.131703E+00   0.399563E+02   0.127341E+05   0.129298E+05   0.127341E+05  -0.957442E-02   0.127573E+05   0.126654E+05   0.211990E+00
   0.464798E+00   0.129161E+05   0.115416E+05   0.126403E+00   0.126372E+00   0.383714E+02   0.125084E+05   0.127007E+05   0.125084E+05  -0.940474E-02   0.125312E+05   0.124409E+05   0.205906E+00
   0.470213E+00   0.126874E+05   0.113351E+05   0.121317E+00   0.121287E+00   0.368651E+02   0.122866E+05   0.124755E+05   0.122866E+05  -0.923794E-02   0.123091E+05   0.122200E+05   0.200536E+00
   0.475629E+00   0.124636E+05   0.111317E+05   0.116472E+00   0.116443E+00   0.354389E+02   0.120693E+05   0.122549E+05   0.120693E+05  -0.907458E-02   0.120914E+05   0.120036E+05   0.195625E+00
   0.481044E+00   0.122455E+05   0.109332E+05   0.111866E+00   0.111838E+00   0.340649E+02   0.118576E+05   0.120399E+05   0.118576E+05  -0.891537E-02   0.118794E+05   0.117927E+05   0.190908E+00
   0.486459E+00   0.120337E+05   0.107411E+05   0.107492E+00   0.107465E+00   0.327688E+02   0.116520E+05   0.118311E+05   0.116520E+05  -0.876081E-02   0.116735E+05   0.115880E+05   0.186180E+00
   0.491874E+00   0.118283E+05   0.105559E+05   0.103340E+00   0.103315E+00   0.315350E+02   0.114528E+05   0.116289E+05   0.114528E+05  -0.861106E-02   0.114740E+05   0.113898E+05   0.181324E+00
   0.497289E+00   0.116294E+05   0.103781E+05   0.994012E-01   0.993766E-01   0.303471E+02   0.112602E+05   0.114333E+05   0.112602E+05  -0.846621E-02   0.112810E+05   0.111982E+05   0.176324E+00
   0.502704E+00   0.114369E+05   0.102074E+05   0.956630E-01   0.956393E-01   0.292391E+02   0.110740E+05   0.112443E+05   0.110740E+05  -0.832621E-02   0.110944E+05   0.110131E+05   0.171244E+00
   0.508119E+00   0.112505E+05   0.100428E+05   0.921114E-01   0.920886E-01   0.281749E+02   0.108937E+05   0.110613E+05   0.108937E+05  -0.819069E-02   0.109138E+05   0.108341E+05   0.166198E+00
   0.513534E+00   0.110693E+05   0.988325E+04   0.887299E-01   0.887080E-01   0.271545E+02   0.107186E+05   0.108834E+05   0.107186E+05  -0.805902E-02   0.107383E+05   0.106601E+05   0.161310E+00
   0.518949E+00   0.108926E+05   0.972734E+04   0.855033E-01   0.854822E-01   0.262053E+02   0.105477E+05   0.107100E+05   0.105477E+05  -0.793056E-02   0.105671E+05   0.104904E+05   0.156680E+00
   0.524364E+00   0.107198E+05   0.957430E+04   0.824200E-01   0.823997E-01   0.252676E+02   0.103807E+05   0.105403E+05   0.103807E+05  -0.780493E-02   0.103997E+05   0.103243E+05   0.152368E+00
   0.529779E+00   0.105508E+05   0.942379E+04   0.794714E-01   0.794518E-01   0.243845E+02   0.102171E+05   0.103742E+05   0.102171E+05  -0.768194E-02   0.102358E+05   0.101616E+05   0.148381E+00
   0.535194E+00   0.103855E+05   0.927571E+04   0.766501E-01   0.766311E-01   0.235488E+02   0.100569E+05   0.102116E+05   0.100569E+05  -0.756147E-02   0.100753E+05   0.100022E+05   0.144684E+00
   0.540609E+00   0.102235E+05   0.913020E+04   0.739497E-01   0.739314E-01   0.227158E+02   0.989993E+04   0.100522E+05   0.989993E+04  -0.744348E-02   0.991814E+04   0.984607E+04   0.141210E+00
   0.546024E+00   0.100652E+05   0.898763E+04   0.713657E-01   0.713481E-01   0.219516E+02   0.974640E+04   0.989634E+04   0.974640E+04  -0.732805E-02   0.976435E+04   0.969328E+04   0.137886E+00
   0.551439E+00   0.991064E+04   0.884855E+04   0.688950E-01   0.688780E-01   0.212013E+02   0.959657E+04   0.974421E+04   0.959657E+04  -0.721540E-02   0.961426E+04   0.954418E+04   0.134644E+00
   0.556854E+00   0.976010E+04   0.871340E+04   0.665343E-01   0.665179E-01   0.204789E+02   0.945068E+04   0.959608E+04   0.945068E+04  -0.710570E-02   0.946811E+04   0.939902E+04   0.131441E+00
   0.562269E+00   0.961346E+04   0.858219E+04   0.642781E-01   0.642622E-01   0.198162E+02   0.930864E+04   0.945186E+04   0.930864E+04  -0.699891E-02   0.932582E+04   0.925775E+04   0.128255E+00
   0.567684E+00   0.947056E+04   0.845477E+04   0.621205E-01   0.621051E-01   0.191427E+02   0.917029E+04   0.931139E+04   0.917029E+04  -0.689489E-02   0.918721E+04   0.912018E+04   0.125092E+00
   0.573099E+00   0.933124E+04   0.833086E+04   0.600560E-01   0.600411E-01   0.185297E+02   0.903545E+04   0.917448E+04   0.903545E+04  -0.679350E-02   0.905212E+04   0.898613E+04   0.121977E+00
   0.578514E+00   0.919535E+04   0.821018E+04   0.580794E-01   0.580650E-01   0.179294E+02   0.890396E+04   0.904098E+04   0.890396E+04  -0.669464E-02   0.892038E+04   0.885543E+04   0.118941E+00
   0.629782E+00   0.804739E+04   0.718525E+04   0.428896E-01   0.428790E-01   0.133061E+02   0.779235E+04   0.791229E+04   0.779235E+04  -0.585885E-02   0.780673E+04   0.774989E+04   0.956177E-01
   0.769218E+00   0.585554E+04   0.522881E+04   0.209193E-01   0.209142E-01   0.654993E+01   0.567001E+04   0.575733E+04   0.567001E+04  -0.426312E-02   0.568049E+04   0.563921E+04   0.568522E-01
   0.939525E+00   0.423966E+04   0.378603E+04   0.101529E-01   0.101504E-01   0.320186E+01   0.410532E+04   0.416857E+04   0.410532E+04  -0.308668E-02   0.411292E+04   0.408306E+04   0.336747E-01
   0.114754E+01   0.305609E+04   0.272917E+04   0.490577E-02   0.490456E-02   0.155268E+01   0.295926E+04   0.300486E+04   0.295926E+04  -0.222498E-02   0.296474E+04   0.294322E+04   0.198629E-01
   0.140161E+01   0.219400E+04   0.195934E+04   0.236081E-02   0.236022E-02   0.750103E+00   0.212448E+04   0.215723E+04   0.212448E+04  -0.159734E-02   0.212842E+04   0.211298E+04   0.116705E-01
   0.171193E+01   0.156926E+04   0.140144E+04   0.113188E-02   0.113160E-02   0.360077E+00   0.151954E+04   0.154296E+04   0.151954E+04  -0.114250E-02   0.152235E+04   0.151131E+04   0.683277E-02
   0.209095E+01   0.111862E+04   0.999011E+03   0.540844E-03   0.540710E-03   0.172322E+00   0.108318E+04   0.109988E+04   0.108318E+04  -0.814414E-03   0.108519E+04   0.107732E+04   0.398772E-02
   0.255389E+01   0.794923E+03   0.709931E+03   0.257629E-03   0.257565E-03   0.821338E-01   0.769737E+03   0.781605E+03   0.769737E+03  -0.578744E-03   0.771164E+03   0.765569E+03   0.232065E-02
   0.311933E+01   0.563297E+03   0.503073E+03   0.122374E-03   0.122344E-03   0.391007E-01   0.545450E+03   0.553859E+03   0.545450E+03  -0.410109E-03   0.546461E+03   0.542494E+03   0.134714E-02
   0.380996E+01   0.398117E+03   0.355553E+03   0.579755E-04   0.579612E-04   0.185242E-01   0.385504E+03   0.391447E+03   0.385504E+03  -0.289849E-03   0.386218E+03   0.383412E+03   0.780332E-03
   0.465350E+01   0.280699E+03   0.250687E+03   0.274004E-04   0.273936E-04   0.875707E-02   0.271806E+03   0.275996E+03   0.271806E+03  -0.204363E-03   0.272310E+03   0.270328E+03   0.451228E-03
   0.568379E+01   0.197472E+03   0.176356E+03   0.129211E-04   0.129179E-04   0.412994E-02   0.191215E+03   0.194163E+03   0.191215E+03  -0.143769E-03   0.191570E+03   0.190171E+03   0.260600E-03
   0.694221E+01   0.138636E+03   0.123808E+03   0.608064E-05   0.607914E-05   0.194280E-02   0.134243E+03   0.136312E+03   0.134243E+03  -0.100933E-03   0.134492E+03   0.133506E+03   0.150412E-03
   0.847923E+01   0.971449E+02   0.867508E+02   0.285608E-05   0.285537E-05   0.910349E-03   0.940657E+02   0.955161E+02   0.940657E+02  -0.707254E-04   0.942408E+02   0.935458E+02   0.868335E-04
   0.103566E+02   0.679509E+02   0.606761E+02   0.133912E-05   0.133879E-05   0.426840E-03   0.657965E+02   0.668110E+02   0.657965E+02  -0.494705E-04   0.659192E+02   0.654285E+02   0.501964E-04
   0.126495E+02   0.474521E+02   0.423672E+02   0.626829E-06   0.626674E-06   0.200640E-03   0.459469E+02   0.466553E+02   0.459469E+02  -0.345462E-04   0.460329E+02   0.456855E+02   0.291012E-04
   0.154502E+02   0.330863E+02   0.295359E+02   0.292957E-06   0.292885E-06   0.933691E-04   0.320360E+02   0.325300E+02   0.320360E+02  -0.240870E-04   0.320964E+02   0.318491E+02   0.169563E-04
   0.188709E+02   0.230365E+02   0.205593E+02   0.136717E-06   0.136684E-06   0.437324E-04   0.223044E+02   0.226483E+02   0.223044E+02  -0.167701E-04   0.223468E+02   0.221694E+02   0.995855E-05
   0.230489E+02   0.160177E+02   0.142897E+02   0.637153E-07   0.636996E-07   0.203712E-04   0.155078E+02   0.157469E+02   0.155078E+02  -0.116599E-04   0.155376E+02   0.154089E+02   0.591798E-05
   0.281520E+02   0.111233E+02   0.991760E+01   0.296545E-07   0.296472E-07   0.941044E-05   0.107683E+02   0.109343E+02   0.107683E+02  -0.809638E-05   0.107894E+02   0.106944E+02   0.357576E-05
   0.343849E+02   0.771513E+01   0.687298E+01   0.137843E-07   0.137809E-07   0.443201E-05   0.746802E+01   0.758316E+01   0.746802E+01  -0.561499E-05   0.748305E+01   0.741135E+01   0.220926E-05
   0.419979E+02   0.534513E+01   0.475557E+01   0.639926E-08   0.639769E-08   0.203748E-05   0.517299E+01   0.525275E+01   0.517299E+01  -0.388942E-05   0.518382E+01   0.512815E+01   0.140413E-05
   0.512963E+02   0.369911E+01   0.328481E+01   0.296706E-08   0.296633E-08   0.936853E-06   0.357901E+01   0.363419E+01   0.357901E+01  -0.269095E-05   0.358693E+01   0.354224E+01   0.922881E-06
   0.626535E+02   0.255726E+01   0.226437E+01   0.137389E-08   0.137355E-08   0.435289E-06   0.247323E+01   0.251137E+01   0.247323E+01  -0.185955E-05   0.247915E+01   0.244192E+01   0.629416E-06
   0.765251E+02   0.176603E+01   0.155711E+01   0.635270E-09   0.635114E-09   0.203255E-06   0.170697E+01   0.173329E+01   0.170697E+01  -0.128342E-05   0.171150E+01   0.167931E+01   0.445641E-06
   0.934680E+02   0.121831E+01   0.106739E+01   0.293268E-09   0.293196E-09   0.915743E-07   0.117652E+01   0.119466E+01   0.117652E+01  -0.884595E-06   0.118011E+01   0.115129E+01   0.326654E-06
   0.114162E+03   0.839540E+00   0.728626E+00   0.135125E-09   0.135093E-09   0.446001E-07   0.809675E+00   0.822160E+00   0.809675E+00  -0.608772E-06   0.812611E+00   0.786044E+00   0.246525E-06
