#          k/h    CDM            baryon         photon         nu             mass_nu        total          no_nu          total_de       Weyl           v_CDM          v_b            v_b-v_c     
   0.105184E-04   0.924315E+06   0.924315E+06   0.123240E+07   0.123239E+07   0.926606E+06   0.924350E+06   0.924315E+06   0.932710E+06  -0.601441E+00   0.922378E+06   0.922378E+06   0.121406E+00
   0.116143E-04   0.924315E+06   0.924315E+06   0.123239E+07   0.123239E+07   0.926606E+06   0.924350E+06   0.924315E+06   0.932710E+06  -0.601441E+00   0.922378E+06   0.922378E+06   0.134055E+00
   0.128244E-04   0.924315E+06   0.924315E+06   0.123238E+07   0.123238E+07   0.926605E+06   0.924350E+06   0.924315E+06   0.932710E+06  -0.601440E+00   0.922378E+06   0.922378E+06   0.148022E+00
   0.141606E-04   0.924315E+06   0.924315E+06   0.123237E+07   0.123237E+07   0.926605E+06   0.924350E+06   0.924315E+06   0.932710E+06  -0.601440E+00   0.922378E+06   0.922378E+06   0.163444E+00
   0.156360E-04   0.924315E+06   0.924315E+06   0.123236E+07   0.123236E+07   0.926604E+06   0.924350E+06   0.924315E+06   0.932710E+06  -0.601440E+00   0.922378E+06   0.922378E+06   0.180473E+00
   0.172651E-04   0.924315E+06   0.924315E+06   0.123235E+07   0.123235E+07   0.926603E+06   0.924349E+06   0.924315E+06   0.932709E+06  -0.601440E+00   0.922378E+06   0.922378E+06   0.199276E+00
   0.190639E-04   0.924314E+06   0.924314E+06   0.123234E+07   0.123233E+07   0.926602E+06   0.924349E+06   0.924314E+06   0.932709E+06  -0.601440E+00   0.922377E+06   0.922377E+06   0.220038E+00
   0.210501E-04   0.924314E+06   0.924314E+06   0.123232E+07   0.123232E+07   0.926601E+06   0.924349E+06   0.924314E+06   0.932708E+06  -0.601439E+00   0.922377E+06   0.922377E+06   0.242963E+00
   0.232433E-04   0.924314E+06   0.924314E+06   0.123230E+07   0.123229E+07   0.926599E+06   0.924348E+06   0.924314E+06   0.932708E+06  -0.601439E+00   0.922377E+06   0.922377E+06   0.268277E+00
   0.256650E-04   0.924313E+06   0.924313E+06   0.123227E+07   0.123226E+07   0.926598E+06   0.924348E+06   0.924313E+06   0.932707E+06  -0.601438E+00   0.922376E+06   0.922376E+06   0.296228E+00
   0.283390E-04   0.924312E+06   0.924312E+06   0.123224E+07   0.123223E+07   0.926595E+06   0.924347E+06   0.924312E+06   0.932706E+06  -0.601438E+00   0.922376E+06   0.922376E+06   0.327091E+00
   0.312916E-04   0.924312E+06   0.924312E+06   0.123220E+07   0.123219E+07   0.926593E+06   0.924346E+06   0.924312E+06   0.932705E+06  -0.601437E+00   0.922375E+06   0.922375E+06   0.361169E+00
   0.345519E-04   0.924311E+06   0.924311E+06   0.123215E+07   0.123214E+07   0.926589E+06   0.924345E+06   0.924311E+06   0.932704E+06  -0.601436E+00   0.922374E+06   0.922374E+06   0.398798E+00
   0.381518E-04   0.924310E+06   0.924310E+06   0.123209E+07   0.123208E+07   0.926585E+06   0.924344E+06   0.924310E+06   0.932702E+06  -0.601435E+00   0.922373E+06   0.922373E+06   0.440347E+00
   0.421268E-04   0.924308E+06   0.924308E+06   0.123201E+07   0.123200E+07   0.926580E+06   0.924343E+06   0.924308E+06   0.932700E+06  -0.601434E+00   0.922371E+06   0.922371E+06   0.486224E+00
   0.465159E-04   0.924307E+06   0.924306E+06   0.123192E+07   0.123191E+07   0.926574E+06   0.924341E+06   0.924307E+06   0.932698E+06  -0.601432E+00   0.922370E+06   0.922370E+06   0.536880E+00
   0.513623E-04   0.924305E+06   0.924304E+06   0.123181E+07   0.123179E+07   0.926567E+06   0.924339E+06   0.924305E+06   0.932695E+06  -0.601430E+00   0.922368E+06   0.922368E+06   0.592813E+00
   0.567137E-04   0.924302E+06   0.924302E+06   0.123168E+07   0.123166E+07   0.926558E+06   0.924336E+06   0.924302E+06   0.932692E+06  -0.601428E+00   0.922365E+06   0.922365E+06   0.654573E+00
   0.626227E-04   0.924299E+06   0.924299E+06   0.123152E+07   0.123149E+07   0.926547E+06   0.924333E+06   0.924299E+06   0.932687E+06  -0.601425E+00   0.922362E+06   0.922362E+06   0.722766E+00
   0.691473E-04   0.924296E+06   0.924295E+06   0.123132E+07   0.123128E+07   0.926534E+06   0.924329E+06   0.924295E+06   0.932682E+06  -0.601421E+00   0.922358E+06   0.922358E+06   0.798061E+00
   0.763516E-04   0.924291E+06   0.924290E+06   0.123108E+07   0.123104E+07   0.926517E+06   0.924325E+06   0.924291E+06   0.932676E+06  -0.601417E+00   0.922354E+06   0.922354E+06   0.881198E+00
   0.843066E-04   0.924286E+06   0.924285E+06   0.123078E+07   0.123073E+07   0.926498E+06   0.924319E+06   0.924285E+06   0.932668E+06  -0.601412E+00   0.922348E+06   0.922348E+06   0.972992E+00
   0.930904E-04   0.924279E+06   0.924278E+06   0.123042E+07   0.123036E+07   0.926473E+06   0.924312E+06   0.924279E+06   0.932659E+06  -0.601406E+00   0.922342E+06   0.922342E+06   0.107435E+01
   0.102789E-03   0.924271E+06   0.924270E+06   0.122999E+07   0.122991E+07   0.926444E+06   0.924304E+06   0.924271E+06   0.932647E+06  -0.601398E+00   0.922334E+06   0.922333E+06   0.118625E+01
   0.113499E-03   0.924261E+06   0.924260E+06   0.122945E+07   0.122936E+07   0.926408E+06   0.924293E+06   0.924261E+06   0.932633E+06  -0.601388E+00   0.922324E+06   0.922323E+06   0.130980E+01
   0.125324E-03   0.924249E+06   0.924247E+06   0.122880E+07   0.122869E+07   0.926364E+06   0.924281E+06   0.924249E+06   0.932616E+06  -0.601377E+00   0.922311E+06   0.922311E+06   0.144622E+01
   0.138382E-03   0.924234E+06   0.924232E+06   0.122801E+07   0.122788E+07   0.926311E+06   0.924265E+06   0.924234E+06   0.932595E+06  -0.601362E+00   0.922297E+06   0.922296E+06   0.159683E+01
   0.152799E-03   0.924216E+06   0.924214E+06   0.122704E+07   0.122688E+07   0.926246E+06   0.924247E+06   0.924216E+06   0.932570E+06  -0.601345E+00   0.922279E+06   0.922278E+06   0.176310E+01
   0.168719E-03   0.924194E+06   0.924192E+06   0.122587E+07   0.122567E+07   0.926166E+06   0.924224E+06   0.924194E+06   0.932539E+06  -0.601324E+00   0.922257E+06   0.922256E+06   0.194666E+01
   0.186298E-03   0.924168E+06   0.924164E+06   0.122444E+07   0.122419E+07   0.926070E+06   0.924196E+06   0.924167E+06   0.932502E+06  -0.601299E+00   0.922230E+06   0.922229E+06   0.214931E+01
   0.205708E-03   0.924135E+06   0.924131E+06   0.122269E+07   0.122240E+07   0.925952E+06   0.924162E+06   0.924135E+06   0.932456E+06  -0.601267E+00   0.922197E+06   0.922197E+06   0.237301E+01
   0.227141E-03   0.924096E+06   0.924091E+06   0.122057E+07   0.122021E+07   0.925808E+06   0.924121E+06   0.924095E+06   0.932400E+06  -0.601229E+00   0.922157E+06   0.922157E+06   0.261993E+01
   0.250806E-03   0.924047E+06   0.924041E+06   0.121798E+07   0.121755E+07   0.925633E+06   0.924071E+06   0.924047E+06   0.932332E+06  -0.601183E+00   0.922109E+06   0.922108E+06   0.289247E+01
   0.276938E-03   0.923989E+06   0.923981E+06   0.121484E+07   0.121431E+07   0.925420E+06   0.924009E+06   0.923988E+06   0.932249E+06  -0.601126E+00   0.922050E+06   0.922049E+06   0.319325E+01
   0.305791E-03   0.923917E+06   0.923908E+06   0.121101E+07   0.121037E+07   0.925160E+06   0.923935E+06   0.923916E+06   0.932148E+06  -0.601058E+00   0.921978E+06   0.921977E+06   0.352518E+01
   0.337651E-03   0.923830E+06   0.923819E+06   0.120637E+07   0.120559E+07   0.924843E+06   0.923844E+06   0.923828E+06   0.932025E+06  -0.600974E+00   0.921890E+06   0.921888E+06   0.389142E+01
   0.372831E-03   0.923724E+06   0.923710E+06   0.120072E+07   0.119978E+07   0.924457E+06   0.923733E+06   0.923722E+06   0.931876E+06  -0.600872E+00   0.921783E+06   0.921781E+06   0.429546E+01
   0.411676E-03   0.923594E+06   0.923578E+06   0.119387E+07   0.119273E+07   0.923986E+06   0.923598E+06   0.923592E+06   0.931694E+06  -0.600748E+00   0.921652E+06   0.921650E+06   0.474111E+01
   0.454568E-03   0.923437E+06   0.923416E+06   0.118557E+07   0.118418E+07   0.923414E+06   0.923433E+06   0.923433E+06   0.931473E+06  -0.600597E+00   0.921494E+06   0.921491E+06   0.523255E+01
   0.501929E-03   0.923245E+06   0.923220E+06   0.117552E+07   0.117384E+07   0.922717E+06   0.923233E+06   0.923241E+06   0.931204E+06  -0.600414E+00   0.921300E+06   0.921297E+06   0.577433E+01
   0.554224E-03   0.923011E+06   0.922981E+06   0.116336E+07   0.116135E+07   0.921869E+06   0.922989E+06   0.923006E+06   0.930877E+06  -0.600191E+00   0.921065E+06   0.921061E+06   0.637139E+01
   0.611968E-03   0.922727E+06   0.922691E+06   0.114870E+07   0.114629E+07   0.920837E+06   0.922693E+06   0.922721E+06   0.930480E+06  -0.599920E+00   0.920778E+06   0.920774E+06   0.702910E+01
   0.675728E-03   0.922382E+06   0.922337E+06   0.113106E+07   0.112816E+07   0.919582E+06   0.922332E+06   0.922375E+06   0.929999E+06  -0.599591E+00   0.920430E+06   0.920425E+06   0.775327E+01
   0.746132E-03   0.921962E+06   0.921908E+06   0.110987E+07   0.110643E+07   0.918057E+06   0.921894E+06   0.921953E+06   0.929416E+06  -0.599193E+00   0.920006E+06   0.920000E+06   0.855011E+01
   0.823870E-03   0.921452E+06   0.921386E+06   0.108454E+07   0.108045E+07   0.916206E+06   0.921362E+06   0.921442E+06   0.928711E+06  -0.598711E+00   0.919491E+06   0.919483E+06   0.942628E+01
   0.909708E-03   0.920833E+06   0.920753E+06   0.105436E+07   0.104955E+07   0.913959E+06   0.920717E+06   0.920821E+06   0.927859E+06  -0.598128E+00   0.918866E+06   0.918856E+06   0.103888E+02
   0.100449E-02   0.920084E+06   0.919986E+06   0.101861E+07   0.101299E+07   0.911237E+06   0.919934E+06   0.920068E+06   0.926832E+06  -0.597426E+00   0.918107E+06   0.918096E+06   0.114452E+02
   0.110915E-02   0.919176E+06   0.919057E+06   0.976517E+06   0.970015E+06   0.907942E+06   0.918988E+06   0.919158E+06   0.925598E+06  -0.596580E+00   0.917188E+06   0.917174E+06   0.126030E+02
   0.122471E-02   0.918080E+06   0.917934E+06   0.927362E+06   0.919933E+06   0.903960E+06   0.917843E+06   0.918057E+06   0.924118E+06  -0.595564E+00   0.916075E+06   0.916057E+06   0.138702E+02
   0.135231E-02   0.916757E+06   0.916580E+06   0.870515E+06   0.862160E+06   0.899102E+06   0.916462E+06   0.916729E+06   0.922349E+06  -0.594349E+00   0.914730E+06   0.914708E+06   0.152548E+02
   0.149320E-02   0.915164E+06   0.914949E+06   0.805567E+06   0.796353E+06   0.893250E+06   0.914799E+06   0.915131E+06   0.920244E+06  -0.592901E+00   0.913107E+06   0.913081E+06   0.167645E+02
   0.164878E-02   0.913252E+06   0.912989E+06   0.732476E+06   0.722573E+06   0.886272E+06   0.912803E+06   0.913211E+06   0.917750E+06  -0.591183E+00   0.911154E+06   0.911123E+06   0.184068E+02
   0.182056E-02   0.910963E+06   0.910643E+06   0.651762E+06   0.641470E+06   0.877958E+06   0.910413E+06   0.910913E+06   0.914813E+06  -0.589155E+00   0.908811E+06   0.908773E+06   0.201888E+02
   0.201024E-02   0.908234E+06   0.907844E+06   0.564726E+06   0.554502E+06   0.868074E+06   0.907565E+06   0.908173E+06   0.911374E+06  -0.586777E+00   0.906008E+06   0.905962E+06   0.221169E+02
   0.221969E-02   0.904993E+06   0.904518E+06   0.473668E+06   0.464135E+06   0.856383E+06   0.904182E+06   0.904918E+06   0.907375E+06  -0.584009E+00   0.902669E+06   0.902614E+06   0.241964E+02
   0.245096E-02   0.901163E+06   0.900586E+06   0.382030E+06   0.373944E+06   0.842626E+06   0.900186E+06   0.901073E+06   0.902761E+06  -0.580810E+00   0.898710E+06   0.898643E+06   0.264322E+02
   0.270632E-02   0.896665E+06   0.895963E+06   0.294364E+06   0.288523E+06   0.826550E+06   0.895493E+06   0.896555E+06   0.897477E+06  -0.577149E+00   0.894041E+06   0.893961E+06   0.288284E+02
   0.298829E-02   0.891413E+06   0.890560E+06   0.215981E+06   0.213042E+06   0.807922E+06   0.890016E+06   0.891280E+06   0.891474E+06  -0.572995E+00   0.888573E+06   0.888477E+06   0.313892E+02
   0.329963E-02   0.885327E+06   0.884291E+06   0.152130E+06   0.152348E+06   0.786551E+06   0.883669E+06   0.885165E+06   0.884702E+06  -0.568326E+00   0.882214E+06   0.882099E+06   0.341194E+02
   0.364342E-02   0.878327E+06   0.877069E+06   0.106665E+06   0.109605E+06   0.762323E+06   0.876373E+06   0.878130E+06   0.877103E+06  -0.563124E+00   0.874883E+06   0.874745E+06   0.370260E+02
   0.402302E-02   0.870338E+06   0.868812E+06   0.804016E+05   0.847725E+05   0.735230E+06   0.868054E+06   0.870099E+06   0.868608E+06  -0.557367E+00   0.866508E+06   0.866343E+06   0.401187E+02
   0.444218E-02   0.861293E+06   0.859444E+06   0.698078E+05   0.736602E+05   0.705408E+06   0.858644E+06   0.861004E+06   0.859126E+06  -0.551023E+00   0.857031E+06   0.856834E+06   0.434103E+02
   0.490500E-02   0.851129E+06   0.848891E+06   0.671482E+05   0.686213E+05   0.673155E+06   0.848084E+06   0.850778E+06   0.848543E+06  -0.544046E+00   0.846409E+06   0.846173E+06   0.469159E+02
   0.541605E-02   0.839785E+06   0.837078E+06   0.631577E+05   0.616623E+05   0.638936E+06   0.836321E+06   0.839360E+06   0.836746E+06  -0.536366E+00   0.834603E+06   0.834322E+06   0.506499E+02
   0.598034E-02   0.827198E+06   0.823928E+06   0.520643E+05   0.491150E+05   0.603348E+06   0.823298E+06   0.826685E+06   0.823645E+06  -0.527910E+00   0.821575E+06   0.821240E+06   0.546225E+02
   0.660342E-02   0.813306E+06   0.809362E+06   0.359772E+05   0.344146E+05   0.567053E+06   0.808962E+06   0.812688E+06   0.809203E+06  -0.518614E+00   0.807272E+06   0.806874E+06   0.588365E+02
   0.729143E-02   0.798047E+06   0.793299E+06   0.234247E+05   0.246815E+05   0.530676E+06   0.793259E+06   0.797303E+06   0.793421E+06  -0.508442E+00   0.791630E+06   0.791158E+06   0.632861E+02
   0.805111E-02   0.781369E+06   0.775663E+06   0.200905E+05   0.224362E+05   0.494700E+06   0.776140E+06   0.780474E+06   0.776282E+06  -0.497386E+00   0.774580E+06   0.774020E+06   0.679595E+02
   0.888995E-02   0.763226E+06   0.756384E+06   0.206645E+05   0.179638E+05   0.459411E+06   0.757562E+06   0.762153E+06   0.757696E+06  -0.485424E+00   0.756089E+06   0.755426E+06   0.728386E+02
   0.981618E-02   0.743579E+06   0.735396E+06   0.161490E+05   0.143449E+05   0.424937E+06   0.737483E+06   0.742297E+06   0.737589E+06  -0.472518E+00   0.736116E+06   0.735333E+06   0.778929E+02
   0.108389E-01   0.722390E+06   0.712634E+06   0.963104E+04   0.114216E+05   0.391354E+06   0.715864E+06   0.720861E+06   0.715933E+06  -0.458626E+00   0.714622E+06   0.713701E+06   0.830699E+02
   0.119682E-01   0.699621E+06   0.688033E+06   0.911088E+04   0.906328E+04   0.358717E+06   0.692662E+06   0.697805E+06   0.692724E+06  -0.443728E+00   0.691562E+06   0.690480E+06   0.882920E+02
   0.132152E-01   0.675346E+06   0.661641E+06   0.826194E+04   0.716612E+04   0.325092E+06   0.667918E+06   0.673198E+06   0.667972E+06  -0.427855E+00   0.666992E+06   0.665728E+06   0.934556E+02
   0.145920E-01   0.649334E+06   0.633212E+06   0.470999E+04   0.564316E+04   0.292480E+06   0.641434E+06   0.646808E+06   0.641468E+06  -0.410869E+00   0.640681E+06   0.639211E+06   0.984181E+02
   0.161124E-01   0.621659E+06   0.602814E+06   0.507780E+04   0.442338E+04   0.259964E+06   0.613265E+06   0.618706E+06   0.613298E+06  -0.392810E+00   0.612696E+06   0.610998E+06   0.102992E+03
   0.177911E-01   0.592289E+06   0.570430E+06   0.306180E+04   0.344989E+04   0.228343E+06   0.583396E+06   0.588864E+06   0.583418E+06  -0.373666E+00   0.583008E+06   0.581061E+06   0.106941E+03
   0.196447E-01   0.561341E+06   0.536221E+06   0.302866E+04   0.267589E+04   0.199284E+06   0.551973E+06   0.557404E+06   0.551993E+06  -0.353529E+00   0.551753E+06   0.549542E+06   0.109973E+03
   0.216915E-01   0.528921E+06   0.500384E+06   0.177038E+04   0.206310E+04   0.172747E+06   0.519115E+06   0.524450E+06   0.519128E+06  -0.332476E+00   0.519054E+06   0.516574E+06   0.111743E+03
   0.239515E-01   0.495218E+06   0.463246E+06   0.175142E+04   0.158003E+04   0.147648E+06   0.485012E+06   0.490208E+06   0.485024E+06  -0.310629E+00   0.485107E+06   0.482365E+06   0.111863E+03
   0.264470E-01   0.460550E+06   0.425339E+06   0.127993E+04   0.120168E+04   0.124290E+06   0.450016E+06   0.455032E+06   0.450025E+06  -0.288210E+00   0.450252E+06   0.447276E+06   0.109923E+03
   0.292025E-01   0.425390E+06   0.387420E+06   0.827045E+03   0.907610E+03   0.103693E+06   0.414651E+06   0.419440E+06   0.414657E+06  -0.265557E+00   0.414999E+06   0.411845E+06   0.105540E+03
   0.322450E-01   0.390361E+06   0.350464E+06   0.603041E+03   0.681064E+03   0.858145E+05   0.379585E+06   0.384109E+06   0.379590E+06  -0.243097E+00   0.380018E+06   0.376770E+06   0.984238E+02
   0.356046E-01   0.356245E+06   0.315645E+06   0.483700E+03   0.508369E+03   0.700414E+05   0.345639E+06   0.349883E+06   0.345642E+06  -0.221354E+00   0.346130E+06   0.342906E+06   0.884745E+02
   0.393142E-01   0.323914E+06   0.284205E+06   0.426156E+03   0.378318E+03   0.567920E+05   0.313735E+06   0.317692E+06   0.313738E+06  -0.200921E+00   0.314246E+06   0.311192E+06   0.758998E+02
   0.434103E-01   0.294222E+06   0.257234E+06   0.227520E+03   0.281562E+03   0.458370E+05   0.284747E+06   0.288426E+06   0.284748E+06  -0.182354E+00   0.285244E+06   0.282519E+06   0.613322E+02
   0.477513E-01   0.268667E+06   0.235994E+06   0.212613E+03   0.212573E+03   0.372637E+05   0.260115E+06   0.263547E+06   0.260117E+06  -0.166579E+00   0.260569E+06   0.258297E+06   0.464941E+02
   0.520924E-01   0.248323E+06   0.220715E+06   0.165397E+03   0.165366E+03   0.308914E+05   0.240765E+06   0.243997E+06   0.240766E+06  -0.154187E+00   0.241162E+06   0.239380E+06   0.334231E+02
   0.564334E-01   0.231643E+06   0.209109E+06   0.131770E+03   0.131745E+03   0.260187E+05   0.225047E+06   0.228112E+06   0.225048E+06  -0.144120E+00   0.225387E+06   0.224065E+06   0.228949E+02
   0.607744E-01   0.217456E+06   0.199376E+06   0.106912E+03   0.106891E+03   0.221696E+05   0.211704E+06   0.214623E+06   0.211705E+06  -0.135575E+00   0.211996E+06   0.211048E+06   0.152316E+02
   0.651155E-01   0.204905E+06   0.190227E+06   0.879209E+02   0.879041E+02   0.190570E+05   0.199821E+06   0.202605E+06   0.199822E+06  -0.127965E+00   0.200079E+06   0.199389E+06   0.103547E+02
   0.694565E-01   0.193240E+06   0.180717E+06   0.729473E+02   0.729335E+02   0.164477E+05   0.188627E+06   0.191278E+06   0.188627E+06  -0.120796E+00   0.188868E+06   0.188307E+06   0.788140E+01
   0.737975E-01   0.181914E+06   0.170326E+06   0.608258E+02   0.608143E+02   0.142188E+05   0.177582E+06   0.180098E+06   0.177582E+06  -0.113723E+00   0.177821E+06   0.177275E+06   0.723551E+01
   0.781386E-01   0.170728E+06   0.159077E+06   0.508625E+02   0.508528E+02   0.122840E+05   0.166527E+06   0.168902E+06   0.166527E+06  -0.106643E+00   0.166776E+06   0.166155E+06   0.776086E+01
   0.824796E-01   0.159785E+06   0.147414E+06   0.426403E+02   0.426321E+02   0.106173E+05   0.155613E+06   0.157846E+06   0.155614E+06  -0.996538E-01   0.155877E+06   0.155132E+06   0.882424E+01
   0.868206E-01   0.149338E+06   0.135981E+06   0.358785E+02   0.358717E+02   0.918271E+04   0.145151E+06   0.147245E+06   0.145151E+06  -0.929536E-01   0.145431E+06   0.144551E+06   0.989687E+01
   0.911617E-01   0.139632E+06   0.125387E+06   0.303511E+02   0.303454E+02   0.797051E+04   0.135437E+06   0.137400E+06   0.135437E+06  -0.867328E-01   0.135729E+06   0.134739E+06   0.106054E+02
   0.965767E-01   0.128843E+06   0.114038E+06   0.248893E+02   0.248846E+02   0.672681E+04   0.124706E+06   0.126523E+06   0.124706E+06  -0.798607E-01   0.125001E+06   0.123945E+06   0.106894E+02
   0.101992E+00   0.119737E+06   0.105230E+06   0.207133E+02   0.207093E+02   0.574963E+04   0.115769E+06   0.117464E+06   0.115770E+06  -0.741377E-01   0.116055E+06   0.115026E+06   0.985628E+01
   0.107407E+00   0.112372E+06   0.989971E+05   0.175349E+02   0.175315E+02   0.498302E+04   0.108679E+06   0.110276E+06   0.108679E+06  -0.695971E-01   0.108943E+06   0.108026E+06   0.833896E+01
   0.112822E+00   0.106514E+06   0.948451E+05   0.150902E+02   0.150873E+02   0.438073E+04   0.103165E+06   0.104686E+06   0.103165E+06  -0.660656E-01   0.103400E+06   0.102648E+06   0.651600E+01
   0.118237E+00   0.101692E+06   0.919130E+05   0.131502E+02   0.131477E+02   0.389563E+04   0.986997E+05   0.100160E+06   0.986998E+05  -0.632063E-01   0.989060E+05   0.983281E+05   0.477576E+01
   0.123652E+00   0.973868E+05   0.892955E+05   0.115423E+02   0.115401E+02   0.348134E+04   0.947139E+05   0.961189E+05   0.947140E+05  -0.606539E-01   0.948952E+05   0.944635E+05   0.341214E+01
   0.129067E+00   0.931979E+05   0.863111E+05   0.101551E+02   0.101532E+02   0.311554E+04   0.907689E+05   0.921188E+05   0.907690E+05  -0.581275E-01   0.909329E+05   0.905934E+05   0.257062E+01
   0.134482E+00   0.889043E+05   0.826208E+05   0.892730E+01   0.892560E+01   0.278417E+04   0.866284E+05   0.879196E+05   0.866285E+05  -0.554759E-01   0.867840E+05   0.864750E+05   0.224495E+01
   0.139897E+00   0.844602E+05   0.782298E+05   0.783178E+01   0.783029E+01   0.247902E+04   0.822553E+05   0.834839E+05   0.822554E+05  -0.526754E-01   0.824100E+05   0.820789E+05   0.231232E+01
   0.145312E+00   0.799509E+05   0.734017E+05   0.686016E+01   0.685885E+01   0.220287E+04   0.777611E+05   0.789246E+05   0.777611E+05  -0.497973E-01   0.779193E+05   0.775342E+05   0.258932E+01
   0.150727E+00   0.755340E+05   0.685331E+05   0.601112E+01   0.600998E+01   0.195666E+04   0.733377E+05   0.744369E+05   0.733377E+05  -0.469646E-01   0.735005E+05   0.730546E+05   0.289032E+01
   0.156142E+00   0.713990E+05   0.640410E+05   0.528412E+01   0.528311E+01   0.174143E+04   0.692070E+05   0.702460E+05   0.692070E+05  -0.443194E-01   0.693722E+05   0.688811E+05   0.307294E+01
   0.161557E+00   0.677259E+05   0.602651E+05   0.467549E+01   0.467461E+01   0.155875E+04   0.655710E+05   0.665568E+05   0.655710E+05  -0.419909E-01   0.657345E+05   0.652281E+05   0.306258E+01
   0.166972E+00   0.646149E+05   0.573676E+05   0.417448E+01   0.417368E+01   0.140659E+04   0.625378E+05   0.634792E+05   0.625378E+05  -0.400485E-01   0.626952E+05   0.622073E+05   0.285524E+01
   0.172387E+00   0.620379E+05   0.552846E+05   0.376251E+01   0.376179E+01   0.128113E+04   0.600743E+05   0.609797E+05   0.600743E+05  -0.384709E-01   0.602220E+05   0.597805E+05   0.250258E+01
   0.177802E+00   0.598644E+05   0.537783E+05   0.341756E+01   0.341691E+01   0.117495E+04   0.580350E+05   0.589107E+05   0.580351E+05  -0.371650E-01   0.581712E+05   0.577916E+05   0.208613E+01
   0.183217E+00   0.579433E+05   0.525590E+05   0.312037E+01   0.311978E+01   0.108208E+04   0.562500E+05   0.570996E+05   0.562500E+05  -0.360218E-01   0.563746E+05   0.560578E+05   0.168962E+01
   0.188632E+00   0.561376E+05   0.513603E+05   0.285620E+01   0.285566E+01   0.998767E+03   0.545641E+05   0.553890E+05   0.545641E+05  -0.349422E-01   0.546791E+05   0.544132E+05   0.137717E+01
   0.194047E+00   0.543300E+05   0.499776E+05   0.261446E+01   0.261397E+01   0.921810E+03   0.528483E+05   0.536480E+05   0.528483E+05  -0.338434E-01   0.529565E+05   0.527219E+05   0.118132E+01
   0.199462E+00   0.524435E+05   0.483037E+05   0.238893E+01   0.238847E+01   0.848606E+03   0.510221E+05   0.517948E+05   0.510222E+05  -0.326740E-01   0.511266E+05   0.509018E+05   0.110131E+01
   0.204877E+00   0.504708E+05   0.463575E+05   0.217798E+01   0.217757E+01   0.779592E+03   0.490824E+05   0.498262E+05   0.490824E+05  -0.314318E-01   0.491856E+05   0.489529E+05   0.110980E+01
   0.210292E+00   0.484676E+05   0.442613E+05   0.198314E+01   0.198276E+01   0.715036E+03   0.470942E+05   0.478085E+05   0.470943E+05  -0.301586E-01   0.471978E+05   0.469470E+05   0.116496E+01
   0.215707E+00   0.465129E+05   0.421779E+05   0.180655E+01   0.180621E+01   0.655654E+03   0.451484E+05   0.458336E+05   0.451484E+05  -0.289125E-01   0.452525E+05   0.449823E+05   0.122380E+01
   0.221122E+00   0.446769E+05   0.402543E+05   0.164945E+01   0.164914E+01   0.602702E+03   0.433260E+05   0.439839E+05   0.433260E+05  -0.277454E-01   0.434297E+05   0.431462E+05   0.125291E+01
   0.226537E+00   0.430109E+05   0.385936E+05   0.151186E+01   0.151158E+01   0.555785E+03   0.416853E+05   0.423187E+05   0.416853E+05  -0.266948E-01   0.417874E+05   0.415012E+05   0.123451E+01
   0.231952E+00   0.415404E+05   0.372396E+05   0.139258E+01   0.139231E+01   0.514740E+03   0.402545E+05   0.408664E+05   0.402545E+05  -0.257785E-01   0.403533E+05   0.400762E+05   0.116744E+01
   0.237367E+00   0.402579E+05   0.361702E+05   0.128920E+01   0.128896E+01   0.479278E+03   0.390238E+05   0.396174E+05   0.390238E+05  -0.249904E-01   0.391183E+05   0.388598E+05   0.106403E+01
   0.242782E+00   0.391266E+05   0.353101E+05   0.119861E+01   0.119838E+01   0.447750E+03   0.379510E+05   0.385285E+05   0.379510E+05  -0.243033E-01   0.380405E+05   0.378059E+05   0.944182E+00
   0.248197E+00   0.380937E+05   0.345586E+05   0.111760E+01   0.111739E+01   0.419463E+03   0.369768E+05   0.375397E+05   0.369768E+05  -0.236795E-01   0.370613E+05   0.368508E+05   0.828817E+00
   0.253612E+00   0.371048E+05   0.338168E+05   0.104341E+01   0.104321E+01   0.393570E+03   0.360406E+05   0.365896E+05   0.360406E+05  -0.230800E-01   0.361210E+05   0.359304E+05   0.734412E+00
   0.259027E+00   0.361155E+05   0.330106E+05   0.974041E+00   0.973855E+00   0.368920E+03   0.350942E+05   0.356290E+05   0.350942E+05  -0.224739E-01   0.351714E+05   0.349938E+05   0.669800E+00
   0.264443E+00   0.351028E+05   0.321064E+05   0.908435E+00   0.908262E+00   0.345639E+03   0.341132E+05   0.346332E+05   0.341132E+05  -0.218457E-01   0.341882E+05   0.340162E+05   0.635445E+00
   0.269858E+00   0.340687E+05   0.311153E+05   0.846412E+00   0.846251E+00   0.323453E+03   0.331011E+05   0.336059E+05   0.331011E+05  -0.211975E-01   0.331748E+05   0.330022E+05   0.624902E+00
   0.275273E+00   0.330326E+05   0.300794E+05   0.788279E+00   0.788129E+00   0.302389E+03   0.320805E+05   0.325698E+05   0.320805E+05  -0.205439E-01   0.321534E+05   0.319766E+05   0.627727E+00
   0.280688E+00   0.320192E+05   0.290516E+05   0.734429E+00   0.734290E+00   0.282937E+03   0.310799E+05   0.315541E+05   0.310799E+05  -0.199032E-01   0.311522E+05   0.309704E+05   0.632812E+00
   0.286103E+00   0.310517E+05   0.280819E+05   0.685142E+00   0.685011E+00   0.264896E+03   0.301264E+05   0.305863E+05   0.301264E+05  -0.192926E-01   0.301980E+05   0.300132E+05   0.631189E+00
   0.291518E+00   0.301506E+05   0.272090E+05   0.640539E+00   0.640417E+00   0.248539E+03   0.292431E+05   0.296896E+05   0.292431E+05  -0.187269E-01   0.293134E+05   0.291291E+05   0.617751E+00
   0.296933E+00   0.293275E+05   0.264514E+05   0.600478E+00   0.600364E+00   0.233844E+03   0.284424E+05   0.288768E+05   0.284424E+05  -0.182142E-01   0.285109E+05   0.283311E+05   0.591680E+00
   0.302348E+00   0.285803E+05   0.258027E+05   0.564501E+00   0.564393E+00   0.220483E+03   0.277215E+05   0.281451E+05   0.277215E+05  -0.177525E-01   0.277879E+05   0.276159E+05   0.555789E+00
   0.307763E+00   0.278943E+05   0.252359E+05   0.531924E+00   0.531822E+00   0.208430E+03   0.270641E+05   0.274777E+05   0.270642E+05  -0.173315E-01   0.271281E+05   0.269659E+05   0.515112E+00
   0.313178E+00   0.272500E+05   0.247154E+05   0.502039E+00   0.501944E+00   0.197323E+03   0.264486E+05   0.268529E+05   0.264486E+05  -0.169373E-01   0.265102E+05   0.263579E+05   0.475205E+00
   0.318593E+00   0.266298E+05   0.242080E+05   0.474259E+00   0.474169E+00   0.186880E+03   0.258550E+05   0.262503E+05   0.258550E+05  -0.165572E-01   0.259145E+05   0.257708E+05   0.440661E+00
   0.324008E+00   0.260199E+05   0.236893E+05   0.448149E+00   0.448064E+00   0.177115E+03   0.252683E+05   0.256547E+05   0.252683E+05  -0.161815E-01   0.253260E+05   0.251886E+05   0.414162E+00
   0.329423E+00   0.254111E+05   0.231460E+05   0.423422E+00   0.423342E+00   0.167799E+03   0.246787E+05   0.250561E+05   0.246787E+05  -0.158039E-01   0.247350E+05   0.246014E+05   0.396185E+00
   0.334838E+00   0.248008E+05   0.225775E+05   0.399952E+00   0.399876E+00   0.158858E+03   0.240840E+05   0.244524E+05   0.240840E+05  -0.154231E-01   0.241392E+05   0.240072E+05   0.385294E+00
   0.340253E+00   0.241939E+05   0.219957E+05   0.377754E+00   0.377682E+00   0.150489E+03   0.234900E+05   0.238494E+05   0.234900E+05  -0.150427E-01   0.235444E+05   0.234124E+05   0.378834E+00
   0.345668E+00   0.235998E+05   0.214198E+05   0.356918E+00   0.356850E+00   0.142528E+03   0.229076E+05   0.232582E+05   0.229076E+05  -0.146697E-01   0.229612E+05   0.228290E+05   0.373797E+00
   0.351083E+00   0.230282E+05   0.208684E+05   0.337521E+00   0.337456E+00   0.135070E+03   0.223477E+05   0.226898E+05   0.223477E+05  -0.143112E-01   0.224005E+05   0.222684E+05   0.367602E+00
   0.356498E+00   0.224855E+05   0.203547E+05   0.319571E+00   0.319510E+00   0.128248E+03   0.218176E+05   0.221516E+05   0.218176E+05  -0.139717E-01   0.218695E+05   0.217386E+05   0.358627E+00
   0.361913E+00   0.219742E+05   0.198842E+05   0.303007E+00   0.302949E+00   0.121813E+03   0.213202E+05   0.216467E+05   0.213202E+05  -0.136532E-01   0.213710E+05   0.212427E+05   0.346408E+00
   0.367328E+00   0.214938E+05   0.194556E+05   0.287724E+00   0.287669E+00   0.115912E+03   0.208550E+05   0.211744E+05   0.208550E+05  -0.133553E-01   0.209046E+05   0.207799E+05   0.331507E+00
   0.372743E+00   0.210413E+05   0.190623E+05   0.273583E+00   0.273531E+00   0.110476E+03   0.204185E+05   0.207312E+05   0.204185E+05  -0.130757E-01   0.204668E+05   0.203465E+05   0.315176E+00
   0.378158E+00   0.206112E+05   0.186935E+05   0.260420E+00   0.260371E+00   0.105307E+03   0.200043E+05   0.203107E+05   0.200043E+05  -0.128105E-01   0.200513E+05   0.199356E+05   0.298910E+00
   0.383573E+00   0.201966E+05   0.183370E+05   0.248071E+00   0.248024E+00   0.100532E+03   0.196048E+05   0.199052E+05   0.196048E+05  -0.125547E-01   0.196506E+05   0.195391E+05   0.284035E+00
   0.388988E+00   0.197911E+05   0.179827E+05   0.236400E+00   0.236355E+00   0.959821E+02   0.192133E+05   0.195078E+05   0.192133E+05  -0.123040E-01   0.192581E+05   0.191500E+05   0.271416E+00
   0.394403E+00   0.193915E+05   0.176253E+05   0.225322E+00   0.225279E+00   0.916190E+02   0.188263E+05   0.191148E+05   0.188263E+05  -0.120561E-01   0.188701E+05   0.187646E+05   0.261327E+00
   0.399818E+00   0.189970E+05   0.172643E+05   0.214792E+00   0.214751E+00   0.875206E+02   0.184428E+05   0.187255E+05   0.184428E+05  -0.118105E-01   0.184858E+05   0.183820E+05   0.253492E+00
   0.405233E+00   0.186084E+05   0.169026E+05   0.204794E+00   0.204755E+00   0.835764E+02   0.180642E+05   0.183411E+05   0.180642E+05  -0.115681E-01   0.181064E+05   0.180039E+05   0.247251E+00
   0.410648E+00   0.182279E+05   0.165453E+05   0.195326E+00   0.195289E+00   0.798278E+02   0.176930E+05   0.179642E+05   0.176930E+05  -0.113304E-01   0.177346E+05   0.176329E+05   0.241781E+00
   0.416063E+00   0.178582E+05   0.161984E+05   0.186392E+00   0.186357E+00   0.763205E+02   0.173324E+05   0.175981E+05   0.173324E+05  -0.110994E-01   0.173733E+05   0.172726E+05   0.236325E+00
   0.421478E+00   0.175019E+05   0.158668E+05   0.177994E+00   0.177960E+00   0.729794E+02   0.169853E+05   0.172457E+05   0.169853E+05  -0.108772E-01   0.170255E+05   0.169261E+05   0.230350E+00
   0.426893E+00   0.171607E+05   0.155535E+05   0.170116E+00   0.170083E+00   0.698482E+02   0.166534E+05   0.169088E+05   0.166534E+05  -0.106646E-01   0.166929E+05   0.165952E+05   0.223631E+00
   0.432308E+00   0.168343E+05   0.152585E+05   0.162728E+00   0.162697E+00   0.669370E+02   0.163368E+05   0.165874E+05   0.163368E+05  -0.104619E-01   0.163756E+05   0.162799E+05   0.216234E+00
   0.437723E+00   0.165217E+05   0.149797E+05   0.155786E+00   0.155757E+00   0.641432E+02   0.160341E+05   0.162801E+05   0.160341E+05  -0.102680E-01   0.160721E+05   0.159787E+05   0.208446E+00
   0.443138E+00   0.162207E+05   0.147133E+05   0.149244E+00   0.149216E+00   0.615402E+02   0.157430E+05   0.159845E+05   0.157430E+05  -0.100816E-01   0.157802E+05   0.156891E+05   0.200660E+00
   0.448553E+00   0.159292E+05   0.144556E+05   0.143056E+00   0.143029E+00   0.590800E+02   0.154611E+05   0.156983E+05   0.154611E+05  -0.990108E-02   0.154975E+05   0.154088E+05   0.193260E+00
   0.453968E+00   0.156454E+05   0.142034E+05   0.137184E+00   0.137157E+00   0.566923E+02   0.151864E+05   0.154194E+05   0.151864E+05  -0.972519E-02   0.152221E+05   0.151355E+05   0.186526E+00
   0.459383E+00   0.153678E+05   0.139542E+05   0.131596E+00   0.131571E+00   0.544753E+02   0.149174E+05   0.151463E+05   0.149174E+05  -0.955292E-02   0.149525E+05   0.148676E+05   0.180583E+00
   0.464798E+00   0.150955E+05   0.137070E+05   0.126269E+00   0.126245E+00   0.523252E+02   0.146530E+05   0.148779E+05   0.146530E+05  -0.938362E-02   0.146875E+05   0.146040E+05   0.175400E+00
   0.470213E+00   0.148281E+05   0.134621E+05   0.121189E+00   0.121165E+00   0.502617E+02   0.143932E+05   0.146140E+05   0.143932E+05  -0.921720E-02   0.144270E+05   0.143448E+05   0.170826E+00
   0.475629E+00   0.145664E+05   0.132211E+05   0.116349E+00   0.116327E+00   0.483388E+02   0.141386E+05   0.143556E+05   0.141386E+05  -0.905420E-02   0.141720E+05   0.140909E+05   0.166642E+00
   0.481044E+00   0.143115E+05   0.129859E+05   0.111748E+00   0.111726E+00   0.464612E+02   0.138906E+05   0.141038E+05   0.138906E+05  -0.889535E-02   0.139234E+05   0.138433E+05   0.162624E+00
   0.486459E+00   0.140639E+05   0.127581E+05   0.107378E+00   0.107358E+00   0.446953E+02   0.136498E+05   0.138593E+05   0.136498E+05  -0.874113E-02   0.136821E+05   0.136031E+05   0.158596E+00
   0.491874E+00   0.138238E+05   0.125385E+05   0.103231E+00   0.103212E+00   0.430253E+02   0.134164E+05   0.136224E+05   0.134164E+05  -0.859171E-02   0.134482E+05   0.133705E+05   0.154460E+00
   0.497289E+00   0.135913E+05   0.123273E+05   0.992965E-01   0.992776E-01   0.414117E+02   0.131908E+05   0.133933E+05   0.131908E+05  -0.844719E-02   0.132220E+05   0.131456E+05   0.150201E+00
   0.502704E+00   0.133664E+05   0.121243E+05   0.955622E-01   0.955440E-01   0.398995E+02   0.129726E+05   0.131718E+05   0.129726E+05  -0.830750E-02   0.130033E+05   0.129283E+05   0.145874E+00
   0.508119E+00   0.131486E+05   0.119286E+05   0.920142E-01   0.919967E-01   0.384586E+02   0.127615E+05   0.129574E+05   0.127615E+05  -0.817228E-02   0.127917E+05   0.127181E+05   0.141576E+00
   0.513534E+00   0.129369E+05   0.117387E+05   0.886361E-01   0.886192E-01   0.370726E+02   0.125563E+05   0.127491E+05   0.125563E+05  -0.804090E-02   0.125860E+05   0.125138E+05   0.137411E+00
   0.518949E+00   0.127304E+05   0.115533E+05   0.854128E-01   0.853965E-01   0.357616E+02   0.123562E+05   0.125459E+05   0.123562E+05  -0.791273E-02   0.123854E+05   0.123145E+05   0.133468E+00
   0.524364E+00   0.125285E+05   0.113713E+05   0.823327E-01   0.823170E-01   0.345056E+02   0.121604E+05   0.123472E+05   0.121604E+05  -0.778738E-02   0.121892E+05   0.121195E+05   0.129794E+00
   0.529779E+00   0.123310E+05   0.111925E+05   0.793871E-01   0.793720E-01   0.332906E+02   0.119688E+05   0.121526E+05   0.119688E+05  -0.766467E-02   0.119971E+05   0.119285E+05   0.126398E+00
   0.535194E+00   0.121377E+05   0.110167E+05   0.765688E-01   0.765542E-01   0.321447E+02   0.117811E+05   0.119621E+05   0.117811E+05  -0.754448E-02   0.118090E+05   0.117414E+05   0.123249E+00
   0.540609E+00   0.119485E+05   0.108440E+05   0.738713E-01   0.738572E-01   0.310335E+02   0.115973E+05   0.117754E+05   0.115973E+05  -0.742675E-02   0.116247E+05   0.115581E+05   0.120290E+00
   0.546024E+00   0.117634E+05   0.106748E+05   0.712901E-01   0.712765E-01   0.299657E+02   0.114174E+05   0.115928E+05   0.114174E+05  -0.731157E-02   0.114444E+05   0.113788E+05   0.117458E+00
   0.551439E+00   0.115827E+05   0.105098E+05   0.688221E-01   0.688090E-01   0.289635E+02   0.112419E+05   0.114146E+05   0.112419E+05  -0.719917E-02   0.112685E+05   0.112038E+05   0.114697E+00
   0.556854E+00   0.114067E+05   0.103494E+05   0.664639E-01   0.664512E-01   0.279817E+02   0.110710E+05   0.112411E+05   0.110710E+05  -0.708972E-02   0.110972E+05   0.110334E+05   0.111968E+00
   0.562269E+00   0.112354E+05   0.101936E+05   0.642100E-01   0.641978E-01   0.270548E+02   0.109046E+05   0.110721E+05   0.109046E+05  -0.698317E-02   0.109305E+05   0.108676E+05   0.109254E+00
   0.567684E+00   0.110684E+05   0.100422E+05   0.620547E-01   0.620428E-01   0.261745E+02   0.107425E+05   0.109076E+05   0.107425E+05  -0.687938E-02   0.107680E+05   0.107061E+05   0.106560E+00
   0.573099E+00   0.109055E+05   0.989498E+04   0.599923E-01   0.599809E-01   0.253074E+02   0.105846E+05   0.107472E+05   0.105846E+05  -0.677822E-02   0.106097E+05   0.105487E+05   0.103906E+00
   0.578514E+00   0.107467E+05   0.975156E+04   0.580178E-01   0.580067E-01   0.245060E+02   0.104305E+05   0.105908E+05   0.104305E+05  -0.667959E-02   0.104553E+05   0.103953E+05   0.101319E+00
   0.629782E+00   0.940510E+04   0.853419E+04   0.428440E-01   0.428358E-01   0.182010E+02   0.912833E+04   0.926863E+04   0.912833E+04  -0.584566E-02   0.914998E+04   0.909749E+04   0.814522E-01
   0.769218E+00   0.684346E+04   0.621037E+04   0.208970E-01   0.208930E-01   0.896623E+01   0.664211E+04   0.674426E+04   0.664211E+04  -0.425352E-02   0.665789E+04   0.661976E+04   0.484302E-01
   0.939525E+00   0.495496E+04   0.449672E+04   0.101421E-01   0.101401E-01   0.438631E+01   0.480916E+04   0.488315E+04   0.480916E+04  -0.307972E-02   0.482060E+04   0.479301E+04   0.286865E-01
   0.114754E+01   0.357170E+04   0.324146E+04   0.490051E-02   0.489957E-02   0.213194E+01   0.346660E+04   0.351995E+04   0.346660E+04  -0.221996E-02   0.347485E+04   0.345498E+04   0.169211E-01
   0.140161E+01   0.256417E+04   0.232713E+04   0.235827E-02   0.235782E-02   0.102902E+01   0.248871E+04   0.252702E+04   0.248871E+04  -0.159374E-02   0.249464E+04   0.248038E+04   0.994230E-02
   0.171193E+01   0.183402E+04   0.166450E+04   0.113066E-02   0.113045E-02   0.494553E+00   0.178005E+04   0.180745E+04   0.178005E+04  -0.113992E-02   0.178429E+04   0.177409E+04   0.582123E-02
   0.209095E+01   0.130735E+04   0.118653E+04   0.540262E-03   0.540159E-03   0.236677E+00   0.126888E+04   0.128842E+04   0.126888E+04  -0.812576E-03   0.127191E+04   0.126464E+04   0.339760E-02
   0.255389E+01   0.929040E+03   0.843185E+03   0.257351E-03   0.257302E-03   0.112942E+00   0.901702E+03   0.915586E+03   0.901702E+03  -0.577438E-03   0.903851E+03   0.898683E+03   0.197744E-02
   0.311933E+01   0.658334E+03   0.597498E+03   0.122242E-03   0.122219E-03   0.536474E-01   0.638962E+03   0.648801E+03   0.638962E+03  -0.409183E-03   0.640485E+03   0.636820E+03   0.114808E-02
   0.380996E+01   0.465286E+03   0.422289E+03   0.579130E-04   0.579020E-04   0.254283E-01   0.451595E+03   0.458549E+03   0.451595E+03  -0.289195E-03   0.452671E+03   0.450078E+03   0.665182E-03
   0.465350E+01   0.328058E+03   0.297740E+03   0.273708E-04   0.273656E-04   0.120150E-01   0.318404E+03   0.323307E+03   0.318404E+03  -0.203902E-03   0.319163E+03   0.317331E+03   0.384775E-03
   0.568379E+01   0.230789E+03   0.209457E+03   0.129072E-04   0.129047E-04   0.567734E-02   0.223997E+03   0.227446E+03   0.223997E+03  -0.143444E-03   0.224531E+03   0.223238E+03   0.222334E-03
   0.694221E+01   0.162026E+03   0.147046E+03   0.607407E-05   0.607292E-05   0.266695E-02   0.157257E+03   0.159679E+03   0.157257E+03  -0.100705E-03   0.157633E+03   0.156720E+03   0.128423E-03
   0.847923E+01   0.113535E+03   0.103033E+03   0.285299E-05   0.285245E-05   0.125471E-02   0.110192E+03   0.111889E+03   0.110192E+03  -0.705657E-04   0.110456E+03   0.109812E+03   0.742217E-04
   0.103566E+02   0.794152E+02   0.720646E+02   0.133767E-05   0.133742E-05   0.586583E-03   0.770764E+02   0.782634E+02   0.770764E+02  -0.493587E-04   0.772611E+02   0.768056E+02   0.429758E-04
   0.126495E+02   0.554579E+02   0.503192E+02   0.626151E-06   0.626032E-06   0.275532E-03   0.538238E+02   0.546527E+02   0.538238E+02  -0.344681E-04   0.539531E+02   0.536298E+02   0.249743E-04
   0.154502E+02   0.386684E+02   0.350796E+02   0.292640E-06   0.292584E-06   0.128581E-03   0.375281E+02   0.381060E+02   0.375281E+02  -0.240325E-04   0.376186E+02   0.373877E+02   0.146014E-04
   0.188709E+02   0.269229E+02   0.244181E+02   0.136569E-06   0.136543E-06   0.602371E-04   0.261281E+02   0.265304E+02   0.261281E+02  -0.167321E-04   0.261915E+02   0.260251E+02   0.861687E-05
   0.230489E+02   0.187199E+02   0.169719E+02   0.636461E-07   0.636340E-07   0.280623E-04   0.181662E+02   0.184460E+02   0.181662E+02  -0.116334E-04   0.182108E+02   0.180892E+02   0.515475E-05
   0.281520E+02   0.129997E+02   0.117791E+02   0.296222E-07   0.296165E-07   0.129985E-04   0.126142E+02   0.128084E+02   0.126142E+02  -0.807794E-05   0.126455E+02   0.125550E+02   0.314226E-05
   0.343849E+02   0.901652E+01   0.816308E+01   0.137692E-07   0.137665E-07   0.605597E-05   0.874806E+01   0.888278E+01   0.874806E+01  -0.560215E-05   0.877026E+01   0.870117E+01   0.196344E-05
   0.419979E+02   0.624665E+01   0.564826E+01   0.639220E-08   0.639099E-08   0.281955E-05   0.605957E+01   0.615288E+01   0.605957E+01  -0.388047E-05   0.607541E+01   0.602104E+01   0.126497E-05
   0.512963E+02   0.432290E+01   0.390146E+01   0.296375E-08   0.296318E-08   0.129976E-05   0.419230E+01   0.425686E+01   0.419230E+01  -0.268470E-05   0.420374E+01   0.415942E+01   0.844260E-06
   0.626535E+02   0.298840E+01   0.268950E+01   0.137233E-08   0.137207E-08   0.606982E-06   0.289695E+01   0.294156E+01   0.289695E+01  -0.185517E-05   0.290534E+01   0.286783E+01   0.585092E-06
   0.765251E+02   0.206365E+01   0.184951E+01   0.634535E-09   0.634415E-09   0.276933E-06   0.199931E+01   0.203010E+01   0.199931E+01  -0.128033E-05   0.200561E+01   0.197266E+01   0.420712E-06
   0.934680E+02   0.142352E+01   0.126789E+01   0.292918E-09   0.292862E-09   0.126606E-06   0.137792E+01   0.139914E+01   0.137792E+01  -0.882399E-06   0.138277E+01   0.135287E+01   0.312667E-06
   0.114162E+03   0.980835E+00   0.865552E+00   0.134957E-09   0.134932E-09   0.592147E-07   0.948168E+00   0.962770E+00   0.948168E+00  -0.607195E-06   0.952037E+00   0.924149E+00   0.238691E-06
