#          k/h    CDM            baryon         photon         nu             mass_nu        total          no_nu          total_de       Weyl           v_CDM          v_b            v_b-v_c     
   0.105184E-04   0.588994E+07   0.588994E+07   0.785217E+07   0.785213E+07   0.589071E+07   0.588995E+07   0.588994E+07   0.589836E+07  -0.597220E+00   0.579912E+07   0.579912E+07   0.114629E+02
   0.116143E-04   0.588994E+07   0.588994E+07   0.785193E+07   0.785188E+07   0.589071E+07   0.588995E+07   0.588994E+07   0.589836E+07  -0.597220E+00   0.579912E+07   0.579911E+07   0.126570E+02
   0.128244E-04   0.588994E+07   0.588994E+07   0.785164E+07   0.785158E+07   0.589070E+07   0.588995E+07   0.588994E+07   0.589836E+07  -0.597220E+00   0.579911E+07   0.579911E+07   0.139755E+02
   0.141606E-04   0.588993E+07   0.588993E+07   0.785128E+07   0.785121E+07   0.589070E+07   0.588994E+07   0.588993E+07   0.589836E+07  -0.597220E+00   0.579911E+07   0.579911E+07   0.154313E+02
   0.156360E-04   0.588993E+07   0.588993E+07   0.785085E+07   0.785076E+07   0.589070E+07   0.588994E+07   0.588993E+07   0.589836E+07  -0.597219E+00   0.579911E+07   0.579911E+07   0.170386E+02
   0.172651E-04   0.588993E+07   0.588993E+07   0.785032E+07   0.785021E+07   0.589069E+07   0.588994E+07   0.588993E+07   0.589835E+07  -0.597219E+00   0.579911E+07   0.579911E+07   0.188133E+02
   0.190639E-04   0.588993E+07   0.588992E+07   0.784968E+07   0.784954E+07   0.589069E+07   0.588994E+07   0.588993E+07   0.589835E+07  -0.597218E+00   0.579910E+07   0.579910E+07   0.207727E+02
   0.210501E-04   0.588992E+07   0.588992E+07   0.784889E+07   0.784873E+07   0.589068E+07   0.588993E+07   0.588992E+07   0.589834E+07  -0.597218E+00   0.579910E+07   0.579910E+07   0.229359E+02
   0.232433E-04   0.588992E+07   0.588992E+07   0.784794E+07   0.784773E+07   0.589067E+07   0.588993E+07   0.588992E+07   0.589834E+07  -0.597217E+00   0.579910E+07   0.579909E+07   0.253242E+02
   0.256650E-04   0.588991E+07   0.588991E+07   0.784677E+07   0.784652E+07   0.589066E+07   0.588992E+07   0.588991E+07   0.589833E+07  -0.597216E+00   0.579909E+07   0.579909E+07   0.279609E+02
   0.283390E-04   0.588990E+07   0.588990E+07   0.784535E+07   0.784504E+07   0.589065E+07   0.588992E+07   0.588990E+07   0.589832E+07  -0.597216E+00   0.579908E+07   0.579908E+07   0.308716E+02
   0.312916E-04   0.588990E+07   0.588989E+07   0.784362E+07   0.784324E+07   0.589064E+07   0.588991E+07   0.588989E+07   0.589831E+07  -0.597214E+00   0.579907E+07   0.579907E+07   0.340847E+02
   0.345519E-04   0.588988E+07   0.588988E+07   0.784150E+07   0.784105E+07   0.589062E+07   0.588989E+07   0.588988E+07   0.589830E+07  -0.597213E+00   0.579906E+07   0.579906E+07   0.376314E+02
   0.381518E-04   0.588987E+07   0.588987E+07   0.783893E+07   0.783838E+07   0.589060E+07   0.588988E+07   0.588987E+07   0.589828E+07  -0.597211E+00   0.579905E+07   0.579905E+07   0.415461E+02
   0.421268E-04   0.588986E+07   0.588985E+07   0.783579E+07   0.783512E+07   0.589058E+07   0.588986E+07   0.588985E+07   0.589826E+07  -0.597209E+00   0.579903E+07   0.579903E+07   0.458665E+02
   0.465159E-04   0.588984E+07   0.588983E+07   0.783197E+07   0.783115E+07   0.589054E+07   0.588984E+07   0.588983E+07   0.589824E+07  -0.597207E+00   0.579902E+07   0.579901E+07   0.506342E+02
   0.513623E-04   0.588981E+07   0.588981E+07   0.782730E+07   0.782631E+07   0.589051E+07   0.588982E+07   0.588981E+07   0.589821E+07  -0.597204E+00   0.579899E+07   0.579898E+07   0.558949E+02
   0.567137E-04   0.588978E+07   0.588978E+07   0.782163E+07   0.782041E+07   0.589046E+07   0.588979E+07   0.588978E+07   0.589817E+07  -0.597200E+00   0.579896E+07   0.579895E+07   0.616985E+02
   0.626227E-04   0.588975E+07   0.588974E+07   0.781471E+07   0.781322E+07   0.589041E+07   0.588976E+07   0.588974E+07   0.589813E+07  -0.597195E+00   0.579893E+07   0.579892E+07   0.680999E+02
   0.691473E-04   0.588970E+07   0.588969E+07   0.780628E+07   0.780447E+07   0.589034E+07   0.588971E+07   0.588970E+07   0.589807E+07  -0.597189E+00   0.579889E+07   0.579887E+07   0.751589E+02
   0.763516E-04   0.588965E+07   0.588964E+07   0.779602E+07   0.779382E+07   0.589026E+07   0.588966E+07   0.588965E+07   0.589801E+07  -0.597183E+00   0.579883E+07   0.579882E+07   0.829408E+02
   0.843066E-04   0.588959E+07   0.588957E+07   0.778352E+07   0.778084E+07   0.589016E+07   0.588959E+07   0.588958E+07   0.589793E+07  -0.597174E+00   0.579877E+07   0.579875E+07   0.915168E+02
   0.930904E-04   0.588951E+07   0.588949E+07   0.776831E+07   0.776505E+07   0.589003E+07   0.588951E+07   0.588950E+07   0.589784E+07  -0.597164E+00   0.579869E+07   0.579867E+07   0.100964E+03
   0.102789E-03   0.588941E+07   0.588939E+07   0.774981E+07   0.774584E+07   0.588988E+07   0.588942E+07   0.588941E+07   0.589772E+07  -0.597152E+00   0.579860E+07   0.579857E+07   0.111364E+03
   0.113499E-03   0.588930E+07   0.588927E+07   0.772730E+07   0.772247E+07   0.588970E+07   0.588930E+07   0.588929E+07   0.589758E+07  -0.597136E+00   0.579849E+07   0.579845E+07   0.122808E+03
   0.125324E-03   0.588915E+07   0.588912E+07   0.769995E+07   0.769407E+07   0.588948E+07   0.588915E+07   0.588915E+07   0.589740E+07  -0.597118E+00   0.579835E+07   0.579830E+07   0.135389E+03
   0.138382E-03   0.588898E+07   0.588894E+07   0.766672E+07   0.765958E+07   0.588921E+07   0.588898E+07   0.588898E+07   0.589719E+07  -0.597096E+00   0.579818E+07   0.579812E+07   0.149207E+03
   0.152799E-03   0.588877E+07   0.588873E+07   0.762640E+07   0.761773E+07   0.588888E+07   0.588876E+07   0.588876E+07   0.589693E+07  -0.597068E+00   0.579797E+07   0.579791E+07   0.164365E+03
   0.168719E-03   0.588851E+07   0.588846E+07   0.757751E+07   0.756699E+07   0.588847E+07   0.588850E+07   0.588850E+07   0.589662E+07  -0.597035E+00   0.579772E+07   0.579764E+07   0.180971E+03
   0.186298E-03   0.588820E+07   0.588814E+07   0.751832E+07   0.750556E+07   0.588798E+07   0.588819E+07   0.588819E+07   0.589624E+07  -0.596994E+00   0.579741E+07   0.579732E+07   0.199130E+03
   0.205708E-03   0.588782E+07   0.588774E+07   0.744674E+07   0.743130E+07   0.588739E+07   0.588780E+07   0.588781E+07   0.589577E+07  -0.596945E+00   0.579704E+07   0.579692E+07   0.218944E+03
   0.227141E-03   0.588736E+07   0.588726E+07   0.736036E+07   0.734170E+07   0.588666E+07   0.588733E+07   0.588734E+07   0.589521E+07  -0.596885E+00   0.579658E+07   0.579644E+07   0.240505E+03
   0.250806E-03   0.588679E+07   0.588668E+07   0.725635E+07   0.723384E+07   0.588577E+07   0.588676E+07   0.588677E+07   0.589453E+07  -0.596812E+00   0.579603E+07   0.579586E+07   0.263891E+03
   0.276938E-03   0.588611E+07   0.588597E+07   0.713145E+07   0.710435E+07   0.588470E+07   0.588606E+07   0.588608E+07   0.589370E+07  -0.596724E+00   0.579536E+07   0.579515E+07   0.289152E+03
   0.305791E-03   0.588527E+07   0.588510E+07   0.698198E+07   0.694945E+07   0.588338E+07   0.588522E+07   0.588525E+07   0.589269E+07  -0.596617E+00   0.579454E+07   0.579429E+07   0.316300E+03
   0.337651E-03   0.588426E+07   0.588406E+07   0.680383E+07   0.676493E+07   0.588179E+07   0.588419E+07   0.588423E+07   0.589147E+07  -0.596487E+00   0.579354E+07   0.579324E+07   0.345293E+03
   0.372831E-03   0.588303E+07   0.588278E+07   0.659259E+07   0.654626E+07   0.587985E+07   0.588294E+07   0.588299E+07   0.588999E+07  -0.596330E+00   0.579233E+07   0.579197E+07   0.376011E+03
   0.411676E-03   0.588154E+07   0.588124E+07   0.634366E+07   0.628876E+07   0.587750E+07   0.588143E+07   0.588149E+07   0.588821E+07  -0.596140E+00   0.579086E+07   0.579043E+07   0.408231E+03
   0.454568E-03   0.587973E+07   0.587937E+07   0.605256E+07   0.598791E+07   0.587464E+07   0.587960E+07   0.587967E+07   0.588606E+07  -0.595911E+00   0.578908E+07   0.578857E+07   0.441597E+03
   0.501929E-03   0.587754E+07   0.587712E+07   0.571534E+07   0.563979E+07   0.587117E+07   0.587738E+07   0.587748E+07   0.588348E+07  -0.595636E+00   0.578692E+07   0.578632E+07   0.475582E+03
   0.554224E-03   0.587490E+07   0.587439E+07   0.532923E+07   0.524176E+07   0.586697E+07   0.587470E+07   0.587482E+07   0.588038E+07  -0.595306E+00   0.578431E+07   0.578359E+07   0.509450E+03
   0.611968E-03   0.587172E+07   0.587111E+07   0.489349E+07   0.479336E+07   0.586189E+07   0.587147E+07   0.587162E+07   0.587668E+07  -0.594912E+00   0.578116E+07   0.578032E+07   0.542216E+03
   0.675728E-03   0.586788E+07   0.586717E+07   0.441052E+07   0.429746E+07   0.585576E+07   0.586759E+07   0.586777E+07   0.587228E+07  -0.594442E+00   0.577737E+07   0.577638E+07   0.572622E+03
   0.746132E-03   0.586328E+07   0.586245E+07   0.388710E+07   0.376158E+07   0.584836E+07   0.586293E+07   0.586315E+07   0.586705E+07  -0.593885E+00   0.577280E+07   0.577166E+07   0.599124E+03
   0.823870E-03   0.585778E+07   0.585682E+07   0.333569E+07   0.319915E+07   0.583946E+07   0.585735E+07   0.585763E+07   0.586088E+07  -0.593227E+00   0.576733E+07   0.576603E+07   0.619927E+03
   0.909708E-03   0.585122E+07   0.585011E+07   0.277529E+07   0.263036E+07   0.582877E+07   0.585071E+07   0.585104E+07   0.585363E+07  -0.592454E+00   0.576079E+07   0.575933E+07   0.633070E+03
   0.100449E-02   0.584343E+07   0.584217E+07   0.223135E+07   0.208198E+07   0.581599E+07   0.584282E+07   0.584323E+07   0.584516E+07  -0.591552E+00   0.575301E+07   0.575138E+07   0.636607E+03
   0.110915E-02   0.583421E+07   0.583280E+07   0.173394E+07   0.158526E+07   0.580073E+07   0.583349E+07   0.583399E+07   0.583529E+07  -0.590506E+00   0.574379E+07   0.574202E+07   0.628888E+03
   0.122471E-02   0.582336E+07   0.582181E+07   0.131331E+07   0.117116E+07   0.578259E+07   0.582251E+07   0.582312E+07   0.582387E+07  -0.589298E+00   0.573292E+07   0.573102E+07   0.608934E+03
   0.135231E-02   0.581066E+07   0.580898E+07   0.992681E+06   0.862694E+06   0.576100E+07   0.580965E+07   0.581040E+07   0.581067E+07  -0.587910E+00   0.572017E+07   0.571819E+07   0.576879E+03
   0.149320E-02   0.579586E+07   0.579407E+07   0.779225E+06   0.665683E+06   0.573551E+07   0.579467E+07   0.579558E+07   0.579547E+07  -0.586322E+00   0.570531E+07   0.570328E+07   0.534345E+03
   0.164878E-02   0.577871E+07   0.577683E+07   0.656859E+06   0.561656E+06   0.570561E+07   0.577732E+07   0.577842E+07   0.577799E+07  -0.584511E+00   0.568808E+07   0.568604E+07   0.484565E+03
   0.182056E-02   0.575892E+07   0.575699E+07   0.586721E+06   0.509153E+06   0.567068E+07   0.575729E+07   0.575862E+07   0.575789E+07  -0.582445E+00   0.566822E+07   0.566622E+07   0.432044E+03
   0.201024E-02   0.573619E+07   0.573422E+07   0.521020E+06   0.458890E+06   0.563001E+07   0.573428E+07   0.573588E+07   0.573482E+07  -0.580089E+00   0.564544E+07   0.564348E+07   0.381623E+03
   0.221969E-02   0.571018E+07   0.570816E+07   0.428957E+06   0.380578E+06   0.558287E+07   0.570794E+07   0.570986E+07   0.570838E+07  -0.577402E+00   0.561942E+07   0.561751E+07   0.337144E+03
   0.245096E-02   0.568050E+07   0.567843E+07   0.318913E+06   0.284178E+06   0.552849E+07   0.567788E+07   0.568018E+07   0.567822E+07  -0.574341E+00   0.558978E+07   0.558791E+07   0.300300E+03
   0.270632E-02   0.564677E+07   0.564458E+07   0.230563E+06   0.209166E+06   0.546609E+07   0.564370E+07   0.564642E+07   0.564394E+07  -0.570863E+00   0.555612E+07   0.555426E+07   0.270465E+03
   0.298829E-02   0.560854E+07   0.560618E+07   0.189279E+06   0.177553E+06   0.539490E+07   0.560494E+07   0.560817E+07   0.560514E+07  -0.566927E+00   0.551799E+07   0.551612E+07   0.245706E+03
   0.329963E-02   0.556536E+07   0.556278E+07   0.169637E+06   0.148851E+06   0.531424E+07   0.556116E+07   0.556495E+07   0.556134E+07  -0.562487E+00   0.547494E+07   0.547306E+07   0.224063E+03
   0.364342E-02   0.551677E+07   0.551393E+07   0.133607E+06   0.121007E+06   0.522358E+07   0.551190E+07   0.551632E+07   0.551203E+07  -0.557495E+00   0.542652E+07   0.542462E+07   0.203938E+03
   0.402302E-02   0.546229E+07   0.545916E+07   0.975970E+05   0.982544E+05   0.512251E+07   0.545667E+07   0.546180E+07   0.545677E+07  -0.551901E+00   0.537226E+07   0.537037E+07   0.184176E+03
   0.444218E-02   0.540144E+07   0.539798E+07   0.885289E+05   0.796745E+05   0.501088E+07   0.539500E+07   0.540090E+07   0.539509E+07  -0.545657E+00   0.531169E+07   0.530982E+07   0.165110E+03
   0.490500E-02   0.533376E+07   0.532990E+07   0.739845E+05   0.645150E+05   0.488868E+07   0.532644E+07   0.533316E+07   0.532651E+07  -0.538718E+00   0.524435E+07   0.524250E+07   0.148437E+03
   0.541605E-02   0.525881E+07   0.525443E+07   0.551866E+05   0.521575E+05   0.475607E+07   0.525053E+07   0.525812E+07   0.525059E+07  -0.531036E+00   0.516982E+07   0.516796E+07   0.134363E+03
   0.598034E-02   0.517615E+07   0.517116E+07   0.510858E+05   0.420940E+05   0.461325E+07   0.516687E+07   0.517537E+07   0.516692E+07  -0.522571E+00   0.508767E+07   0.508582E+07   0.121594E+03
   0.660342E-02   0.508541E+07   0.507969E+07   0.354188E+05   0.339086E+05   0.446045E+07   0.507508E+07   0.508451E+07   0.507511E+07  -0.513285E+00   0.499755E+07   0.499570E+07   0.109709E+03
   0.729143E-02   0.498622E+07   0.497964E+07   0.303074E+05   0.272589E+05   0.429777E+07   0.497480E+07   0.498519E+07   0.497483E+07  -0.503140E+00   0.489910E+07   0.489726E+07   0.990100E+02
   0.805111E-02   0.487828E+07   0.487065E+07   0.232554E+05   0.218643E+05   0.412534E+07   0.486572E+07   0.487708E+07   0.486574E+07  -0.492106E+00   0.479200E+07   0.479016E+07   0.897500E+02
   0.888995E-02   0.476126E+07   0.475241E+07   0.182897E+05   0.174946E+05   0.394356E+07   0.474753E+07   0.475987E+07   0.474755E+07  -0.480152E+00   0.467597E+07   0.467413E+07   0.813473E+02
   0.981618E-02   0.463491E+07   0.462461E+07   0.162001E+05   0.139610E+05   0.375314E+07   0.461999E+07   0.463330E+07   0.462001E+07  -0.467251E+00   0.455074E+07   0.454890E+07   0.738343E+02
   0.108389E-01   0.449897E+07   0.448696E+07   0.117405E+05   0.111086E+05   0.355482E+07   0.448284E+07   0.449709E+07   0.448285E+07  -0.453379E+00   0.441607E+07   0.441421E+07   0.672458E+02
   0.119682E-01   0.435317E+07   0.433917E+07   0.953357E+04   0.881043E+04   0.334883E+07   0.433583E+07   0.435098E+07   0.433584E+07  -0.438510E+00   0.427170E+07   0.426983E+07   0.613519E+02
   0.132152E-01   0.419777E+07   0.418147E+07   0.713875E+04   0.696319E+04   0.312763E+07   0.417908E+07   0.419522E+07   0.417908E+07  -0.422656E+00   0.411778E+07   0.411589E+07   0.561665E+02
   0.145920E-01   0.403152E+07   0.401260E+07   0.551766E+04   0.548069E+04   0.290380E+07   0.401155E+07   0.402855E+07   0.401155E+07  -0.405712E+00   0.395323E+07   0.395131E+07   0.515472E+02
   0.161124E-01   0.385480E+07   0.383293E+07   0.467187E+04   0.429455E+04   0.267592E+07   0.383360E+07   0.385138E+07   0.383361E+07  -0.387715E+00   0.377840E+07   0.377646E+07   0.474331E+02
   0.177911E-01   0.366751E+07   0.364237E+07   0.371689E+04   0.334818E+04   0.244721E+07   0.364518E+07   0.366357E+07   0.364518E+07  -0.368659E+00   0.359323E+07   0.359125E+07   0.437367E+02
   0.196447E-01   0.347049E+07   0.344182E+07   0.268441E+04   0.259606E+04   0.221889E+07   0.344714E+07   0.346599E+07   0.344714E+07  -0.348629E+00   0.339856E+07   0.339654E+07   0.403679E+02
   0.216915E-01   0.326445E+07   0.323209E+07   0.211648E+04   0.200073E+04   0.199223E+07   0.324022E+07   0.325938E+07   0.324023E+07  -0.327702E+00   0.319512E+07   0.319306E+07   0.372317E+02
   0.239515E-01   0.305065E+07   0.301460E+07   0.172845E+04   0.153176E+04   0.177005E+07   0.302572E+07   0.304500E+07   0.302573E+07  -0.306009E+00   0.298415E+07   0.298206E+07   0.342349E+02
   0.264470E-01   0.283125E+07   0.279174E+07   0.128814E+04   0.116458E+04   0.155618E+07   0.280588E+07   0.282506E+07   0.280588E+07  -0.283774E+00   0.276785E+07   0.276574E+07   0.312794E+02
   0.292025E-01   0.260947E+07   0.256703E+07   0.955581E+03   0.879260E+03   0.135356E+07   0.258393E+07   0.260282E+07   0.258393E+07  -0.261327E+00   0.254942E+07   0.254731E+07   0.282772E+02
   0.322450E-01   0.238942E+07   0.234500E+07   0.629732E+03   0.659510E+03   0.116440E+07   0.236405E+07   0.238246E+07   0.236405E+07  -0.239089E+00   0.233294E+07   0.233088E+07   0.251659E+02
   0.356046E-01   0.217625E+07   0.213121E+07   0.577268E+03   0.492054E+03   0.992390E+06   0.215140E+07   0.216919E+07   0.215140E+07  -0.217583E+00   0.212353E+07   0.212154E+07   0.219049E+02
   0.393142E-01   0.197565E+07   0.193176E+07   0.420110E+03   0.365958E+03   0.839421E+06   0.195170E+07   0.196877E+07   0.195170E+07  -0.197386E+00   0.192681E+07   0.192496E+07   0.185059E+02
   0.434103E-01   0.179307E+07   0.175234E+07   0.285456E+03   0.272152E+03   0.706846E+06   0.177036E+07   0.178669E+07   0.177036E+07  -0.179046E+00   0.174814E+07   0.174647E+07   0.150439E+02
   0.477513E-01   0.163759E+07   0.160177E+07   0.218206E+03   0.205272E+03   0.598187E+06   0.161635E+07   0.163198E+07   0.161635E+07  -0.163470E+00   0.159636E+07   0.159492E+07   0.117920E+02
   0.520924E-01   0.151517E+07   0.148503E+07   0.169581E+03   0.159523E+03   0.514492E+06   0.149539E+07   0.151045E+07   0.149539E+07  -0.151237E+00   0.147713E+07   0.147593E+07   0.905372E+01
   0.564334E-01   0.141558E+07   0.139109E+07   0.134967E+03   0.126959E+03   0.448054E+06   0.139717E+07   0.141174E+07   0.139717E+07  -0.141303E+00   0.138031E+07   0.137932E+07   0.687342E+01
   0.607744E-01   0.133101E+07   0.131145E+07   0.109406E+03   0.102911E+03   0.393724E+06   0.131382E+07   0.132795E+07   0.131382E+07  -0.132874E+00   0.129814E+07   0.129733E+07   0.525138E+01
   0.651155E-01   0.125581E+07   0.123998E+07   0.899023E+02   0.845631E+02   0.347944E+06   0.123964E+07   0.125333E+07   0.123964E+07  -0.125371E+00   0.122499E+07   0.122431E+07   0.414248E+01
   0.694565E-01   0.118516E+07   0.117166E+07   0.745487E+02   0.701197E+02   0.308206E+06   0.116982E+07   0.118305E+07   0.116982E+07  -0.118310E+00   0.115613E+07   0.115552E+07   0.346346E+01
   0.737975E-01   0.111568E+07   0.110315E+07   0.621381E+02   0.584453E+02   0.272840E+06   0.110100E+07   0.111372E+07   0.110100E+07  -0.111350E+00   0.108825E+07   0.108766E+07   0.310849E+01
   0.781386E-01   0.104632E+07   0.103365E+07   0.519503E+02   0.488620E+02   0.241043E+06   0.103219E+07   0.104433E+07   0.103219E+07  -0.104391E+00   0.102034E+07   0.101975E+07   0.296638E+01
   0.824796E-01   0.977963E+06   0.964446E+06   0.435505E+02   0.409609E+02   0.212595E+06   0.964306E+06   0.975845E+06   0.964306E+06  -0.975253E-01   0.953335E+06   0.952719E+06   0.293430E+01
   0.868206E-01   0.912491E+06   0.897843E+06   0.366462E+02   0.344667E+02   0.187478E+06   0.899269E+06   0.910196E+06   0.899269E+06  -0.909478E-01   0.889128E+06   0.888480E+06   0.292793E+01
   0.911617E-01   0.851703E+06   0.836049E+06   0.310027E+02   0.291584E+02   0.165655E+06   0.838915E+06   0.849250E+06   0.838915E+06  -0.848439E-01   0.829531E+06   0.828861E+06   0.288757E+01
   0.965767E-01   0.784478E+06   0.768201E+06   0.254236E+02   0.239110E+02   0.142808E+06   0.772264E+06   0.781927E+06   0.772264E+06  -0.781032E-01   0.763706E+06   0.763031E+06   0.274191E+01
   0.101992E+00   0.728361E+06   0.712430E+06   0.211540E+02   0.198951E+02   0.124397E+06   0.716771E+06   0.725865E+06   0.716771E+06  -0.724909E-01   0.708891E+06   0.708246E+06   0.248279E+01
   0.107407E+00   0.683682E+06   0.669030E+06   0.179007E+02   0.168351E+02   0.109803E+06   0.672744E+06   0.681386E+06   0.672744E+06  -0.680382E-01   0.665396E+06   0.664810E+06   0.214263E+01
   0.112822E+00   0.648790E+06   0.636049E+06   0.153960E+02   0.144793E+02   0.981972E+05   0.638499E+06   0.646793E+06   0.638499E+06  -0.645747E-01   0.631562E+06   0.631052E+06   0.177532E+01
   0.118237E+00   0.620451E+06   0.609818E+06   0.134081E+02   0.126095E+02   0.886673E+05   0.610770E+06   0.618785E+06   0.610770E+06  -0.617704E-01   0.604165E+06   0.603732E+06   0.143561E+01
   0.123652E+00   0.595155E+06   0.586392E+06   0.117617E+02   0.110610E+02   0.804424E+05   0.586020E+06   0.593782E+06   0.586021E+06  -0.592673E-01   0.579711E+06   0.579344E+06   0.116421E+01
   0.129067E+00   0.570202E+06   0.562761E+06   0.103435E+02   0.972723E+01   0.730023E+05   0.561536E+06   0.569036E+06   0.561536E+06  -0.567911E-01   0.555516E+06   0.555194E+06   0.980180E+00
   0.134482E+00   0.544131E+06   0.537337E+06   0.909070E+01   0.854900E+01   0.660761E+05   0.535855E+06   0.543066E+06   0.535855E+06  -0.541938E-01   0.530136E+06   0.529835E+06   0.880496E+00
   0.139897E+00   0.516700E+06   0.509939E+06   0.797476E+01   0.749949E+01   0.595875E+05   0.508745E+06   0.515640E+06   0.508745E+06  -0.514521E-01   0.503342E+06   0.503041E+06   0.845218E+00
   0.145312E+00   0.488575E+06   0.481438E+06   0.698613E+01   0.656974E+01   0.535740E+05   0.480897E+06   0.487457E+06   0.480897E+06  -0.486356E-01   0.475815E+06   0.475502E+06   0.845764E+00
   0.150727E+00   0.460918E+06   0.453263E+06   0.612256E+01   0.575761E+01   0.481153E+05   0.453496E+06   0.459719E+06   0.453496E+06  -0.458644E-01   0.448727E+06   0.448399E+06   0.853584E+00
   0.156142E+00   0.435081E+06   0.427021E+06   0.538290E+01   0.506201E+01   0.432910E+05   0.427913E+06   0.433818E+06   0.427913E+06  -0.432771E-01   0.423434E+06   0.423097E+06   0.847009E+00
   0.161557E+00   0.412300E+06   0.404125E+06   0.476313E+01   0.447916E+01   0.391525E+05   0.405397E+06   0.411019E+06   0.405397E+06  -0.409999E-01   0.401170E+06   0.400835E+06   0.814854E+00
   0.166972E+00   0.393244E+06   0.385309E+06   0.425230E+01   0.399877E+01   0.356842E+05   0.386614E+06   0.392001E+06   0.386614E+06  -0.391003E-01   0.382595E+06   0.382274E+06   0.756544E+00
   0.172387E+00   0.377711E+06   0.370330E+06   0.383173E+01   0.360325E+01   0.327921E+05   0.371357E+06   0.376554E+06   0.371357E+06  -0.375573E-01   0.367507E+06   0.367209E+06   0.679608E+00
   0.177802E+00   0.364808E+06   0.358172E+06   0.347926E+01   0.327177E+01   0.303355E+05   0.358727E+06   0.363768E+06   0.358727E+06  -0.362799E-01   0.355016E+06   0.354746E+06   0.595853E+00
   0.183217E+00   0.353493E+06   0.347637E+06   0.317555E+01   0.298616E+01   0.281828E+05   0.347671E+06   0.352576E+06   0.347671E+06  -0.351618E-01   0.344081E+06   0.343839E+06   0.517444E+00
   0.188632E+00   0.342818E+06   0.337633E+06   0.290579E+01   0.273247E+01   0.262284E+05   0.337231E+06   0.342005E+06   0.337231E+06  -0.341059E-01   0.333754E+06   0.333536E+06   0.453638E+00
   0.194047E+00   0.331987E+06   0.327268E+06   0.265929E+01   0.250065E+01   0.243938E+05   0.326608E+06   0.331248E+06   0.326608E+06  -0.330316E-01   0.323248E+06   0.323046E+06   0.408918E+00
   0.199462E+00   0.320502E+06   0.316010E+06   0.242965E+01   0.228470E+01   0.226336E+05   0.315305E+06   0.319798E+06   0.315305E+06  -0.318885E-01   0.312068E+06   0.311874E+06   0.382776E+00
   0.204877E+00   0.308338E+06   0.303865E+06   0.221514E+01   0.208298E+01   0.209422E+05   0.303302E+06   0.307637E+06   0.303302E+06  -0.306746E-01   0.300196E+06   0.300002E+06   0.370861E+00
   0.210292E+00   0.295891E+06   0.291307E+06   0.201716E+01   0.189681E+01   0.193421E+05   0.291003E+06   0.295173E+06   0.291003E+06  -0.294306E-01   0.288030E+06   0.287833E+06   0.366805E+00
   0.215707E+00   0.283716E+06   0.278983E+06   0.183776E+01   0.172811E+01   0.178622E+05   0.278966E+06   0.282975E+06   0.278966E+06  -0.282133E-01   0.276123E+06   0.275923E+06   0.364131E+00
   0.221122E+00   0.272307E+06   0.267473E+06   0.167810E+01   0.157798E+01   0.165239E+05   0.267694E+06   0.271550E+06   0.267694E+06  -0.270733E-01   0.264972E+06   0.264771E+06   0.357808E+00
   0.226537E+00   0.262021E+06   0.257193E+06   0.153817E+01   0.144639E+01   0.153363E+05   0.257547E+06   0.261265E+06   0.257547E+06  -0.260470E-01   0.254933E+06   0.254734E+06   0.345164E+00
   0.231952E+00   0.253031E+06   0.248332E+06   0.141673E+01   0.133219E+01   0.142958E+05   0.248697E+06   0.252295E+06   0.248697E+06  -0.251520E-01   0.246177E+06   0.245985E+06   0.326033E+00
   0.237367E+00   0.245279E+06   0.240818E+06   0.131139E+01   0.123313E+01   0.133863E+05   0.241085E+06   0.244580E+06   0.241085E+06  -0.243822E-01   0.238646E+06   0.238463E+06   0.302247E+00
   0.242782E+00   0.238507E+06   0.234347E+06   0.121902E+01   0.114627E+01   0.125822E+05   0.234449E+06   0.237855E+06   0.234449E+06  -0.237111E-01   0.232080E+06   0.231909E+06   0.276731E+00
   0.248197E+00   0.232351E+06   0.228503E+06   0.113641E+01   0.106859E+01   0.118556E+05   0.228424E+06   0.231748E+06   0.228424E+06  -0.231017E-01   0.226117E+06   0.225958E+06   0.252535E+00
   0.253612E+00   0.226440E+06   0.222865E+06   0.106080E+01   0.997481E+00   0.111813E+05   0.222634E+06   0.225880E+06   0.222634E+06  -0.225162E-01   0.220388E+06   0.220238E+06   0.232026E+00
   0.259027E+00   0.220476E+06   0.217101E+06   0.990156E+00   0.931055E+00   0.105410E+05   0.216782E+06   0.219948E+06   0.216782E+06  -0.219243E-01   0.214597E+06   0.214454E+06   0.216420E+00
   0.264443E+00   0.214309E+06   0.211051E+06   0.923416E+00   0.868297E+00   0.992542E+04   0.210716E+06   0.213798E+06   0.210716E+06  -0.213108E-01   0.208595E+06   0.208456E+06   0.205703E+00
   0.269858E+00   0.207958E+06   0.204743E+06   0.860374E+00   0.809017E+00   0.933406E+04   0.204459E+06   0.207454E+06   0.204459E+06  -0.206780E-01   0.202403E+06   0.202266E+06   0.198862E+00
   0.275273E+00   0.201560E+06   0.198343E+06   0.801318E+00   0.753484E+00   0.877171E+04   0.198149E+06   0.201056E+06   0.198149E+06  -0.200399E-01   0.196160E+06   0.196024E+06   0.194310E+00
   0.280688E+00   0.195291E+06   0.192055E+06   0.746620E+00   0.702051E+00   0.824424E+04   0.191964E+06   0.194784E+06   0.191964E+06  -0.194143E-01   0.190039E+06   0.189903E+06   0.190364E+00
   0.286103E+00   0.189316E+06   0.186075E+06   0.696546E+00   0.654964E+00   0.775623E+04   0.186071E+06   0.188808E+06   0.186071E+06  -0.188183E-01   0.184208E+06   0.184072E+06   0.185675E+00
   0.291518E+00   0.183774E+06   0.180564E+06   0.651208E+00   0.612332E+00   0.731055E+04   0.180611E+06   0.183271E+06   0.180611E+06  -0.182661E-01   0.178805E+06   0.178671E+06   0.179482E+00
   0.296933E+00   0.178744E+06   0.175606E+06   0.610463E+00   0.574018E+00   0.690729E+04   0.175662E+06   0.178253E+06   0.175662E+06  -0.177656E-01   0.173907E+06   0.173777E+06   0.171672E+00
   0.302348E+00   0.174209E+06   0.171180E+06   0.573849E+00   0.539589E+00   0.654276E+04   0.171206E+06   0.173734E+06   0.171206E+06  -0.173150E-01   0.169497E+06   0.169372E+06   0.162660E+00
   0.307763E+00   0.170068E+06   0.167171E+06   0.540683E+00   0.508402E+00   0.621037E+04   0.167143E+06   0.169614E+06   0.167143E+06  -0.169041E-01   0.165476E+06   0.165355E+06   0.153179E+00
   0.313178E+00   0.166188E+06   0.163428E+06   0.510256E+00   0.479791E+00   0.590303E+04   0.163339E+06   0.165755E+06   0.163339E+06  -0.165193E-01   0.161710E+06   0.161595E+06   0.144035E+00
   0.318593E+00   0.162448E+06   0.159812E+06   0.481980E+00   0.453202E+00   0.561487E+04   0.159670E+06   0.162035E+06   0.159670E+06  -0.161483E-01   0.158079E+06   0.157969E+06   0.135890E+00
   0.324008E+00   0.158755E+06   0.156218E+06   0.455415E+00   0.428223E+00   0.534140E+04   0.156044E+06   0.158357E+06   0.156044E+06  -0.157815E-01   0.154490E+06   0.154383E+06   0.129122E+00
   0.329423E+00   0.155048E+06   0.152583E+06   0.430273E+00   0.404582E+00   0.507976E+04   0.152400E+06   0.154662E+06   0.152400E+06  -0.154130E-01   0.150884E+06   0.150780E+06   0.123776E+00
   0.334838E+00   0.151314E+06   0.148893E+06   0.406420E+00   0.382153E+00   0.482888E+04   0.148726E+06   0.150935E+06   0.148726E+06  -0.150414E-01   0.147247E+06   0.147144E+06   0.119617E+00
   0.340253E+00   0.147587E+06   0.145192E+06   0.383868E+00   0.360946E+00   0.458934E+04   0.145055E+06   0.147212E+06   0.145055E+06  -0.146702E-01   0.143614E+06   0.143513E+06   0.116237E+00
   0.345668E+00   0.143933E+06   0.141557E+06   0.362702E+00   0.341044E+00   0.436254E+04   0.141457E+06   0.143561E+06   0.141457E+06  -0.143062E-01   0.140052E+06   0.139952E+06   0.113183E+00
   0.351083E+00   0.140421E+06   0.138066E+06   0.342996E+00   0.322515E+00   0.414982E+04   0.137997E+06   0.140052E+06   0.137997E+06  -0.139564E-01   0.136628E+06   0.136530E+06   0.110068E+00
   0.356498E+00   0.137094E+06   0.134770E+06   0.324756E+00   0.305364E+00   0.395164E+04   0.134722E+06   0.136730E+06   0.134722E+06  -0.136252E-01   0.133386E+06   0.133290E+06   0.106648E+00
   0.361913E+00   0.133969E+06   0.131691E+06   0.307919E+00   0.289532E+00   0.376767E+04   0.131649E+06   0.133612E+06   0.131649E+06  -0.133144E-01   0.130345E+06   0.130250E+06   0.102849E+00
   0.367328E+00   0.131045E+06   0.128823E+06   0.292379E+00   0.274919E+00   0.359692E+04   0.128775E+06   0.130696E+06   0.128775E+06  -0.130237E-01   0.127499E+06   0.127407E+06   0.987541E-01
   0.372743E+00   0.128298E+06   0.126142E+06   0.277996E+00   0.261395E+00   0.343804E+04   0.126078E+06   0.127960E+06   0.126078E+06  -0.127509E-01   0.124830E+06   0.124740E+06   0.945469E-01
   0.378158E+00   0.125692E+06   0.123603E+06   0.264608E+00   0.248806E+00   0.328933E+04   0.123519E+06   0.125365E+06   0.123519E+06  -0.124921E-01   0.122297E+06   0.122210E+06   0.904449E-01
   0.383573E+00   0.123178E+06   0.121153E+06   0.252049E+00   0.236997E+00   0.314892E+04   0.121051E+06   0.122861E+06   0.121051E+06  -0.122425E-01   0.119854E+06   0.119769E+06   0.866371E-01
   0.388988E+00   0.120716E+06   0.118747E+06   0.240182E+00   0.225838E+00   0.301533E+04   0.118633E+06   0.120407E+06   0.118633E+06  -0.119979E-01   0.117460E+06   0.117377E+06   0.832428E-01
   0.394403E+00   0.118283E+06   0.116359E+06   0.228921E+00   0.215249E+00   0.288766E+04   0.116241E+06   0.117981E+06   0.116241E+06  -0.117561E-01   0.115093E+06   0.115012E+06   0.802952E-01
   0.399818E+00   0.115874E+06   0.113987E+06   0.218220E+00   0.205188E+00   0.276551E+04   0.113872E+06   0.115578E+06   0.113872E+06  -0.115165E-01   0.112748E+06   0.112668E+06   0.777474E-01
   0.405233E+00   0.113496E+06   0.111638E+06   0.208062E+00   0.195636E+00   0.264874E+04   0.111534E+06   0.113205E+06   0.111534E+06  -0.112800E-01   0.110433E+06   0.110355E+06   0.754958E-01
   0.410648E+00   0.111166E+06   0.109333E+06   0.198444E+00   0.186592E+00   0.253747E+04   0.109241E+06   0.110879E+06   0.109241E+06  -0.110481E-01   0.108163E+06   0.108086E+06   0.734141E-01
   0.416063E+00   0.108902E+06   0.107093E+06   0.189368E+00   0.178058E+00   0.243190E+04   0.107013E+06   0.108619E+06   0.107013E+06  -0.108228E-01   0.105958E+06   0.105882E+06   0.713871E-01
   0.421478E+00   0.106722E+06   0.104940E+06   0.180835E+00   0.170035E+00   0.233213E+04   0.104869E+06   0.106443E+06   0.104869E+06  -0.106060E-01   0.103835E+06   0.103761E+06   0.693345E-01
   0.426893E+00   0.104638E+06   0.102886E+06   0.172830E+00   0.162507E+00   0.223807E+04   0.102819E+06   0.104363E+06   0.102819E+06  -0.103987E-01   0.101806E+06   0.101733E+06   0.672215E-01
   0.432308E+00   0.102648E+06   0.100931E+06   0.165321E+00   0.155447E+00   0.214946E+04   0.100864E+06   0.102379E+06   0.100864E+06  -0.102009E-01   0.998704E+05   0.997988E+05   0.650569E-01
   0.437723E+00   0.100745E+06   0.990652E+05   0.158265E+00   0.148813E+00   0.206582E+04   0.989942E+05   0.100482E+06   0.989942E+05  -0.100118E-01   0.980193E+05   0.979492E+05   0.628812E-01
   0.443138E+00   0.989148E+05   0.972726E+05   0.151615E+00   0.142560E+00   0.198662E+04   0.971959E+05   0.986575E+05   0.971959E+05  -0.982993E-02   0.962391E+05   0.961705E+05   0.607503E-01
   0.448553E+00   0.971423E+05   0.955371E+05   0.145325E+00   0.136645E+00   0.191135E+04   0.954548E+05   0.968908E+05   0.954548E+05  -0.965384E-02   0.945154E+05   0.944483E+05   0.587189E-01
   0.453968E+00   0.954156E+05   0.938448E+05   0.139357E+00   0.131033E+00   0.183958E+04   0.937584E+05   0.951694E+05   0.937584E+05  -0.948228E-02   0.928359E+05   0.927702E+05   0.568262E-01
   0.459383E+00   0.937249E+05   0.921851E+05   0.133678E+00   0.125694E+00   0.177096E+04   0.920969E+05   0.934836E+05   0.920969E+05  -0.931425E-02   0.911911E+05   0.911267E+05   0.550879E-01
   0.464798E+00   0.920637E+05   0.905512E+05   0.128266E+00   0.120604E+00   0.170522E+04   0.904641E+05   0.918267E+05   0.904641E+05  -0.914911E-02   0.895746E+05   0.895113E+05   0.534963E-01
   0.470213E+00   0.904312E+05   0.889431E+05   0.123104E+00   0.115751E+00   0.164222E+04   0.888591E+05   0.901980E+05   0.888591E+05  -0.898679E-02   0.879857E+05   0.879234E+05   0.520264E-01
   0.475629E+00   0.888325E+05   0.873667E+05   0.118188E+00   0.111128E+00   0.158194E+04   0.872871E+05   0.886028E+05   0.872871E+05  -0.882780E-02   0.864294E+05   0.863681E+05   0.506443E-01
   0.481044E+00   0.872745E+05   0.858302E+05   0.113513E+00   0.106733E+00   0.152437E+04   0.857551E+05   0.870482E+05   0.857551E+05  -0.867287E-02   0.849128E+05   0.848524E+05   0.493156E-01
   0.486459E+00   0.857619E+05   0.843391E+05   0.109074E+00   0.102559E+00   0.146947E+04   0.842678E+05   0.855389E+05   0.842678E+05  -0.852245E-02   0.834404E+05   0.833809E+05   0.480129E-01
   0.491874E+00   0.842962E+05   0.828957E+05   0.104861E+00   0.985976E-01   0.141717E+04   0.828270E+05   0.840767E+05   0.828270E+05  -0.837673E-02   0.820139E+05   0.819553E+05   0.467202E-01
   0.497289E+00   0.828781E+05   0.815009E+05   0.100863E+00   0.948383E-01   0.136735E+04   0.814332E+05   0.826623E+05   0.814332E+05  -0.823577E-02   0.806340E+05   0.805764E+05   0.454347E-01
   0.502704E+00   0.815073E+05   0.801540E+05   0.970687E-01   0.912705E-01   0.131988E+04   0.800861E+05   0.812953E+05   0.800861E+05  -0.809953E-02   0.793003E+05   0.792437E+05   0.441639E-01
   0.508119E+00   0.801803E+05   0.788512E+05   0.934634E-01   0.878805E-01   0.127461E+04   0.787822E+05   0.799720E+05   0.787822E+05  -0.796765E-02   0.780093E+05   0.779538E+05   0.429215E-01
   0.513534E+00   0.788908E+05   0.775856E+05   0.900309E-01   0.846530E-01   0.123137E+04   0.775152E+05   0.786863E+05   0.775152E+05  -0.783952E-02   0.767550E+05   0.767004E+05   0.417216E-01
   0.518949E+00   0.776329E+05   0.763506E+05   0.867557E-01   0.815734E-01   0.118994E+04   0.762793E+05   0.774320E+05   0.762793E+05  -0.771452E-02   0.755313E+05   0.754777E+05   0.405758E-01
   0.524364E+00   0.764028E+05   0.751422E+05   0.836262E-01   0.786308E-01   0.115020E+04   0.750705E+05   0.762053E+05   0.750705E+05  -0.759227E-02   0.743346E+05   0.742819E+05   0.394902E-01
   0.529779E+00   0.751987E+05   0.739585E+05   0.806337E-01   0.758170E-01   0.111207E+04   0.738872E+05   0.750044E+05   0.738872E+05  -0.747260E-02   0.731630E+05   0.731111E+05   0.384651E-01
   0.535194E+00   0.740195E+05   0.727982E+05   0.777705E-01   0.731249E-01   0.107545E+04   0.727282E+05   0.738281E+05   0.727282E+05  -0.735538E-02   0.720155E+05   0.719644E+05   0.374947E-01
   0.540609E+00   0.728645E+05   0.716613E+05   0.750303E-01   0.705483E-01   0.104027E+04   0.715929E+05   0.726760E+05   0.715929E+05  -0.724057E-02   0.708916E+05   0.708412E+05   0.365698E-01
   0.546024E+00   0.717347E+05   0.705488E+05   0.724082E-01   0.680828E-01   0.100649E+04   0.704823E+05   0.715489E+05   0.704823E+05  -0.712825E-02   0.697920E+05   0.697424E+05   0.356799E-01
   0.551439E+00   0.706321E+05   0.694632E+05   0.699012E-01   0.657255E-01   0.974095E+03   0.693985E+05   0.704489E+05   0.693985E+05  -0.701863E-02   0.687189E+05   0.686700E+05   0.348163E-01
   0.556854E+00   0.695583E+05   0.684063E+05   0.675056E-01   0.634730E-01   0.943034E+03   0.683431E+05   0.693778E+05   0.683431E+05  -0.691190E-02   0.676740E+05   0.676259E+05   0.339729E-01
   0.562269E+00   0.685129E+05   0.673779E+05   0.652160E-01   0.613201E-01   0.913255E+03   0.673157E+05   0.683350E+05   0.673157E+05  -0.680799E-02   0.666568E+05   0.666093E+05   0.331463E-01
   0.567684E+00   0.674945E+05   0.663766E+05   0.630264E-01   0.592613E-01   0.884688E+03   0.663149E+05   0.673194E+05   0.663149E+05  -0.670678E-02   0.656659E+05   0.656192E+05   0.323367E-01
   0.573099E+00   0.665020E+05   0.654010E+05   0.609312E-01   0.572913E-01   0.857276E+03   0.653396E+05   0.663294E+05   0.653396E+05  -0.660813E-02   0.647002E+05   0.646542E+05   0.315466E-01
   0.578514E+00   0.655340E+05   0.644499E+05   0.589253E-01   0.554052E-01   0.830945E+03   0.643885E+05   0.653642E+05   0.643885E+05  -0.651194E-02   0.637586E+05   0.637132E+05   0.307796E-01
   0.629782E+00   0.573520E+05   0.564032E+05   0.435117E-01   0.409123E-01   0.625771E+03   0.563479E+05   0.572033E+05   0.563479E+05  -0.569876E-02   0.557975E+05   0.557578E+05   0.247549E-01
   0.769218E+00   0.417309E+05   0.410412E+05   0.212203E-01   0.199525E-01   0.317554E+03   0.409983E+05   0.416228E+05   0.409983E+05  -0.414637E-02   0.405990E+05   0.405701E+05   0.147530E-01
   0.939525E+00   0.302146E+05   0.297154E+05   0.102982E-01   0.968289E-02   0.159010E+03   0.296832E+05   0.301364E+05   0.296832E+05  -0.300201E-02   0.293946E+05   0.293737E+05   0.875996E-02
   0.114754E+01   0.217796E+05   0.214198E+05   0.497568E-02   0.467838E-02   0.786974E+02   0.213959E+05   0.217232E+05   0.213959E+05  -0.216388E-02   0.211883E+05   0.211731E+05   0.518437E-02
   0.140161E+01   0.156357E+05   0.153775E+05   0.239435E-02   0.225128E-02   0.385579E+02   0.153601E+05   0.155953E+05   0.153601E+05  -0.155344E-02   0.152111E+05   0.152002E+05   0.306066E-02
   0.171193E+01   0.111834E+05   0.109987E+05   0.114793E-02   0.107934E-02   0.187309E+02   0.109861E+05   0.111545E+05   0.109861E+05  -0.111108E-02   0.108797E+05   0.108718E+05   0.180436E-02
   0.209095E+01   0.797192E+04   0.784023E+04   0.548502E-03   0.515726E-03   0.903491E+01   0.783121E+04   0.795129E+04   0.783121E+04  -0.792011E-03   0.775537E+04   0.774970E+04   0.106372E-02
   0.255389E+01   0.566505E+04   0.557145E+04   0.261273E-03   0.245661E-03   0.433241E+01   0.556502E+04   0.565038E+04   0.556502E+04  -0.562820E-03   0.551115E+04   0.550706E+04   0.628211E-03
   0.311933E+01   0.401435E+04   0.394799E+04   0.124103E-03   0.116688E-03   0.206744E+01   0.394345E+04   0.400395E+04   0.394345E+04  -0.398822E-03   0.390529E+04   0.390233E+04   0.372580E-03
   0.380996E+01   0.283719E+04   0.279026E+04   0.587941E-04   0.552810E-04   0.982572E+00   0.278707E+04   0.282984E+04   0.278707E+04  -0.281871E-03   0.276010E+04   0.275794E+04   0.222616E-03
   0.465350E+01   0.200041E+04   0.196728E+04   0.277869E-04   0.261266E-04   0.465391E+00   0.196506E+04   0.199522E+04   0.196506E+04  -0.198736E-03   0.194605E+04   0.194445E+04   0.134565E-03
   0.568379E+01   0.140728E+04   0.138394E+04   0.131033E-04   0.123203E-04   0.219789E+00   0.138240E+04   0.140362E+04   0.138240E+04  -0.139810E-03   0.136904E+04   0.136784E+04   0.827163E-04
   0.694221E+01   0.987982E+03   0.971550E+03   0.616623E-05   0.579783E-05   0.103534E+00   0.970510E+03   0.985407E+03   0.970510E+03  -0.981528E-04   0.961130E+03   0.960211E+03   0.520145E-04
   0.847923E+01   0.692293E+03   0.680733E+03   0.289621E-05   0.272319E-05   0.486615E-01   0.680043E+03   0.690482E+03   0.680043E+03  -0.687763E-04   0.673474E+03   0.672747E+03   0.336672E-04
   0.103566E+02   0.484240E+03   0.476106E+03   0.135789E-05   0.127678E-05   0.228256E-01   0.475664E+03   0.482965E+03   0.475664E+03  -0.481064E-04   0.471073E+03   0.470478E+03   0.225501E-04
   0.126495E+02   0.338153E+03   0.332423E+03   0.635582E-06   0.597627E-06   0.106880E-01   0.332156E+03   0.337255E+03   0.332156E+03  -0.335927E-04   0.328955E+03   0.328450E+03   0.156812E-04
   0.154502E+02   0.235773E+03   0.231726E+03   0.297026E-06   0.279294E-06   0.499626E-02   0.231584E+03   0.235139E+03   0.231584E+03  -0.234213E-04   0.229357E+03   0.228911E+03   0.113259E-04
   0.188709E+02   0.164152E+03   0.161280E+03   0.138600E-06   0.130330E-06   0.233188E-02   0.161227E+03   0.163702E+03   0.161227E+03  -0.163057E-04   0.159681E+03   0.159273E+03   0.847435E-05
   0.230489E+02   0.114131E+03   0.112078E+03   0.645820E-07   0.607313E-07   0.108679E-02   0.112088E+03   0.113809E+03   0.112088E+03  -0.113361E-04   0.111018E+03   0.110634E+03   0.653696E-05
   0.281520E+02   0.792495E+02   0.777657E+02   0.300504E-07   0.282606E-07   0.505801E-03   0.778223E+02   0.790170E+02   0.778223E+02  -0.787058E-05   0.770840E+02   0.767134E+02   0.516781E-05
   0.343849E+02   0.549604E+02   0.538712E+02   0.139631E-07   0.131328E-07   0.235124E-03   0.539614E+02   0.547898E+02   0.539614E+02  -0.545740E-05   0.534544E+02   0.530898E+02   0.416215E-05
   0.419979E+02   0.380697E+02   0.372531E+02   0.647868E-08   0.609438E-08   0.109146E-03   0.373681E+02   0.379417E+02   0.373681E+02  -0.377923E-05   0.370221E+02   0.366587E+02   0.339714E-05
   0.512963E+02   0.263385E+02   0.257095E+02   0.300140E-08   0.282401E-08   0.505982E-04   0.258432E+02   0.262399E+02   0.258432E+02  -0.261366E-05   0.256092E+02   0.252436E+02   0.279771E-05
   0.626535E+02   0.182003E+02   0.176999E+02   0.138808E-08   0.130649E-08   0.234268E-04   0.178479E+02   0.181219E+02   0.178479E+02  -0.180505E-05   0.176917E+02   0.173220E+02   0.231671E-05
   0.765251E+02   0.125608E+02   0.121482E+02   0.640664E-09   0.603310E-09   0.108272E-04   0.123072E+02   0.124961E+02   0.123072E+02  -0.124469E-05   0.122051E+02   0.118301E+02   0.192354E-05
   0.934680E+02   0.865685E+01   0.830381E+01   0.294959E-09   0.277971E-09   0.499520E-05   0.847148E+01   0.860152E+01   0.847148E+01  -0.856765E-06   0.840682E+01   0.802649E+01   0.159753E-05
   0.114162E+03   0.595693E+01   0.564436E+01   0.135362E-09   0.127708E-09   0.230080E-05   0.581863E+01   0.590795E+01   0.581863E+01  -0.588468E-06   0.577997E+01   0.539493E+01   0.132412E-05
