#          k/h    CDM            baryon         photon         nu             mass_nu        total          no_nu          total_de       Weyl           v_CDM          v_b            v_b-v_c     
   0.105184E-04   0.463894E+07   0.463894E+07   0.618459E+07   0.618456E+07   0.463980E+07   0.463896E+07   0.463894E+07   0.464739E+07  -0.598838E+00   0.460248E+07   0.460248E+07   0.111731E+02
   0.116143E-04   0.463894E+07   0.463894E+07   0.618444E+07   0.618441E+07   0.463980E+07   0.463895E+07   0.463894E+07   0.464738E+07  -0.598838E+00   0.460248E+07   0.460248E+07   0.123370E+02
   0.128244E-04   0.463894E+07   0.463894E+07   0.618426E+07   0.618422E+07   0.463979E+07   0.463895E+07   0.463894E+07   0.464738E+07  -0.598838E+00   0.460248E+07   0.460248E+07   0.136222E+02
   0.141606E-04   0.463894E+07   0.463894E+07   0.618404E+07   0.618400E+07   0.463979E+07   0.463895E+07   0.463894E+07   0.464738E+07  -0.598837E+00   0.460248E+07   0.460248E+07   0.150412E+02
   0.156360E-04   0.463894E+07   0.463894E+07   0.618377E+07   0.618372E+07   0.463979E+07   0.463895E+07   0.463894E+07   0.464738E+07  -0.598837E+00   0.460248E+07   0.460248E+07   0.166080E+02
   0.172651E-04   0.463894E+07   0.463894E+07   0.618344E+07   0.618338E+07   0.463978E+07   0.463895E+07   0.463894E+07   0.464738E+07  -0.598837E+00   0.460248E+07   0.460248E+07   0.183379E+02
   0.190639E-04   0.463893E+07   0.463893E+07   0.618304E+07   0.618297E+07   0.463978E+07   0.463895E+07   0.463893E+07   0.464737E+07  -0.598836E+00   0.460247E+07   0.460247E+07   0.202479E+02
   0.210501E-04   0.463893E+07   0.463893E+07   0.618256E+07   0.618246E+07   0.463978E+07   0.463894E+07   0.463893E+07   0.464737E+07  -0.598836E+00   0.460247E+07   0.460247E+07   0.223566E+02
   0.232433E-04   0.463893E+07   0.463893E+07   0.618196E+07   0.618185E+07   0.463977E+07   0.463894E+07   0.463893E+07   0.464737E+07  -0.598835E+00   0.460247E+07   0.460247E+07   0.246848E+02
   0.256650E-04   0.463892E+07   0.463892E+07   0.618124E+07   0.618110E+07   0.463976E+07   0.463893E+07   0.463892E+07   0.464736E+07  -0.598834E+00   0.460246E+07   0.460246E+07   0.272551E+02
   0.283390E-04   0.463892E+07   0.463892E+07   0.618036E+07   0.618019E+07   0.463975E+07   0.463893E+07   0.463892E+07   0.464735E+07  -0.598834E+00   0.460246E+07   0.460246E+07   0.300927E+02
   0.312916E-04   0.463891E+07   0.463891E+07   0.617929E+07   0.617908E+07   0.463974E+07   0.463892E+07   0.463891E+07   0.464735E+07  -0.598832E+00   0.460245E+07   0.460245E+07   0.332251E+02
   0.345519E-04   0.463890E+07   0.463890E+07   0.617798E+07   0.617773E+07   0.463973E+07   0.463891E+07   0.463890E+07   0.464734E+07  -0.598831E+00   0.460244E+07   0.460244E+07   0.366830E+02
   0.381518E-04   0.463889E+07   0.463889E+07   0.617638E+07   0.617607E+07   0.463971E+07   0.463890E+07   0.463889E+07   0.464732E+07  -0.598829E+00   0.460243E+07   0.460243E+07   0.404998E+02
   0.421268E-04   0.463888E+07   0.463888E+07   0.617444E+07   0.617406E+07   0.463969E+07   0.463889E+07   0.463888E+07   0.464731E+07  -0.598827E+00   0.460242E+07   0.460242E+07   0.447125E+02
   0.465159E-04   0.463887E+07   0.463886E+07   0.617206E+07   0.617161E+07   0.463967E+07   0.463888E+07   0.463887E+07   0.464729E+07  -0.598825E+00   0.460241E+07   0.460240E+07   0.493618E+02
   0.513623E-04   0.463885E+07   0.463884E+07   0.616918E+07   0.616862E+07   0.463964E+07   0.463886E+07   0.463885E+07   0.464727E+07  -0.598822E+00   0.460239E+07   0.460238E+07   0.544922E+02
   0.567137E-04   0.463883E+07   0.463882E+07   0.616565E+07   0.616498E+07   0.463960E+07   0.463884E+07   0.463883E+07   0.464724E+07  -0.598818E+00   0.460237E+07   0.460236E+07   0.601528E+02
   0.626227E-04   0.463880E+07   0.463880E+07   0.616136E+07   0.616054E+07   0.463956E+07   0.463881E+07   0.463880E+07   0.464721E+07  -0.598814E+00   0.460234E+07   0.460233E+07   0.663974E+02
   0.691473E-04   0.463877E+07   0.463876E+07   0.615614E+07   0.615513E+07   0.463950E+07   0.463878E+07   0.463877E+07   0.464717E+07  -0.598809E+00   0.460231E+07   0.460230E+07   0.732847E+02
   0.763516E-04   0.463873E+07   0.463872E+07   0.614977E+07   0.614854E+07   0.463943E+07   0.463874E+07   0.463873E+07   0.464712E+07  -0.598802E+00   0.460227E+07   0.460226E+07   0.808790E+02
   0.843066E-04   0.463868E+07   0.463867E+07   0.614201E+07   0.614052E+07   0.463935E+07   0.463869E+07   0.463868E+07   0.464706E+07  -0.598794E+00   0.460223E+07   0.460221E+07   0.892505E+02
   0.930904E-04   0.463862E+07   0.463861E+07   0.613257E+07   0.613075E+07   0.463926E+07   0.463863E+07   0.463862E+07   0.464699E+07  -0.598784E+00   0.460217E+07   0.460215E+07   0.984750E+02
   0.102789E-03   0.463855E+07   0.463854E+07   0.612108E+07   0.611886E+07   0.463914E+07   0.463856E+07   0.463855E+07   0.464690E+07  -0.598773E+00   0.460210E+07   0.460207E+07   0.108635E+03
   0.113499E-03   0.463847E+07   0.463845E+07   0.610709E+07   0.610439E+07   0.463899E+07   0.463847E+07   0.463846E+07   0.464680E+07  -0.598758E+00   0.460201E+07   0.460198E+07   0.119819E+03
   0.125324E-03   0.463836E+07   0.463834E+07   0.609008E+07   0.608680E+07   0.463881E+07   0.463837E+07   0.463836E+07   0.464667E+07  -0.598740E+00   0.460191E+07   0.460187E+07   0.132122E+03
   0.138382E-03   0.463823E+07   0.463821E+07   0.606940E+07   0.606541E+07   0.463859E+07   0.463824E+07   0.463823E+07   0.464651E+07  -0.598719E+00   0.460178E+07   0.460174E+07   0.145644E+03
   0.152799E-03   0.463808E+07   0.463805E+07   0.604427E+07   0.603943E+07   0.463833E+07   0.463808E+07   0.463807E+07   0.464631E+07  -0.598693E+00   0.460163E+07   0.460157E+07   0.160492E+03
   0.168719E-03   0.463789E+07   0.463785E+07   0.601378E+07   0.600789E+07   0.463800E+07   0.463788E+07   0.463788E+07   0.464608E+07  -0.598661E+00   0.460144E+07   0.460137E+07   0.176775E+03
   0.186298E-03   0.463766E+07   0.463761E+07   0.597679E+07   0.596965E+07   0.463761E+07   0.463765E+07   0.463765E+07   0.464579E+07  -0.598622E+00   0.460121E+07   0.460113E+07   0.194604E+03
   0.205708E-03   0.463738E+07   0.463732E+07   0.593200E+07   0.592334E+07   0.463713E+07   0.463736E+07   0.463737E+07   0.464545E+07  -0.598575E+00   0.460094E+07   0.460084E+07   0.214090E+03
   0.227141E-03   0.463703E+07   0.463697E+07   0.587781E+07   0.586733E+07   0.463655E+07   0.463702E+07   0.463702E+07   0.464502E+07  -0.598518E+00   0.460060E+07   0.460047E+07   0.235337E+03
   0.250806E-03   0.463661E+07   0.463654E+07   0.581239E+07   0.579972E+07   0.463584E+07   0.463659E+07   0.463660E+07   0.464451E+07  -0.598448E+00   0.460018E+07   0.460004E+07   0.258439E+03
   0.276938E-03   0.463611E+07   0.463601E+07   0.573357E+07   0.571828E+07   0.463497E+07   0.463607E+07   0.463609E+07   0.464388E+07  -0.598364E+00   0.459968E+07   0.459950E+07   0.283470E+03
   0.305791E-03   0.463549E+07   0.463538E+07   0.563885E+07   0.562045E+07   0.463392E+07   0.463545E+07   0.463547E+07   0.464313E+07  -0.598261E+00   0.459907E+07   0.459885E+07   0.310472E+03
   0.337651E-03   0.463474E+07   0.463460E+07   0.552540E+07   0.550331E+07   0.463264E+07   0.463468E+07   0.463472E+07   0.464221E+07  -0.598136E+00   0.459832E+07   0.459806E+07   0.339445E+03
   0.372831E-03   0.463382E+07   0.463366E+07   0.539005E+07   0.536362E+07   0.463108E+07   0.463376E+07   0.463380E+07   0.464109E+07  -0.597985E+00   0.459742E+07   0.459711E+07   0.370322E+03
   0.411676E-03   0.463272E+07   0.463252E+07   0.522935E+07   0.519786E+07   0.462918E+07   0.463263E+07   0.463268E+07   0.463975E+07  -0.597802E+00   0.459632E+07   0.459594E+07   0.402948E+03
   0.454568E-03   0.463137E+07   0.463113E+07   0.503968E+07   0.500235E+07   0.462688E+07   0.463127E+07   0.463133E+07   0.463812E+07  -0.597582E+00   0.459499E+07   0.459454E+07   0.437053E+03
   0.501929E-03   0.462974E+07   0.462945E+07   0.481746E+07   0.477346E+07   0.462408E+07   0.462961E+07   0.462970E+07   0.463616E+07  -0.597316E+00   0.459337E+07   0.459283E+07   0.472211E+03
   0.554224E-03   0.462777E+07   0.462743E+07   0.455942E+07   0.450796E+07   0.462069E+07   0.462761E+07   0.462772E+07   0.463380E+07  -0.596996E+00   0.459141E+07   0.459077E+07   0.507804E+03
   0.611968E-03   0.462539E+07   0.462498E+07   0.426310E+07   0.420347E+07   0.461658E+07   0.462519E+07   0.462533E+07   0.463098E+07  -0.596612E+00   0.458904E+07   0.458828E+07   0.542977E+03
   0.675728E-03   0.462252E+07   0.462203E+07   0.392750E+07   0.385915E+07   0.461161E+07   0.462228E+07   0.462244E+07   0.462760E+07  -0.596153E+00   0.458618E+07   0.458529E+07   0.576599E+03
   0.746132E-03   0.461906E+07   0.461849E+07   0.355386E+07   0.347656E+07   0.460560E+07   0.461877E+07   0.461897E+07   0.462358E+07  -0.595606E+00   0.458273E+07   0.458170E+07   0.607230E+03
   0.823870E-03   0.461492E+07   0.461425E+07   0.314668E+07   0.306067E+07   0.459836E+07   0.461456E+07   0.461481E+07   0.461882E+07  -0.594958E+00   0.457858E+07   0.457739E+07   0.633124E+03
   0.909708E-03   0.460995E+07   0.460919E+07   0.271475E+07   0.262090E+07   0.458964E+07   0.460953E+07   0.460983E+07   0.461319E+07  -0.594193E+00   0.457361E+07   0.457226E+07   0.652266E+03
   0.100449E-02   0.460404E+07   0.460316E+07   0.227196E+07   0.217193E+07   0.457917E+07   0.460353E+07   0.460390E+07   0.460658E+07  -0.593294E+00   0.456766E+07   0.456615E+07   0.662491E+03
   0.110915E-02   0.459701E+07   0.459602E+07   0.183745E+07   0.173373E+07   0.456664E+07   0.459640E+07   0.459686E+07   0.459886E+07  -0.592246E+00   0.456059E+07   0.455892E+07   0.661701E+03
   0.122471E-02   0.458871E+07   0.458760E+07   0.143457E+07   0.133041E+07   0.455168E+07   0.458798E+07   0.458854E+07   0.458989E+07  -0.591030E+00   0.455221E+07   0.455040E+07   0.648210E+03
   0.135231E-02   0.457894E+07   0.457772E+07   0.108789E+07   0.986958E+06   0.453380E+07   0.457807E+07   0.457875E+07   0.457951E+07  -0.589629E+00   0.454233E+07   0.454042E+07   0.621204E+03
   0.149320E-02   0.456750E+07   0.456619E+07   0.817941E+06   0.723676E+06   0.451261E+07   0.456647E+07   0.456730E+07   0.456754E+07  -0.588022E+00   0.453074E+07   0.452876E+07   0.581263E+03
   0.164878E-02   0.455419E+07   0.455280E+07   0.634143E+06   0.549001E+06   0.448768E+07   0.455297E+07   0.455397E+07   0.455380E+07  -0.586187E+00   0.451723E+07   0.451524E+07   0.530799E+03
   0.182056E-02   0.453877E+07   0.453732E+07   0.528282E+06   0.453081E+06   0.445847E+07   0.453733E+07   0.453854E+07   0.453802E+07  -0.584100E+00   0.450159E+07   0.449963E+07   0.474151E+03
   0.201024E-02   0.452102E+07   0.451951E+07   0.472820E+06   0.406730E+06   0.442437E+07   0.451932E+07   0.452078E+07   0.451994E+07  -0.581727E+00   0.448358E+07   0.448168E+07   0.417063E+03
   0.221969E-02   0.450066E+07   0.449910E+07   0.429071E+06   0.370633E+06   0.438477E+07   0.449866E+07   0.450041E+07   0.449922E+07  -0.579031E+00   0.446296E+07   0.446112E+07   0.365359E+03
   0.245096E-02   0.447741E+07   0.447578E+07   0.366318E+06   0.315149E+06   0.433903E+07   0.447506E+07   0.447715E+07   0.447554E+07  -0.575965E+00   0.443946E+07   0.443766E+07   0.323051E+03
   0.270632E-02   0.445096E+07   0.444921E+07   0.282435E+06   0.240135E+06   0.428649E+07   0.444820E+07   0.445068E+07   0.444857E+07  -0.572482E+00   0.441277E+07   0.441098E+07   0.290746E+03
   0.298829E-02   0.442096E+07   0.441906E+07   0.205566E+06   0.174095E+06   0.422652E+07   0.441773E+07   0.442067E+07   0.441800E+07  -0.568536E+00   0.438255E+07   0.438075E+07   0.265616E+03
   0.329963E-02   0.438708E+07   0.438495E+07   0.163451E+06   0.141815E+06   0.415858E+07   0.438329E+07   0.438674E+07   0.438351E+07  -0.564082E+00   0.434842E+07   0.434660E+07   0.243484E+03
   0.364342E-02   0.434892E+07   0.434654E+07   0.145985E+06   0.122906E+06   0.408224E+07   0.434452E+07   0.434855E+07   0.434471E+07  -0.559077E+00   0.431002E+07   0.430818E+07   0.221717E+03
   0.402302E-02   0.430613E+07   0.430346E+07   0.118817E+06   0.997995E+05   0.399725E+07   0.430105E+07   0.430571E+07   0.430120E+07  -0.553471E+00   0.426698E+07   0.426515E+07   0.200239E+03
   0.444218E-02   0.425833E+07   0.425532E+07   0.833613E+05   0.809313E+05   0.390356E+07   0.425250E+07   0.425786E+07   0.425262E+07  -0.547213E+00   0.421894E+07   0.421712E+07   0.180055E+03
   0.490500E-02   0.420515E+07   0.420173E+07   0.696791E+05   0.655345E+05   0.380129E+07   0.419852E+07   0.420462E+07   0.419861E+07  -0.540257E+00   0.416553E+07   0.416372E+07   0.162047E+03
   0.541605E-02   0.414624E+07   0.414230E+07   0.619250E+05   0.529826E+05   0.369074E+07   0.413874E+07   0.414562E+07   0.413883E+07  -0.532559E+00   0.410640E+07   0.410459E+07   0.146816E+03
   0.598034E-02   0.408126E+07   0.407671E+07   0.450258E+05   0.427611E+05   0.357223E+07   0.407286E+07   0.408055E+07   0.407292E+07  -0.524076E+00   0.404123E+07   0.403942E+07   0.133388E+03
   0.660342E-02   0.400991E+07   0.400463E+07   0.426748E+05   0.344463E+05   0.344611E+07   0.400057E+07   0.400908E+07   0.400062E+07  -0.514769E+00   0.396973E+07   0.396792E+07   0.120450E+03
   0.729143E-02   0.393191E+07   0.392576E+07   0.317576E+05   0.276916E+05   0.331258E+07   0.392159E+07   0.393094E+07   0.392164E+07  -0.504604E+00   0.389162E+07   0.388982E+07   0.109040E+03
   0.805111E-02   0.384700E+07   0.383981E+07   0.250693E+05   0.222117E+05   0.317184E+07   0.383568E+07   0.384587E+07   0.383571E+07  -0.493545E+00   0.380666E+07   0.380484E+07   0.991902E+02
   0.888995E-02   0.375494E+07   0.374653E+07   0.199006E+05   0.177728E+05   0.302425E+07   0.374260E+07   0.375363E+07   0.374262E+07  -0.481566E+00   0.371460E+07   0.371277E+07   0.902504E+02
   0.981618E-02   0.365553E+07   0.364567E+07   0.165289E+05   0.141832E+05   0.287046E+07   0.364214E+07   0.365399E+07   0.364216E+07  -0.468638E+00   0.361524E+07   0.361340E+07   0.822649E+02
   0.108389E-01   0.354856E+07   0.353700E+07   0.124525E+05   0.112855E+05   0.271119E+07   0.353411E+07   0.354675E+07   0.353413E+07  -0.454736E+00   0.350838E+07   0.350653E+07   0.752997E+02
   0.119682E-01   0.343382E+07   0.342027E+07   0.903521E+04   0.895090E+04   0.254668E+07   0.341831E+07   0.343170E+07   0.341833E+07  -0.439835E+00   0.339382E+07   0.339194E+07   0.690806E+02
   0.132152E-01   0.331152E+07   0.329569E+07   0.764432E+04   0.707427E+04   0.236983E+07   0.329484E+07   0.330904E+07   0.329485E+07  -0.423947E+00   0.327169E+07   0.326978E+07   0.636166E+02
   0.145920E-01   0.318067E+07   0.316222E+07   0.562485E+04   0.556821E+04   0.219218E+07   0.316288E+07   0.317778E+07   0.316288E+07  -0.406966E+00   0.314111E+07   0.313916E+07   0.587660E+02
   0.161124E-01   0.304156E+07   0.302016E+07   0.461037E+04   0.436321E+04   0.201213E+07   0.302270E+07   0.303821E+07   0.302270E+07  -0.388928E+00   0.300236E+07   0.300037E+07   0.544478E+02
   0.177911E-01   0.289411E+07   0.286945E+07   0.371712E+04   0.340179E+04   0.183277E+07   0.287425E+07   0.289024E+07   0.287426E+07  -0.369828E+00   0.285538E+07   0.285334E+07   0.505632E+02
   0.196447E-01   0.273896E+07   0.271079E+07   0.310838E+04   0.263771E+04   0.165504E+07   0.271822E+07   0.273455E+07   0.271823E+07  -0.349751E+00   0.270085E+07   0.269875E+07   0.470040E+02
   0.216915E-01   0.257670E+07   0.254485E+07   0.238588E+04   0.203289E+04   0.147958E+07   0.255519E+07   0.257171E+07   0.255520E+07  -0.328774E+00   0.253934E+07   0.253718E+07   0.436614E+02
   0.239515E-01   0.240829E+07   0.237275E+07   0.175639E+04   0.155644E+04   0.130854E+07   0.238617E+07   0.240272E+07   0.238618E+07  -0.307026E+00   0.237183E+07   0.236963E+07   0.404210E+02
   0.264470E-01   0.223543E+07   0.219644E+07   0.119727E+04   0.118340E+04   0.114496E+07   0.221293E+07   0.222932E+07   0.221293E+07  -0.284734E+00   0.220007E+07   0.219783E+07   0.371629E+02
   0.292025E-01   0.206065E+07   0.201874E+07   0.997021E+03   0.893510E+03   0.991134E+06   0.203801E+07   0.205408E+07   0.203801E+07  -0.262228E+00   0.202659E+07   0.202434E+07   0.337796E+02
   0.322450E-01   0.188719E+07   0.184328E+07   0.794866E+03   0.670234E+03   0.848293E+06   0.186470E+07   0.188031E+07   0.186470E+07  -0.239928E+00   0.185465E+07   0.185243E+07   0.301970E+02
   0.356046E-01   0.171908E+07   0.167454E+07   0.583323E+03   0.500088E+03   0.719233E+06   0.169709E+07   0.171210E+07   0.169709E+07  -0.218361E+00   0.168829E+07   0.168616E+07   0.263683E+02
   0.393142E-01   0.156082E+07   0.151739E+07   0.379772E+03   0.371960E+03   0.605169E+06   0.153967E+07   0.155401E+07   0.153967E+07  -0.198106E+00   0.153201E+07   0.153001E+07   0.223114E+02
   0.434103E-01   0.141669E+07   0.137638E+07   0.299124E+03   0.276639E+03   0.506839E+06   0.139671E+07   0.141038E+07   0.139671E+07  -0.179713E+00   0.139004E+07   0.138825E+07   0.181265E+02
   0.477513E-01   0.129389E+07   0.125842E+07   0.226383E+03   0.208675E+03   0.426670E+06   0.127530E+07   0.128833E+07   0.127530E+07  -0.164090E+00   0.126944E+07   0.126790E+07   0.141613E+02
   0.520924E-01   0.119712E+07   0.116728E+07   0.175953E+03   0.162183E+03   0.365192E+06   0.117994E+07   0.119245E+07   0.117994E+07  -0.151821E+00   0.117470E+07   0.117342E+07   0.108051E+02
   0.564334E-01   0.111837E+07   0.109413E+07   0.140053E+03   0.129087E+03   0.316600E+06   0.110250E+07   0.111457E+07   0.110250E+07  -0.141857E+00   0.109775E+07   0.109671E+07   0.812919E+01
   0.607744E-01   0.105149E+07   0.103213E+07   0.113539E+03   0.104644E+03   0.277058E+06   0.103679E+07   0.104846E+07   0.103679E+07  -0.133402E+00   0.103245E+07   0.103160E+07   0.614347E+01
   0.651155E-01   0.992033E+06   0.976372E+06   0.933066E+02   0.859943E+02   0.243890E+06   0.978304E+06   0.989579E+06   0.978304E+06  -0.125876E+00   0.974314E+06   0.973604E+06   0.479674E+01
   0.694565E-01   0.936208E+06   0.922858E+06   0.773774E+02   0.713114E+02   0.215257E+06   0.923247E+06   0.934116E+06   0.923247E+06  -0.118792E+00   0.919582E+06   0.918952E+06   0.398737E+01
   0.737975E-01   0.881341E+06   0.868954E+06   0.645001E+02   0.594421E+02   0.189909E+06   0.868975E+06   0.879400E+06   0.868975E+06  -0.111809E+00   0.865618E+06   0.865017E+06   0.358355E+01
   0.781386E-01   0.826596E+06   0.814076E+06   0.539280E+02   0.496980E+02   0.167246E+06   0.814694E+06   0.824634E+06   0.814694E+06  -0.104825E+00   0.811633E+06   0.811021E+06   0.344526E+01
   0.824796E-01   0.772667E+06   0.759302E+06   0.452105E+02   0.416636E+02   0.147068E+06   0.761146E+06   0.770573E+06   0.761146E+06  -0.979350E-01   0.758364E+06   0.757719E+06   0.344220E+01
   0.868206E-01   0.721019E+06   0.706531E+06   0.380447E+02   0.350595E+02   0.129327E+06   0.709837E+06   0.718749E+06   0.709837E+06  -0.913332E-01   0.707313E+06   0.706629E+06   0.346727E+01
   0.911617E-01   0.673062E+06   0.657575E+06   0.321870E+02   0.296610E+02   0.113972E+06   0.662218E+06   0.670635E+06   0.662218E+06  -0.852062E-01   0.659926E+06   0.659211E+06   0.344466E+01
   0.965767E-01   0.620009E+06   0.603900E+06   0.263962E+02   0.243242E+02   0.979491E+05   0.609630E+06   0.617485E+06   0.609630E+06  -0.784397E-01   0.607581E+06   0.606859E+06   0.328934E+01
   0.101992E+00   0.575695E+06   0.559925E+06   0.219644E+02   0.202399E+02   0.850748E+05   0.565843E+06   0.573224E+06   0.565843E+06  -0.728059E-01   0.563989E+06   0.563297E+06   0.298377E+01
   0.107407E+00   0.540382E+06   0.525875E+06   0.185874E+02   0.171278E+02   0.748927E+05   0.531105E+06   0.538108E+06   0.531105E+06  -0.683361E-01   0.529398E+06   0.528770E+06   0.257000E+01
   0.112822E+00   0.512774E+06   0.500160E+06   0.159877E+02   0.147319E+02   0.668070E+05   0.504084E+06   0.510797E+06   0.504084E+06  -0.648595E-01   0.502489E+06   0.501946E+06   0.211771E+01
   0.118237E+00   0.490335E+06   0.479809E+06   0.139242E+02   0.128302E+02   0.601797E+05   0.482206E+06   0.488685E+06   0.482206E+06  -0.620444E-01   0.480699E+06   0.480242E+06   0.169779E+01
   0.123652E+00   0.470304E+06   0.461632E+06   0.122151E+02   0.112552E+02   0.544756E+05   0.462679E+06   0.468946E+06   0.462679E+06  -0.595319E-01   0.461249E+06   0.460865E+06   0.136310E+01
   0.129067E+00   0.450561E+06   0.443199E+06   0.107428E+02   0.989843E+01   0.493330E+05   0.443359E+06   0.449408E+06   0.443359E+06  -0.570460E-01   0.442005E+06   0.441671E+06   0.113862E+01
   0.134482E+00   0.429956E+06   0.423235E+06   0.944197E+01   0.869978E+01   0.445629E+05   0.423091E+06   0.428903E+06   0.423091E+06  -0.544383E-01   0.421818E+06   0.421506E+06   0.102091E+01
   0.139897E+00   0.408294E+06   0.401607E+06   0.828316E+01   0.763199E+01   0.401110E+05   0.401695E+06   0.407246E+06   0.401695E+06  -0.516852E-01   0.400506E+06   0.400192E+06   0.984694E+00
   0.145312E+00   0.386097E+06   0.379037E+06   0.725646E+01   0.668597E+01   0.359989E+05   0.379714E+06   0.384991E+06   0.379714E+06  -0.488570E-01   0.378609E+06   0.378281E+06   0.993536E+00
   0.150727E+00   0.364274E+06   0.356699E+06   0.635960E+01   0.585959E+01   0.322759E+05   0.358085E+06   0.363087E+06   0.358085E+06  -0.460740E-01   0.357062E+06   0.356715E+06   0.101098E+01
   0.156142E+00   0.343883E+06   0.335906E+06   0.559140E+01   0.515177E+01   0.289926E+05   0.337891E+06   0.342633E+06   0.337891E+06  -0.434756E-01   0.336942E+06   0.336583E+06   0.100929E+01
   0.161557E+00   0.325897E+06   0.317804E+06   0.494773E+01   0.455868E+01   0.261808E+05   0.320116E+06   0.324629E+06   0.320116E+06  -0.411886E-01   0.319230E+06   0.318872E+06   0.974142E+00
   0.166972E+00   0.310841E+06   0.302986E+06   0.441721E+01   0.406985E+01   0.238266E+05   0.305289E+06   0.309610E+06   0.305289E+06  -0.392808E-01   0.304453E+06   0.304109E+06   0.904784E+00
   0.172387E+00   0.298557E+06   0.291250E+06   0.398045E+01   0.366740E+01   0.218646E+05   0.293245E+06   0.297412E+06   0.293245E+06  -0.377313E-01   0.292449E+06   0.292131E+06   0.810916E+00
   0.177802E+00   0.288344E+06   0.281775E+06   0.361441E+01   0.333012E+01   0.201995E+05   0.283276E+06   0.287315E+06   0.283276E+06  -0.364485E-01   0.282510E+06   0.282224E+06   0.707757E+00
   0.183217E+00   0.279384E+06   0.273588E+06   0.329900E+01   0.303950E+01   0.187420E+05   0.274549E+06   0.278476E+06   0.274549E+06  -0.353256E-01   0.273810E+06   0.273556E+06   0.610986E+00
   0.188632E+00   0.270933E+06   0.265802E+06   0.301884E+01   0.278135E+01   0.174207E+05   0.266308E+06   0.270129E+06   0.266308E+06  -0.342652E-01   0.265594E+06   0.265366E+06   0.532542E+00
   0.194047E+00   0.262365E+06   0.257695E+06   0.276281E+01   0.254544E+01   0.161828E+05   0.257922E+06   0.261633E+06   0.257922E+06  -0.331862E-01   0.257235E+06   0.257024E+06   0.478251E+00
   0.199462E+00   0.253287E+06   0.248843E+06   0.252428E+01   0.232567E+01   0.149981E+05   0.248999E+06   0.252591E+06   0.248999E+06  -0.320381E-01   0.248340E+06   0.248137E+06   0.447542E+00
   0.204877E+00   0.243680E+06   0.239255E+06   0.230145E+01   0.212036E+01   0.138621E+05   0.239522E+06   0.242987E+06   0.239522E+06  -0.308188E-01   0.238894E+06   0.238692E+06   0.434884E+00
   0.210292E+00   0.233853E+06   0.229318E+06   0.209577E+01   0.193087E+01   0.127893E+05   0.229811E+06   0.233143E+06   0.229811E+06  -0.295693E-01   0.229215E+06   0.229008E+06   0.432132E+00
   0.215707E+00   0.224243E+06   0.219559E+06   0.190940E+01   0.175916E+01   0.117988E+05   0.220308E+06   0.223509E+06   0.220308E+06  -0.283465E-01   0.219742E+06   0.219530E+06   0.430987E+00
   0.221122E+00   0.215235E+06   0.210452E+06   0.174354E+01   0.160634E+01   0.109041E+05   0.211407E+06   0.214486E+06   0.211407E+06  -0.272013E-01   0.210869E+06   0.210655E+06   0.425003E+00
   0.226537E+00   0.207112E+06   0.202332E+06   0.159816E+01   0.147240E+01   0.101107E+05   0.203395E+06   0.206363E+06   0.203395E+06  -0.261704E-01   0.202882E+06   0.202670E+06   0.410753E+00
   0.231952E+00   0.200007E+06   0.195356E+06   0.147200E+01   0.135617E+01   0.941602E+04   0.196408E+06   0.199279E+06   0.196408E+06  -0.252714E-01   0.195914E+06   0.195710E+06   0.388026E+00
   0.237367E+00   0.193878E+06   0.189461E+06   0.136258E+01   0.125534E+01   0.880912E+04   0.190398E+06   0.193186E+06   0.190398E+06  -0.244981E-01   0.189921E+06   0.189727E+06   0.359172E+00
   0.242782E+00   0.188519E+06   0.184402E+06   0.126662E+01   0.116694E+01   0.827283E+04   0.185159E+06   0.187874E+06   0.185159E+06  -0.238240E-01   0.184697E+06   0.184516E+06   0.327955E+00
   0.248197E+00   0.183648E+06   0.179839E+06   0.118081E+01   0.108787E+01   0.778845E+04   0.180401E+06   0.183051E+06   0.180401E+06  -0.232118E-01   0.179952E+06   0.179783E+06   0.298301E+00
   0.253612E+00   0.178971E+06   0.175433E+06   0.110226E+01   0.101550E+01   0.733952E+04   0.175830E+06   0.178416E+06   0.175830E+06  -0.226236E-01   0.175393E+06   0.175235E+06   0.273265E+00
   0.259027E+00   0.174254E+06   0.170914E+06   0.102887E+01   0.947882E+00   0.691380E+04   0.171209E+06   0.173731E+06   0.171209E+06  -0.220290E-01   0.170784E+06   0.170635E+06   0.254431E+00
   0.264443E+00   0.169379E+06   0.166155E+06   0.959530E+00   0.883999E+00   0.650498E+04   0.166419E+06   0.168874E+06   0.166419E+06  -0.214128E-01   0.166008E+06   0.165863E+06   0.241795E+00
   0.269858E+00   0.164362E+06   0.161181E+06   0.894030E+00   0.823653E+00   0.611279E+04   0.161478E+06   0.163863E+06   0.161478E+06  -0.207770E-01   0.161082E+06   0.160938E+06   0.234069E+00
   0.275273E+00   0.159309E+06   0.156125E+06   0.832669E+00   0.767122E+00   0.574040E+04   0.156496E+06   0.158810E+06   0.156496E+06  -0.201360E-01   0.156114E+06   0.155970E+06   0.229219E+00
   0.280688E+00   0.154358E+06   0.151156E+06   0.775835E+00   0.714761E+00   0.539136E+04   0.151612E+06   0.153856E+06   0.151612E+06  -0.195075E-01   0.151244E+06   0.151100E+06   0.225096E+00
   0.286103E+00   0.149639E+06   0.146432E+06   0.723805E+00   0.666826E+00   0.506866E+04   0.146958E+06   0.149136E+06   0.146958E+06  -0.189087E-01   0.146603E+06   0.146460E+06   0.219966E+00
   0.291518E+00   0.145261E+06   0.142084E+06   0.676697E+00   0.623426E+00   0.477421E+04   0.142646E+06   0.144763E+06   0.142646E+06  -0.183540E-01   0.142304E+06   0.142162E+06   0.212856E+00
   0.296933E+00   0.141286E+06   0.138180E+06   0.634362E+00   0.584423E+00   0.450793E+04   0.138738E+06   0.140799E+06   0.138738E+06  -0.178512E-01   0.138406E+06   0.138268E+06   0.203616E+00
   0.302348E+00   0.137700E+06   0.134702E+06   0.596320E+00   0.549374E+00   0.426722E+04   0.135220E+06   0.137230E+06   0.135220E+06  -0.173984E-01   0.134897E+06   0.134764E+06   0.192782E+00
   0.307763E+00   0.134425E+06   0.131558E+06   0.561861E+00   0.517626E+00   0.404787E+04   0.132011E+06   0.133976E+06   0.132011E+06  -0.169856E-01   0.131696E+06   0.131570E+06   0.181298E+00
   0.313178E+00   0.131356E+06   0.128624E+06   0.530248E+00   0.488501E+00   0.384523E+04   0.129007E+06   0.130928E+06   0.129007E+06  -0.165990E-01   0.128700E+06   0.128578E+06   0.170201E+00
   0.318593E+00   0.128399E+06   0.125790E+06   0.500867E+00   0.461433E+00   0.365533E+04   0.126110E+06   0.127990E+06   0.126110E+06  -0.162263E-01   0.125810E+06   0.125694E+06   0.160346E+00
   0.324008E+00   0.125478E+06   0.122968E+06   0.473266E+00   0.436003E+00   0.347521E+04   0.123246E+06   0.125085E+06   0.123246E+06  -0.158578E-01   0.122954E+06   0.122842E+06   0.152223E+00
   0.329423E+00   0.122549E+06   0.120109E+06   0.447141E+00   0.411935E+00   0.330309E+04   0.120369E+06   0.122166E+06   0.120369E+06  -0.154876E-01   0.120084E+06   0.119975E+06   0.145895E+00
   0.334838E+00   0.119598E+06   0.117202E+06   0.422356E+00   0.389100E+00   0.313822E+04   0.117467E+06   0.119222E+06   0.117467E+06  -0.151142E-01   0.117190E+06   0.117082E+06   0.141065E+00
   0.340253E+00   0.116653E+06   0.114283E+06   0.398920E+00   0.367510E+00   0.298088E+04   0.114568E+06   0.116281E+06   0.114568E+06  -0.147413E-01   0.114299E+06   0.114193E+06   0.137210E+00
   0.345668E+00   0.113767E+06   0.111415E+06   0.376926E+00   0.347248E+00   0.283203E+04   0.111726E+06   0.113398E+06   0.111726E+06  -0.143756E-01   0.111464E+06   0.111359E+06   0.133751E+00
   0.351083E+00   0.110992E+06   0.108661E+06   0.356449E+00   0.328383E+00   0.269252E+04   0.108995E+06   0.110627E+06   0.108995E+06  -0.140241E-01   0.108740E+06   0.108636E+06   0.130191E+00
   0.356498E+00   0.108363E+06   0.106063E+06   0.337495E+00   0.310920E+00   0.256262E+04   0.106408E+06   0.108002E+06   0.106408E+06  -0.136913E-01   0.106160E+06   0.106058E+06   0.126217E+00
   0.361913E+00   0.105893E+06   0.103638E+06   0.319999E+00   0.294802E+00   0.244204E+04   0.103981E+06   0.105540E+06   0.103981E+06  -0.133790E-01   0.103739E+06   0.103639E+06   0.121737E+00
   0.367328E+00   0.103581E+06   0.101383E+06   0.303851E+00   0.279925E+00   0.233022E+04   0.101711E+06   0.103237E+06   0.101711E+06  -0.130870E-01   0.101475E+06   0.101377E+06   0.116856E+00
   0.372743E+00   0.101410E+06   0.992760E+05   0.288905E+00   0.266156E+00   0.222621E+04   0.995812E+05   0.101076E+06   0.995812E+05  -0.128129E-01   0.993503E+05   0.992556E+05   0.111811E+00
   0.378158E+00   0.993496E+05   0.972820E+05   0.274994E+00   0.253339E+00   0.212888E+04   0.975605E+05   0.990256E+05   0.975605E+05  -0.125529E-01   0.973346E+05   0.972426E+05   0.106882E+00
   0.383573E+00   0.973619E+05   0.953577E+05   0.261943E+00   0.241316E+00   0.203704E+04   0.956113E+05   0.970479E+05   0.956113E+05  -0.123021E-01   0.953901E+05   0.953009E+05   0.102313E+00
   0.388988E+00   0.954154E+05   0.934665E+05   0.249611E+00   0.229955E+00   0.194974E+04   0.937014E+05   0.951100E+05   0.937014E+05  -0.120564E-01   0.934850E+05   0.933981E+05   0.982593E-01
   0.394403E+00   0.934920E+05   0.915886E+05   0.237909E+00   0.219174E+00   0.186633E+04   0.918129E+05   0.931938E+05   0.918129E+05  -0.118134E-01   0.916011E+05   0.915162E+05   0.947649E-01
   0.399818E+00   0.915880E+05   0.897205E+05   0.226789E+00   0.208930E+00   0.178656E+04   0.899420E+05   0.912954E+05   0.899420E+05  -0.115726E-01   0.897350E+05   0.896515E+05   0.917709E-01
   0.405233E+00   0.897093E+05   0.878704E+05   0.216233E+00   0.199205E+00   0.171039E+04   0.880949E+05   0.894211E+05   0.880949E+05  -0.113350E-01   0.878925E+05   0.878104E+05   0.891453E-01
   0.410648E+00   0.878678E+05   0.860535E+05   0.206237E+00   0.189996E+00   0.163784E+04   0.862840E+05   0.875835E+05   0.862840E+05  -0.111020E-01   0.860861E+05   0.860051E+05   0.867269E-01
   0.416063E+00   0.860788E+05   0.842888E+05   0.196806E+00   0.181307E+00   0.156902E+04   0.845248E+05   0.857983E+05   0.845248E+05  -0.108756E-01   0.843313E+05   0.842515E+05   0.843681E-01
   0.421478E+00   0.843564E+05   0.825929E+05   0.187938E+00   0.173138E+00   0.150401E+04   0.828315E+05   0.840801E+05   0.828315E+05  -0.106578E-01   0.826423E+05   0.825637E+05   0.819660E-01
   0.426893E+00   0.827089E+05   0.809755E+05   0.179619E+00   0.165474E+00   0.144278E+04   0.812127E+05   0.824373E+05   0.812127E+05  -0.104495E-01   0.810274E+05   0.809502E+05   0.794765E-01
   0.432308E+00   0.811364E+05   0.794369E+05   0.171816E+00   0.158285E+00   0.138509E+04   0.796683E+05   0.808701E+05   0.796683E+05  -0.102507E-01   0.794868E+05   0.794112E+05   0.769108E-01
   0.437723E+00   0.796321E+05   0.779693E+05   0.164484E+00   0.151530E+00   0.133066E+04   0.781916E+05   0.793715E+05   0.781916E+05  -0.100607E-01   0.780136E+05   0.779396E+05   0.743213E-01
   0.443138E+00   0.781850E+05   0.765597E+05   0.157573E+00   0.145163E+00   0.127914E+04   0.767713E+05   0.779303E+05   0.767713E+05  -0.987800E-02   0.765968E+05   0.765245E+05   0.717805E-01
   0.448553E+00   0.767837E+05   0.751951E+05   0.151036E+00   0.139141E+00   0.123022E+04   0.753962E+05   0.765348E+05   0.753962E+05  -0.970106E-02   0.752249E+05   0.751542E+05   0.693590E-01
   0.453968E+00   0.754187E+05   0.738642E+05   0.144834E+00   0.133427E+00   0.118356E+04   0.740564E+05   0.751751E+05   0.740564E+05  -0.952867E-02   0.738884E+05   0.738191E+05   0.671076E-01
   0.459383E+00   0.740823E+05   0.725585E+05   0.138932E+00   0.127991E+00   0.113899E+04   0.727442E+05   0.738435E+05   0.727442E+05  -0.935984E-02   0.725793E+05   0.725114E+05   0.650471E-01
   0.464798E+00   0.727693E+05   0.712725E+05   0.133307E+00   0.122809E+00   0.109631E+04   0.714546E+05   0.725347E+05   0.714546E+05  -0.919390E-02   0.712928E+05   0.712260E+05   0.631683E-01
   0.470213E+00   0.714790E+05   0.700064E+05   0.127943E+00   0.117867E+00   0.105543E+04   0.701869E+05   0.712483E+05   0.701869E+05  -0.903080E-02   0.700282E+05   0.699625E+05   0.614394E-01
   0.475629E+00   0.702155E+05   0.687650E+05   0.122834E+00   0.113160E+00   0.101632E+04   0.689454E+05   0.699882E+05   0.689454E+05  -0.887105E-02   0.687897E+05   0.687250E+05   0.598172E-01
   0.481044E+00   0.689843E+05   0.675549E+05   0.117976E+00   0.108684E+00   0.978995E+03   0.677354E+05   0.687603E+05   0.677354E+05  -0.871537E-02   0.675826E+05   0.675189E+05   0.582579E-01
   0.486459E+00   0.677888E+05   0.663807E+05   0.113363E+00   0.104435E+00   0.943416E+03   0.665608E+05   0.675681E+05   0.665608E+05  -0.856423E-02   0.664108E+05   0.663480E+05   0.567265E-01
   0.491874E+00   0.666303E+05   0.652443E+05   0.108984E+00   0.100401E+00   0.909518E+03   0.654227E+05   0.664131E+05   0.654227E+05  -0.841780E-02   0.652755E+05   0.652137E+05   0.552027E-01
   0.497289E+00   0.655095E+05   0.641465E+05   0.104829E+00   0.965730E-01   0.877249E+03   0.643219E+05   0.652959E+05   0.643219E+05  -0.827616E-02   0.641773E+05   0.641166E+05   0.536829E-01
   0.502704E+00   0.644260E+05   0.630867E+05   0.100886E+00   0.929401E-01   0.846521E+03   0.632580E+05   0.642161E+05   0.632580E+05  -0.813926E-02   0.631159E+05   0.630562E+05   0.521772E-01
   0.508119E+00   0.633770E+05   0.620617E+05   0.971392E-01   0.894883E-01   0.817222E+03   0.622281E+05   0.631709E+05   0.622281E+05  -0.800675E-02   0.620884E+05   0.620298E+05   0.507030E-01
   0.513534E+00   0.623577E+05   0.610660E+05   0.935718E-01   0.862019E-01   0.789233E+03   0.612275E+05   0.621553E+05   0.612275E+05  -0.787800E-02   0.610901E+05   0.610326E+05   0.492789E-01
   0.518949E+00   0.613634E+05   0.600944E+05   0.901680E-01   0.830662E-01   0.762448E+03   0.602513E+05   0.611645E+05   0.602513E+05  -0.775240E-02   0.601162E+05   0.600597E+05   0.479199E-01
   0.524364E+00   0.603911E+05   0.591436E+05   0.869157E-01   0.800700E-01   0.736758E+03   0.592966E+05   0.601956E+05   0.592966E+05  -0.762956E-02   0.591638E+05   0.591082E+05   0.466343E-01
   0.529779E+00   0.594393E+05   0.582119E+05   0.838056E-01   0.772048E-01   0.712108E+03   0.583619E+05   0.592470E+05   0.583619E+05  -0.750930E-02   0.582314E+05   0.581766E+05   0.454225E-01
   0.535194E+00   0.585072E+05   0.572987E+05   0.808300E-01   0.744635E-01   0.688449E+03   0.574465E+05   0.583179E+05   0.574465E+05  -0.739152E-02   0.573181E+05   0.572642E+05   0.442773E-01
   0.540609E+00   0.575944E+05   0.564036E+05   0.779821E-01   0.718399E-01   0.665738E+03   0.565499E+05   0.574078E+05   0.565499E+05  -0.727615E-02   0.564235E+05   0.563705E+05   0.431870E-01
   0.546024E+00   0.567014E+05   0.555278E+05   0.752570E-01   0.693294E-01   0.643928E+03   0.556727E+05   0.565175E+05   0.556727E+05  -0.716328E-02   0.555484E+05   0.554961E+05   0.421384E-01
   0.551439E+00   0.558299E+05   0.546731E+05   0.726514E-01   0.669291E-01   0.623016E+03   0.548166E+05   0.556486E+05   0.548166E+05  -0.705314E-02   0.546944E+05   0.546428E+05   0.411205E-01
   0.556854E+00   0.549812E+05   0.538412E+05   0.701617E-01   0.646354E-01   0.602982E+03   0.539831E+05   0.548026E+05   0.539831E+05  -0.694589E-02   0.538628E+05   0.538120E+05   0.401254E-01
   0.562269E+00   0.541549E+05   0.530317E+05   0.677821E-01   0.624432E-01   0.583777E+03   0.531716E+05   0.539789E+05   0.531716E+05  -0.684147E-02   0.530532E+05   0.530031E+05   0.391490E-01
   0.567684E+00   0.533500E+05   0.522436E+05   0.655065E-01   0.603468E-01   0.565359E+03   0.523811E+05   0.531766E+05   0.523811E+05  -0.673976E-02   0.522646E+05   0.522153E+05   0.381916E-01
   0.573099E+00   0.525654E+05   0.514759E+05   0.633290E-01   0.583408E-01   0.547687E+03   0.516108E+05   0.523947E+05   0.516108E+05  -0.664064E-02   0.514960E+05   0.514474E+05   0.372565E-01
   0.578514E+00   0.518003E+05   0.507274E+05   0.612442E-01   0.564202E-01   0.530727E+03   0.508595E+05   0.516322E+05   0.508595E+05  -0.654399E-02   0.507465E+05   0.506987E+05   0.363484E-01
   0.629782E+00   0.453331E+05   0.443941E+05   0.452247E-01   0.416624E-01   0.398724E+03   0.445088E+05   0.451860E+05   0.445088E+05  -0.572685E-02   0.444104E+05   0.443686E+05   0.292293E-01
   0.769218E+00   0.329857E+05   0.323032E+05   0.220563E-01   0.203189E-01   0.201282E+03   0.323847E+05   0.328788E+05   0.323847E+05  -0.416687E-02   0.323139E+05   0.322834E+05   0.174099E-01
   0.939525E+00   0.238829E+05   0.233889E+05   0.107041E-01   0.986086E-02   0.100330E+03   0.234471E+05   0.238055E+05   0.234471E+05  -0.301688E-02   0.233962E+05   0.233741E+05   0.103299E-01
   0.114754E+01   0.172155E+05   0.168595E+05   0.517188E-02   0.476443E-02   0.494657E+02   0.169010E+05   0.171597E+05   0.169010E+05  -0.217462E-02   0.168645E+05   0.168486E+05   0.610690E-02
   0.140161E+01   0.123592E+05   0.121036E+05   0.248879E-02   0.229272E-02   0.241612E+02   0.121332E+05   0.123191E+05   0.121332E+05  -0.156116E-02   0.121071E+05   0.120957E+05   0.359958E-02
   0.171193E+01   0.883987E+04   0.865710E+04   0.119321E-02   0.109921E-02   0.117089E+02   0.867818E+04   0.881123E+04   0.867818E+04  -0.111660E-02   0.865956E+04   0.865132E+04   0.211715E-02
   0.209095E+01   0.630137E+04   0.617108E+04   0.570142E-03   0.525224E-03   0.563759E+01   0.618607E+04   0.628096E+04   0.618607E+04  -0.795949E-03   0.617283E+04   0.616691E+04   0.124387E-02
   0.255389E+01   0.447792E+04   0.438532E+04   0.271582E-03   0.250186E-03   0.269967E+01   0.439596E+04   0.446341E+04   0.439596E+04  -0.565619E-03   0.438656E+04   0.438232E+04   0.730960E-03
   0.311933E+01   0.317313E+04   0.310750E+04   0.129000E-03   0.118837E-03   0.128707E+01   0.311504E+04   0.316285E+04   0.311504E+04  -0.400806E-03   0.310839E+04   0.310534E+04   0.430417E-03
   0.380996E+01   0.224265E+04   0.219624E+04   0.611143E-04   0.562996E-04   0.611289E+00   0.220159E+04   0.223538E+04   0.220159E+04  -0.283273E-03   0.219689E+04   0.219468E+04   0.254557E-03
   0.465350E+01   0.158122E+04   0.154847E+04   0.288836E-04   0.266081E-04   0.289407E+00   0.155226E+04   0.157609E+04   0.155226E+04  -0.199726E-03   0.154895E+04   0.154734E+04   0.151691E-03
   0.568379E+01   0.111238E+04   0.108932E+04   0.136204E-04   0.125474E-04   0.136626E+00   0.109201E+04   0.110877E+04   0.109201E+04  -0.140506E-03   0.108968E+04   0.108850E+04   0.914549E-04
   0.694221E+01   0.780949E+03   0.764734E+03   0.640963E-05   0.590473E-05   0.643452E-01   0.766640E+03   0.778408E+03   0.766640E+03  -0.986418E-04   0.765009E+03   0.764124E+03   0.560728E-04
   0.847923E+01   0.547223E+03   0.535832E+03   0.301055E-05   0.277342E-05   0.302390E-01   0.537191E+03   0.545438E+03   0.537191E+03  -0.691192E-04   0.536051E+03   0.535373E+03   0.351705E-04
   0.103566E+02   0.382768E+03   0.374770E+03   0.141151E-05   0.130034E-05   0.141834E-01   0.375746E+03   0.381514E+03   0.375746E+03  -0.483464E-04   0.374951E+03   0.374417E+03   0.227065E-04
   0.126495E+02   0.267294E+03   0.261677E+03   0.660686E-06   0.608663E-06   0.664079E-02   0.262386E+03   0.266414E+03   0.262386E+03  -0.337606E-04   0.261833E+03   0.261397E+03   0.151700E-04
   0.154502E+02   0.186368E+03   0.182419E+03   0.308762E-06   0.284458E-06   0.310415E-02   0.182941E+03   0.185750E+03   0.182941E+03  -0.235386E-04   0.182558E+03   0.182189E+03   0.105229E-04
   0.188709E+02   0.129755E+03   0.126972E+03   0.144081E-06   0.132744E-06   0.144876E-02   0.127364E+03   0.129319E+03   0.127364E+03  -0.163876E-04   0.127100E+03   0.126775E+03   0.758214E-05
   0.230489E+02   0.902165E+02   0.882453E+02   0.671380E-07   0.618588E-07   0.675180E-03   0.885482E+02   0.899076E+02   0.885482E+02  -0.113933E-04   0.883677E+02   0.880711E+02   0.566050E-05
   0.281520E+02   0.626447E+02   0.612390E+02   0.312414E-07   0.287872E-07   0.314248E-03   0.614806E+02   0.624244E+02   0.614806E+02  -0.791057E-05   0.613582E+02   0.610793E+02   0.435740E-05
   0.343849E+02   0.434456E+02   0.424325E+02   0.145176E-07   0.133788E-07   0.146101E-03   0.426323E+02   0.432868E+02   0.426323E+02  -0.548541E-05   0.425505E+02   0.422817E+02   0.343815E-05
   0.419979E+02   0.300944E+02   0.293532E+02   0.673681E-08   0.620948E-08   0.678132E-04   0.295250E+02   0.299783E+02   0.295250E+02  -0.379892E-05   0.294715E+02   0.292075E+02   0.276403E-05
   0.512963E+02   0.208216E+02   0.202681E+02   0.312154E-08   0.287798E-08   0.314416E-04   0.204213E+02   0.207348E+02   0.204213E+02  -0.262757E-05   0.203875E+02   0.201248E+02   0.225193E-05
   0.626535E+02   0.143888E+02   0.139646E+02   0.144403E-08   0.133190E-08   0.145615E-04   0.141058E+02   0.143224E+02   0.141058E+02  -0.181496E-05   0.140857E+02   0.138220E+02   0.185106E-05
   0.765251E+02   0.993118E+01   0.959563E+01   0.666749E-09   0.615347E-09   0.673309E-05   0.972924E+01   0.987860E+01   0.972924E+01  -0.125184E-05   0.971880E+01   0.945263E+01   0.152957E-05
   0.934680E+02   0.684538E+01   0.657044E+01   0.307148E-09   0.283722E-09   0.310745E-05   0.669944E+01   0.680229E+01   0.669944E+01  -0.862003E-06   0.669571E+01   0.642646E+01   0.126678E-05
   0.114162E+03   0.471129E+01   0.447775E+01   0.141077E-09   0.130491E-09   0.143169E-05   0.460401E+01   0.467470E+01   0.460401E+01  -0.592388E-06   0.460496E+01   0.433271E+01   0.104874E-05
