#           k/h    P           
    0.10000E-03    0.21339E+01
    0.10202E-03    0.21755E+01
    0.10408E-03    0.22179E+01
    0.10618E-03    0.22612E+01
    0.10833E-03    0.23053E+01
    0.11052E-03    0.23502E+01
    0.11275E-03    0.23961E+01
    0.11503E-03    0.24428E+01
    0.11735E-03    0.24904E+01
    0.11972E-03    0.25390E+01
    0.12214E-03    0.25885E+01
    0.12461E-03    0.26390E+01
    0.12712E-03    0.26905E+01
    0.12969E-03    0.27429E+01
    0.13231E-03    0.27964E+01
    0.13499E-03    0.28510E+01
    0.13771E-03    0.29065E+01
    0.14049E-03    0.29632E+01
    0.14333E-03    0.30210E+01
    0.14623E-03    0.30799E+01
    0.14918E-03    0.31400E+01
    0.15220E-03    0.32012E+01
    0.15527E-03    0.32636E+01
    0.15841E-03    0.33272E+01
    0.16161E-03    0.33921E+01
    0.16487E-03    0.34582E+01
    0.16820E-03    0.35256E+01
    0.17160E-03    0.35944E+01
    0.17507E-03    0.36644E+01
    0.17860E-03    0.37359E+01
    0.18221E-03    0.38087E+01
    0.18589E-03    0.38830E+01
    0.18965E-03    0.39586E+01
    0.19348E-03    0.40358E+01
    0.19739E-03    0.41145E+01
    0.20138E-03    0.41947E+01
    0.20544E-03    0.42764E+01
    0.20959E-03    0.43597E+01
    0.21383E-03    0.44447E+01
    0.21815E-03    0.45313E+01
    0.22255E-03    0.46196E+01
    0.22705E-03    0.47096E+01
    0.23164E-03    0.48014E+01
    0.23632E-03    0.48949E+01
    0.24109E-03    0.49903E+01
    0.24596E-03    0.50875E+01
    0.25093E-03    0.51866E+01
    0.25600E-03    0.52877E+01
    0.26117E-03    0.53907E+01
    0.26645E-03    0.54957E+01
    0.27183E-03    0.56027E+01
    0.27732E-03    0.57118E+01
    0.28292E-03    0.58230E+01
    0.28864E-03    0.59364E+01
    0.29447E-03    0.60520E+01
    0.30042E-03    0.61698E+01
    0.30649E-03    0.62899E+01
    0.31268E-03    0.64124E+01
    0.31899E-03    0.65372E+01
    0.32544E-03    0.66644E+01
    0.33201E-03    0.67941E+01
    0.33872E-03    0.69263E+01
    0.34556E-03    0.70611E+01
    0.35254E-03    0.71984E+01
    0.35966E-03    0.73384E+01
    0.36693E-03    0.74812E+01
    0.37434E-03    0.76267E+01
    0.38190E-03    0.77750E+01
    0.38962E-03    0.79261E+01
    0.39749E-03    0.80802E+01
    0.40552E-03    0.82373E+01
    0.41371E-03    0.83973E+01
    0.42207E-03    0.85605E+01
    0.43060E-03    0.87268E+01
    0.43929E-03    0.88963E+01
    0.44817E-03    0.90691E+01
    0.45722E-03    0.92452E+01
    0.46646E-03    0.94247E+01
    0.47588E-03    0.96076E+01
    0.48550E-03    0.97941E+01
    0.49530E-03    0.99841E+01
    0.50531E-03    0.10178E+02
    0.51552E-03    0.10375E+02
    0.52593E-03    0.10576E+02
    0.53656E-03    0.10781E+02
    0.54739E-03    0.10990E+02
    0.55845E-03    0.11203E+02
    0.56973E-03    0.11420E+02
    0.58124E-03    0.11641E+02
    0.59299E-03    0.11867E+02
    0.60496E-03    0.12096E+02
    0.61719E-03    0.12330E+02
    0.62965E-03    0.12569E+02
    0.64237E-03    0.12812E+02
    0.65535E-03    0.13059E+02
    0.66859E-03    0.13312E+02
    0.68210E-03    0.13569E+02
    0.69588E-03    0.13830E+02
    0.70993E-03    0.14097E+02
    0.72427E-03    0.14369E+02
    0.73891E-03    0.14646E+02
    0.75383E-03    0.14928E+02
    0.76906E-03    0.15216E+02
    0.78460E-03    0.15509E+02
    0.80045E-03    0.15807E+02
    0.81662E-03    0.16111E+02
    0.83311E-03    0.16421E+02
    0.84994E-03    0.16736E+02
    0.86711E-03    0.17057E+02
    0.88463E-03    0.17384E+02
    0.90250E-03    0.17717E+02
    0.92073E-03    0.18057E+02
    0.93933E-03    0.18402E+02
    0.95831E-03    0.18754E+02
    0.97767E-03    0.19113E+02
    0.99742E-03    0.19478E+02
    0.10176E-02    0.19849E+02
    0.10381E-02    0.20227E+02
    0.10591E-02    0.20613E+02
    0.10805E-02    0.21005E+02
    0.11023E-02    0.21404E+02
    0.11246E-02    0.21810E+02
    0.11473E-02    0.22224E+02
    0.11705E-02    0.22645E+02
    0.11941E-02    0.23074E+02
    0.12182E-02    0.23510E+02
    0.12429E-02    0.23954E+02
    0.12680E-02    0.24406E+02
    0.12936E-02    0.24865E+02
    0.13197E-02    0.25333E+02
    0.13464E-02    0.25809E+02
    0.13736E-02    0.26293E+02
    0.14013E-02    0.26785E+02
    0.14296E-02    0.27286E+02
    0.14585E-02    0.27795E+02
    0.14880E-02    0.28313E+02
    0.15180E-02    0.28840E+02
    0.15487E-02    0.29375E+02
    0.15800E-02    0.29920E+02
    0.16119E-02    0.30473E+02
    0.16445E-02    0.31036E+02
    0.16777E-02    0.31608E+02
    0.17116E-02    0.32189E+02
    0.17462E-02    0.32780E+02
    0.17814E-02    0.33380E+02
    0.18174E-02    0.33989E+02
    0.18541E-02    0.34609E+02
    0.18916E-02    0.35238E+02
    0.19298E-02    0.35876E+02
    0.19688E-02    0.36525E+02
    0.20086E-02    0.37184E+02
    0.20491E-02    0.37852E+02
    0.20905E-02    0.38531E+02
    0.21328E-02    0.39220E+02
    0.21758E-02    0.39919E+02
    0.22198E-02    0.40628E+02
    0.22646E-02    0.41347E+02
    0.23104E-02    0.42077E+02
    0.23571E-02    0.42817E+02
    0.24047E-02    0.43568E+02
    0.24533E-02    0.44329E+02
    0.25028E-02    0.45100E+02
    0.25534E-02    0.45882E+02
    0.26050E-02    0.46674E+02
    0.26576E-02    0.47476E+02
    0.27113E-02    0.48289E+02
    0.27660E-02    0.49113E+02
    0.28219E-02    0.49947E+02
    0.28789E-02    0.50791E+02
    0.29371E-02    0.51646E+02
    0.29964E-02    0.52510E+02
    0.30569E-02    0.53386E+02
    0.31187E-02    0.54271E+02
    0.31817E-02    0.55166E+02
    0.32460E-02    0.56072E+02
    0.33115E-02    0.56988E+02
    0.33784E-02    0.57913E+02
    0.34467E-02    0.58848E+02
    0.35163E-02    0.59793E+02
    0.35874E-02    0.60748E+02
    0.36598E-02    0.61712E+02
    0.37338E-02    0.62685E+02
    0.38092E-02    0.63668E+02
    0.38861E-02    0.64659E+02
    0.39646E-02    0.65659E+02
    0.40447E-02    0.66668E+02
    0.41264E-02    0.67685E+02
    0.42098E-02    0.68711E+02
    0.42948E-02    0.69744E+02
    0.43816E-02    0.70785E+02
    0.44701E-02    0.71834E+02
    0.45604E-02    0.72889E+02
    0.46525E-02    0.73952E+02
    0.47465E-02    0.75021E+02
    0.48424E-02    0.76096E+02
    0.49402E-02    0.77177E+02
    0.50400E-02    0.78263E+02
    0.51419E-02    0.79355E+02
    0.52457E-02    0.80451E+02
    0.53517E-02    0.81551E+02
    0.54598E-02    0.82655E+02
    0.55701E-02    0.83762E+02
    0.56826E-02    0.84872E+02
    0.57974E-02    0.85985E+02
    0.59145E-02    0.87099E+02
    0.60340E-02    0.88214E+02
    0.61559E-02    0.89331E+02
    0.62803E-02    0.90447E+02
    0.64072E-02    0.91563E+02
    0.65366E-02    0.92677E+02
    0.66686E-02    0.93790E+02
    0.68033E-02    0.94901E+02
    0.69408E-02    0.96009E+02
    0.70810E-02    0.97112E+02
    0.72240E-02    0.98212E+02
    0.73700E-02    0.99306E+02
    0.75189E-02    0.10039E+03
    0.76708E-02    0.10148E+03
    0.78257E-02    0.10255E+03
    0.79838E-02    0.10362E+03
    0.81451E-02    0.10467E+03
    0.83096E-02    0.10572E+03
    0.84775E-02    0.10675E+03
    0.86488E-02    0.10778E+03
    0.88235E-02    0.10879E+03
    0.90017E-02    0.10978E+03
    0.91836E-02    0.11076E+03
    0.93691E-02    0.11173E+03
    0.95583E-02    0.11268E+03
    0.97514E-02    0.11361E+03
    0.99484E-02    0.11452E+03
    0.10149E-01    0.11541E+03
    0.10354E-01    0.11628E+03
    0.10564E-01    0.11713E+03
    0.10777E-01    0.11795E+03
    0.10995E-01    0.11875E+03
    0.11217E-01    0.11952E+03
    0.11443E-01    0.12027E+03
    0.11675E-01    0.12098E+03
    0.11910E-01    0.12167E+03
    0.12151E-01    0.12234E+03
    0.12397E-01    0.12297E+03
    0.12647E-01    0.12357E+03
    0.12902E-01    0.12413E+03
    0.13163E-01    0.12465E+03
    0.13429E-01    0.12514E+03
    0.13700E-01    0.12558E+03
    0.13977E-01    0.12598E+03
    0.14259E-01    0.12634E+03
    0.14547E-01    0.12666E+03
    0.14841E-01    0.12693E+03
    0.15141E-01    0.12715E+03
    0.15447E-01    0.12733E+03
    0.15759E-01    0.12746E+03
    0.16077E-01    0.12754E+03
    0.16402E-01    0.12756E+03
    0.16734E-01    0.12754E+03
    0.17072E-01    0.12745E+03
    0.17416E-01    0.12732E+03
    0.17768E-01    0.12712E+03
    0.18127E-01    0.12688E+03
    0.18493E-01    0.12657E+03
    0.18867E-01    0.12621E+03
    0.19248E-01    0.12579E+03
    0.19637E-01    0.12531E+03
    0.20034E-01    0.12478E+03
    0.20438E-01    0.12418E+03
    0.20851E-01    0.12352E+03
    0.21272E-01    0.12280E+03
    0.21702E-01    0.12202E+03
    0.22141E-01    0.12118E+03
    0.22588E-01    0.12028E+03
    0.23044E-01    0.11933E+03
    0.23510E-01    0.11831E+03
    0.23985E-01    0.11724E+03
    0.24469E-01    0.11611E+03
    0.24964E-01    0.11492E+03
    0.25468E-01    0.11368E+03
    0.25982E-01    0.11240E+03
    0.26507E-01    0.11106E+03
    0.27043E-01    0.10967E+03
    0.27589E-01    0.10825E+03
    0.28146E-01    0.10678E+03
    0.28715E-01    0.10527E+03
    0.29295E-01    0.10372E+03
    0.29887E-01    0.10215E+03
    0.30490E-01    0.10054E+03
    0.31106E-01    0.98912E+02
    0.31735E-01    0.97262E+02
    0.32376E-01    0.95596E+02
    0.33030E-01    0.93917E+02
    0.33697E-01    0.92230E+02
    0.34378E-01    0.90540E+02
    0.35072E-01    0.88851E+02
    0.35781E-01    0.87167E+02
    0.36504E-01    0.85492E+02
    0.37241E-01    0.83832E+02
    0.37993E-01    0.82192E+02
    0.38761E-01    0.80577E+02
    0.39544E-01    0.78991E+02
    0.40343E-01    0.77437E+02
    0.41158E-01    0.75918E+02
    0.41989E-01    0.74436E+02
    0.42838E-01    0.72992E+02
    0.43703E-01    0.71588E+02
    0.44586E-01    0.70228E+02
    0.45486E-01    0.68916E+02
    0.46405E-01    0.67656E+02
    0.47343E-01    0.66453E+02
    0.48299E-01    0.65311E+02
    0.49275E-01    0.64228E+02
    0.50270E-01    0.63198E+02
    0.51286E-01    0.62218E+02
    0.52322E-01    0.61281E+02
    0.53379E-01    0.60383E+02
    0.54457E-01    0.59520E+02
    0.55557E-01    0.58687E+02
    0.56680E-01    0.57880E+02
    0.57825E-01    0.57094E+02
    0.58993E-01    0.56325E+02
    0.60184E-01    0.55567E+02
    0.61400E-01    0.54816E+02
    0.62641E-01    0.54064E+02
    0.63906E-01    0.53305E+02
    0.65197E-01    0.52529E+02
    0.66514E-01    0.51730E+02
    0.67858E-01    0.50897E+02
    0.69229E-01    0.50024E+02
    0.70627E-01    0.49101E+02
    0.72054E-01    0.48124E+02
    0.73510E-01    0.47089E+02
    0.74994E-01    0.45995E+02
    0.76509E-01    0.44843E+02
    0.78055E-01    0.43637E+02
    0.79632E-01    0.42383E+02
    0.81241E-01    0.41090E+02
    0.82882E-01    0.39769E+02
    0.84556E-01    0.38431E+02
    0.86264E-01    0.37089E+02
    0.88007E-01    0.35755E+02
    0.89785E-01    0.34440E+02
    0.91598E-01    0.33157E+02
    0.93449E-01    0.31916E+02
    0.95337E-01    0.30730E+02
    0.97263E-01    0.29608E+02
    0.99227E-01    0.28560E+02
    0.10123E+00    0.27593E+02
    0.10328E+00    0.26714E+02
    0.10536E+00    0.25925E+02
    0.10749E+00    0.25225E+02
    0.10966E+00    0.24610E+02
    0.11188E+00    0.24070E+02
    0.11414E+00    0.23592E+02
    0.11644E+00    0.23163E+02
    0.11880E+00    0.22762E+02
    0.12120E+00    0.22374E+02
    0.12365E+00    0.21980E+02
    0.12614E+00    0.21563E+02
    0.12869E+00    0.21110E+02
    0.13129E+00    0.20610E+02
    0.13394E+00    0.20059E+02
    0.13665E+00    0.19453E+02
    0.13941E+00    0.18798E+02
    0.14223E+00    0.18100E+02
    0.14510E+00    0.17372E+02
    0.14803E+00    0.16629E+02
    0.15102E+00    0.15887E+02
    0.15407E+00    0.15165E+02
    0.15718E+00    0.14484E+02
    0.16036E+00    0.13858E+02
    0.16360E+00    0.13302E+02
    0.16690E+00    0.12821E+02
    0.17028E+00    0.12412E+02
    0.17371E+00    0.12067E+02
    0.17722E+00    0.11769E+02
    0.18080E+00    0.11504E+02
    0.18446E+00    0.11255E+02
    0.18818E+00    0.11004E+02
    0.19198E+00    0.10736E+02
    0.19586E+00    0.10435E+02
    0.19982E+00    0.10095E+02
    0.20386E+00    0.97170E+01
    0.20797E+00    0.93113E+01
    0.21218E+00    0.88941E+01
    0.21646E+00    0.84824E+01
    0.22083E+00    0.80920E+01
    0.22530E+00    0.77356E+01
    0.22985E+00    0.74218E+01
    0.23449E+00    0.71529E+01
    0.23923E+00    0.69242E+01
    0.24406E+00    0.67251E+01
    0.24899E+00    0.65416E+01
    0.25402E+00    0.63585E+01
    0.25915E+00    0.61630E+01
    0.26439E+00    0.59479E+01
    0.26973E+00    0.57145E+01
    0.27518E+00    0.54703E+01
    0.28074E+00    0.52258E+01
    0.28641E+00    0.49916E+01
    0.29219E+00    0.47771E+01
    0.29810E+00    0.45880E+01
    0.30412E+00    0.44229E+01
    0.31026E+00    0.42747E+01
    0.31653E+00    0.41344E+01
    0.32292E+00    0.39937E+01
    0.32945E+00    0.38472E+01
    0.33610E+00    0.36933E+01
    0.34289E+00    0.35359E+01
    0.34982E+00    0.33822E+01
    0.35689E+00    0.32383E+01
    0.36409E+00    0.31068E+01
    0.37145E+00    0.29876E+01
    0.37895E+00    0.28774E+01
    0.38661E+00    0.27711E+01
    0.39442E+00    0.26644E+01
    0.40239E+00    0.25564E+01
    0.41052E+00    0.24488E+01
    0.41881E+00    0.23446E+01
    0.42727E+00    0.22466E+01
    0.43590E+00    0.21558E+01
    0.44471E+00    0.20706E+01
    0.45369E+00    0.19887E+01
    0.46286E+00    0.19085E+01
    0.47221E+00    0.18292E+01
    0.48174E+00    0.17519E+01
    0.49148E+00    0.16780E+01
    0.50141E+00    0.16082E+01
    0.51153E+00    0.15422E+01
    0.52187E+00    0.14788E+01
    0.53241E+00    0.14172E+01
    0.54317E+00    0.13573E+01
    0.55414E+00    0.12996E+01
    0.56533E+00    0.12446E+01
    0.57675E+00    0.11921E+01
    0.58840E+00    0.11418E+01
    0.60029E+00    0.10933E+01
    0.61242E+00    0.10467E+01
    0.62479E+00    0.10019E+01
    0.63741E+00    0.95896E+00
    0.65029E+00    0.91776E+00
    0.66342E+00    0.87826E+00
    0.67683E+00    0.84039E+00
    0.69050E+00    0.80407E+00
    0.70445E+00    0.76925E+00
    0.71868E+00    0.73587E+00
    0.73320E+00    0.70386E+00
    0.74801E+00    0.67318E+00
    0.76312E+00    0.64378E+00
    0.77854E+00    0.61559E+00
    0.79426E+00    0.58857E+00
    0.81031E+00    0.56268E+00
    0.82668E+00    0.53788E+00
    0.84338E+00    0.51412E+00
    0.86041E+00    0.49136E+00
    0.87780E+00    0.46956E+00
    0.89553E+00    0.44869E+00
    0.91362E+00    0.42871E+00
    0.93208E+00    0.40958E+00
    0.95091E+00    0.39127E+00
    0.97011E+00    0.37375E+00
    0.98971E+00    0.35698E+00
    0.10097E+01    0.34093E+00
    0.10301E+01    0.32558E+00
    0.10509E+01    0.31089E+00
    0.10721E+01    0.29684E+00
    0.10938E+01    0.28341E+00
    0.11159E+01    0.27055E+00
    0.11384E+01    0.25826E+00
    0.11614E+01    0.24651E+00
    0.11849E+01    0.23527E+00
    0.12088E+01    0.22453E+00
    0.12333E+01    0.21426E+00
    0.12582E+01    0.20445E+00
    0.12836E+01    0.19506E+00
    0.13095E+01    0.18610E+00
    0.13360E+01    0.17753E+00
    0.13630E+01    0.16935E+00
    0.13905E+01    0.16153E+00
    0.14186E+01    0.15406E+00
    0.14472E+01    0.14692E+00
    0.14765E+01    0.14011E+00
    0.15063E+01    0.13360E+00
    0.15367E+01    0.12738E+00
    0.15678E+01    0.12145E+00
    0.15994E+01    0.11578E+00
    0.16318E+01    0.11037E+00
    0.16647E+01    0.10520E+00
    0.16984E+01    0.10027E+00
    0.17327E+01    0.95569E-01
    0.17677E+01    0.91079E-01
    0.18034E+01    0.86794E-01
    0.18398E+01    0.82704E-01
    0.18770E+01    0.78803E-01
    0.19149E+01    0.75080E-01
    0.19536E+01    0.71529E-01
    0.19930E+01    0.68142E-01
    0.20333E+01    0.64910E-01
    0.20744E+01    0.61828E-01
    0.21163E+01    0.58889E-01
    0.21590E+01    0.56086E-01
    0.22026E+01    0.53413E-01
    0.22471E+01    0.50865E-01
    0.22925E+01    0.48435E-01
    0.23388E+01    0.46118E-01
    0.23861E+01    0.43910E-01
    0.24343E+01    0.41805E-01
    0.24835E+01    0.39798E-01
    0.25336E+01    0.37886E-01
    0.25848E+01    0.36064E-01
    0.26370E+01    0.34327E-01
    0.26903E+01    0.32672E-01
    0.27447E+01    0.31095E-01
    0.28001E+01    0.29593E-01
    0.28567E+01    0.28162E-01
    0.29144E+01    0.26798E-01
    0.29733E+01    0.25499E-01
    0.30333E+01    0.24262E-01
    0.30946E+01    0.23084E-01
    0.31571E+01    0.21961E-01
    0.32209E+01    0.20892E-01
    0.32860E+01    0.19875E-01
    0.33523E+01    0.18905E-01
    0.34201E+01    0.17982E-01
    0.34892E+01    0.17104E-01
    0.35596E+01    0.16267E-01
    0.36316E+01    0.15471E-01
    0.37049E+01    0.14713E-01
    0.37798E+01    0.13991E-01
    0.38561E+01    0.13304E-01
    0.39340E+01    0.12650E-01
    0.40135E+01    0.12028E-01
    0.40946E+01    0.11436E-01
    0.41773E+01    0.10872E-01
    0.42617E+01    0.10336E-01
    0.43478E+01    0.98258E-02
    0.44356E+01    0.93403E-02
    0.45252E+01    0.88784E-02
    0.46166E+01    0.84390E-02
    0.47099E+01    0.80209E-02
    0.48050E+01    0.76233E-02
    0.49021E+01    0.72450E-02
    0.50011E+01    0.68852E-02
    0.51021E+01    0.65430E-02
    0.52052E+01    0.62175E-02
    0.53104E+01    0.59080E-02
    0.54176E+01    0.56136E-02
    0.55271E+01    0.53337E-02
    0.56387E+01    0.50675E-02
    0.57526E+01    0.48144E-02
    0.58689E+01    0.45738E-02
    0.59874E+01    0.43450E-02
    0.61084E+01    0.41275E-02
    0.62318E+01    0.39207E-02
    0.63577E+01    0.37242E-02
    0.64861E+01    0.35373E-02
    0.66171E+01    0.33597E-02
    0.67508E+01    0.31909E-02
    0.68872E+01    0.30304E-02
    0.70263E+01    0.28780E-02
    0.71682E+01    0.27330E-02
    0.73130E+01    0.25953E-02
    0.74608E+01    0.24644E-02
    0.76115E+01    0.23401E-02
    0.77653E+01    0.22219E-02
    0.79221E+01    0.21096E-02
    0.80822E+01    0.20030E-02
    0.82454E+01    0.19016E-02
    0.84120E+01    0.18053E-02
    0.85819E+01    0.17139E-02
    0.87553E+01    0.16270E-02
    0.89322E+01    0.15444E-02
    0.91126E+01    0.14660E-02
    0.92967E+01    0.13915E-02
    0.94845E+01    0.13208E-02
    0.96761E+01    0.12536E-02
    0.98716E+01    0.11898E-02
    0.10071E+02    0.11292E-02
    0.10274E+02    0.10717E-02
    0.10482E+02    0.10170E-02
    0.10694E+02    0.96513E-03
    0.10910E+02    0.91585E-03
    0.11130E+02    0.86907E-03
    0.11355E+02    0.82464E-03
    0.11584E+02    0.78247E-03
    0.11818E+02    0.74242E-03
    0.12057E+02    0.70441E-03
    0.12301E+02    0.66831E-03
    0.12549E+02    0.63405E-03
    0.12803E+02    0.60153E-03
    0.13061E+02    0.57065E-03
    0.13325E+02    0.54135E-03
    0.13594E+02    0.51353E-03
    0.13869E+02    0.48713E-03
    0.14149E+02    0.46207E-03
    0.14435E+02    0.43829E-03
    0.14727E+02    0.41572E-03
    0.15024E+02    0.39430E-03
    0.15328E+02    0.37397E-03
    0.15637E+02    0.35468E-03
    0.15953E+02    0.33638E-03
    0.16275E+02    0.31901E-03
    0.16604E+02    0.30253E-03
    0.16940E+02    0.28689E-03
    0.17282E+02    0.27206E-03
    0.17631E+02    0.25798E-03
    0.17987E+02    0.24463E-03
    0.18351E+02    0.23195E-03
    0.18721E+02    0.21993E-03
    0.19099E+02    0.20853E-03
    0.19485E+02    0.19771E-03
    0.19879E+02    0.18745E-03
    0.20280E+02    0.17772E-03
    0.20690E+02    0.16849E-03
    0.21108E+02    0.15973E-03
    0.21535E+02    0.15142E-03
    0.21970E+02    0.14355E-03
    0.22413E+02    0.13607E-03
    0.22866E+02    0.12899E-03
    0.23328E+02    0.12227E-03
    0.23799E+02    0.11590E-03
    0.24280E+02    0.10985E-03
    0.24771E+02    0.10412E-03
    0.25271E+02    0.98685E-04
    0.25782E+02    0.93532E-04
    0.26302E+02    0.88645E-04
    0.26834E+02    0.84012E-04
    0.27376E+02    0.79618E-04
    0.27929E+02    0.75453E-04
    0.28493E+02    0.71504E-04
    0.29069E+02    0.67759E-04
    0.29656E+02    0.64210E-04
    0.30255E+02    0.60844E-04
    0.30866E+02    0.57654E-04
    0.31490E+02    0.54629E-04
    0.32126E+02    0.51762E-04
    0.32775E+02    0.49045E-04
    0.33437E+02    0.46468E-04
    0.34112E+02    0.44026E-04
    0.34801E+02    0.41712E-04
    0.35504E+02    0.39518E-04
    0.36222E+02    0.37438E-04
    0.36953E+02    0.35468E-04
    0.37700E+02    0.33600E-04
    0.38462E+02    0.31829E-04
    0.39239E+02    0.30151E-04
    0.40031E+02    0.28561E-04
    0.40840E+02    0.27055E-04
    0.41665E+02    0.25627E-04
    0.42507E+02    0.24273E-04
    0.43365E+02    0.22991E-04
    0.44241E+02    0.21776E-04
    0.45135E+02    0.20625E-04
    0.46047E+02    0.19534E-04
    0.46977E+02    0.18500E-04
    0.47926E+02    0.17521E-04
    0.48894E+02    0.16593E-04
    0.49882E+02    0.15714E-04
    0.50890E+02    0.14881E-04
    0.51918E+02    0.14092E-04
    0.52966E+02    0.13344E-04
    0.54036E+02    0.12636E-04
    0.55128E+02    0.11965E-04
    0.56242E+02    0.11329E-04
    0.57378E+02    0.10727E-04
    0.58537E+02    0.10156E-04
    0.59720E+02    0.96162E-05
    0.60926E+02    0.91044E-05
    0.62157E+02    0.86196E-05
    0.63412E+02    0.81604E-05
    0.64693E+02    0.77255E-05
    0.66000E+02    0.73135E-05
    0.67334E+02    0.69234E-05
    0.68694E+02    0.65539E-05
    0.70082E+02    0.62039E-05
    0.71497E+02    0.58725E-05
    0.72942E+02    0.55586E-05
    0.74415E+02    0.52614E-05
    0.75918E+02    0.49800E-05
    0.77452E+02    0.47134E-05
    0.79017E+02    0.44611E-05
    0.80613E+02    0.42221E-05
    0.82241E+02    0.39958E-05
    0.83903E+02    0.37815E-05
    0.85598E+02    0.35786E-05
    0.87327E+02    0.33865E-05
    0.89091E+02    0.32045E-05
    0.90891E+02    0.30322E-05
    0.92727E+02    0.28691E-05
    0.94600E+02    0.27146E-05
    0.96511E+02    0.25683E-05
    0.98461E+02    0.24299E-05
    0.10045E+03    0.22988E-05
    0.10248E+03    0.21747E-05
    0.10455E+03    0.20573E-05
    0.10666E+03    0.19462E-05
    0.10882E+03    0.18411E-05
    0.11101E+03    0.17416E-05
    0.11326E+03    0.16475E-05
