#          k/h    CDM            baryon         photon         nu             mass_nu        total          no_nu          total_de       Weyl           v_CDM          v_b            v_b-v_c     
   0.105184E-04   0.101232E+08   0.101232E+08   0.134944E+08   0.134943E+08   0.101239E+08   0.101232E+08   0.101232E+08   0.101315E+08  -0.584650E+00   0.936745E+07   0.936745E+07   0.101783E+02
   0.116143E-04   0.101232E+08   0.101232E+08   0.134937E+08   0.134935E+08   0.101239E+08   0.101232E+08   0.101232E+08   0.101315E+08  -0.584650E+00   0.936745E+07   0.936745E+07   0.112385E+02
   0.128244E-04   0.101232E+08   0.101232E+08   0.134928E+08   0.134926E+08   0.101239E+08   0.101232E+08   0.101232E+08   0.101315E+08  -0.584650E+00   0.936745E+07   0.936744E+07   0.124091E+02
   0.141606E-04   0.101232E+08   0.101232E+08   0.134917E+08   0.134915E+08   0.101238E+08   0.101232E+08   0.101232E+08   0.101315E+08  -0.584650E+00   0.936744E+07   0.936744E+07   0.137016E+02
   0.156360E-04   0.101232E+08   0.101232E+08   0.134904E+08   0.134902E+08   0.101238E+08   0.101232E+08   0.101232E+08   0.101315E+08  -0.584649E+00   0.936744E+07   0.936744E+07   0.151287E+02
   0.172651E-04   0.101232E+08   0.101232E+08   0.134889E+08   0.134885E+08   0.101238E+08   0.101232E+08   0.101232E+08   0.101315E+08  -0.584649E+00   0.936743E+07   0.936743E+07   0.167042E+02
   0.190639E-04   0.101232E+08   0.101232E+08   0.134869E+08   0.134865E+08   0.101238E+08   0.101232E+08   0.101232E+08   0.101315E+08  -0.584649E+00   0.936743E+07   0.936743E+07   0.184436E+02
   0.210501E-04   0.101232E+08   0.101232E+08   0.134846E+08   0.134841E+08   0.101238E+08   0.101232E+08   0.101232E+08   0.101314E+08  -0.584648E+00   0.936742E+07   0.936742E+07   0.203640E+02
   0.232433E-04   0.101232E+08   0.101232E+08   0.134817E+08   0.134811E+08   0.101238E+08   0.101232E+08   0.101232E+08   0.101314E+08  -0.584647E+00   0.936741E+07   0.936741E+07   0.224839E+02
   0.256650E-04   0.101232E+08   0.101232E+08   0.134782E+08   0.134775E+08   0.101238E+08   0.101232E+08   0.101232E+08   0.101314E+08  -0.584646E+00   0.936740E+07   0.936740E+07   0.248242E+02
   0.283390E-04   0.101232E+08   0.101232E+08   0.134739E+08   0.134730E+08   0.101238E+08   0.101232E+08   0.101232E+08   0.101314E+08  -0.584645E+00   0.936739E+07   0.936738E+07   0.274074E+02
   0.312916E-04   0.101231E+08   0.101231E+08   0.134688E+08   0.134676E+08   0.101237E+08   0.101232E+08   0.101231E+08   0.101314E+08  -0.584644E+00   0.936737E+07   0.936737E+07   0.302587E+02
   0.345519E-04   0.101231E+08   0.101231E+08   0.134624E+08   0.134611E+08   0.101237E+08   0.101231E+08   0.101231E+08   0.101314E+08  -0.584643E+00   0.936735E+07   0.936735E+07   0.334057E+02
   0.381518E-04   0.101231E+08   0.101231E+08   0.134547E+08   0.134531E+08   0.101237E+08   0.101231E+08   0.101231E+08   0.101313E+08  -0.584641E+00   0.936733E+07   0.936732E+07   0.368785E+02
   0.421268E-04   0.101231E+08   0.101231E+08   0.134453E+08   0.134433E+08   0.101236E+08   0.101231E+08   0.101231E+08   0.101313E+08  -0.584638E+00   0.936730E+07   0.936729E+07   0.407105E+02
   0.465159E-04   0.101230E+08   0.101230E+08   0.134339E+08   0.134314E+08   0.101236E+08   0.101230E+08   0.101230E+08   0.101312E+08  -0.584636E+00   0.936726E+07   0.936726E+07   0.449382E+02
   0.513623E-04   0.101230E+08   0.101230E+08   0.134199E+08   0.134169E+08   0.101235E+08   0.101230E+08   0.101230E+08   0.101312E+08  -0.584632E+00   0.936722E+07   0.936721E+07   0.496016E+02
   0.567137E-04   0.101229E+08   0.101229E+08   0.134029E+08   0.133993E+08   0.101234E+08   0.101229E+08   0.101229E+08   0.101311E+08  -0.584628E+00   0.936717E+07   0.936716E+07   0.547444E+02
   0.626227E-04   0.101229E+08   0.101228E+08   0.133823E+08   0.133778E+08   0.101234E+08   0.101229E+08   0.101229E+08   0.101310E+08  -0.584623E+00   0.936710E+07   0.936709E+07   0.604144E+02
   0.691473E-04   0.101228E+08   0.101228E+08   0.133571E+08   0.133517E+08   0.101232E+08   0.101228E+08   0.101228E+08   0.101309E+08  -0.584617E+00   0.936702E+07   0.936701E+07   0.666634E+02
   0.763516E-04   0.101227E+08   0.101226E+08   0.133265E+08   0.133199E+08   0.101231E+08   0.101227E+08   0.101227E+08   0.101308E+08  -0.584609E+00   0.936693E+07   0.936691E+07   0.735479E+02
   0.843066E-04   0.101225E+08   0.101225E+08   0.132892E+08   0.132812E+08   0.101229E+08   0.101225E+08   0.101225E+08   0.101307E+08  -0.584600E+00   0.936681E+07   0.936679E+07   0.811285E+02
   0.930904E-04   0.101224E+08   0.101224E+08   0.132439E+08   0.132342E+08   0.101227E+08   0.101224E+08   0.101224E+08   0.101305E+08  -0.584589E+00   0.936667E+07   0.936664E+07   0.894706E+02
   0.102789E-03   0.101222E+08   0.101222E+08   0.131889E+08   0.131770E+08   0.101225E+08   0.101222E+08   0.101222E+08   0.101303E+08  -0.584576E+00   0.936650E+07   0.936647E+07   0.986438E+02
   0.113499E-03   0.101220E+08   0.101219E+08   0.131221E+08   0.131077E+08   0.101222E+08   0.101220E+08   0.101220E+08   0.101300E+08  -0.584559E+00   0.936629E+07   0.936625E+07   0.108722E+03
   0.125324E-03   0.101217E+08   0.101216E+08   0.130411E+08   0.130237E+08   0.101218E+08   0.101217E+08   0.101217E+08   0.101297E+08  -0.584539E+00   0.936603E+07   0.936598E+07   0.119781E+03
   0.138382E-03   0.101214E+08   0.101213E+08   0.129431E+08   0.129219E+08   0.101213E+08   0.101213E+08   0.101213E+08   0.101292E+08  -0.584515E+00   0.936572E+07   0.936566E+07   0.131901E+03
   0.152799E-03   0.101209E+08   0.101209E+08   0.128244E+08   0.127988E+08   0.101208E+08   0.101209E+08   0.101209E+08   0.101288E+08  -0.584485E+00   0.936534E+07   0.936527E+07   0.145161E+03
   0.168719E-03   0.101204E+08   0.101203E+08   0.126812E+08   0.126502E+08   0.101201E+08   0.101204E+08   0.101204E+08   0.101282E+08  -0.584449E+00   0.936487E+07   0.936479E+07   0.159639E+03
   0.186298E-03   0.101198E+08   0.101197E+08   0.125086E+08   0.124712E+08   0.101193E+08   0.101198E+08   0.101198E+08   0.101274E+08  -0.584405E+00   0.936431E+07   0.936420E+07   0.175406E+03
   0.205708E-03   0.101191E+08   0.101189E+08   0.123013E+08   0.122563E+08   0.101183E+08   0.101191E+08   0.101191E+08   0.101266E+08  -0.584352E+00   0.936362E+07   0.936350E+07   0.192524E+03
   0.227141E-03   0.101182E+08   0.101180E+08   0.120530E+08   0.119989E+08   0.101170E+08   0.101181E+08   0.101182E+08   0.101255E+08  -0.584287E+00   0.936279E+07   0.936263E+07   0.211037E+03
   0.250806E-03   0.101171E+08   0.101169E+08   0.117568E+08   0.116921E+08   0.101156E+08   0.101170E+08   0.101171E+08   0.101242E+08  -0.584208E+00   0.936177E+07   0.936159E+07   0.230965E+03
   0.276938E-03   0.101158E+08   0.101155E+08   0.114052E+08   0.113281E+08   0.101138E+08   0.101157E+08   0.101157E+08   0.101226E+08  -0.584113E+00   0.936054E+07   0.936031E+07   0.252291E+03
   0.305791E-03   0.101141E+08   0.101138E+08   0.109903E+08   0.108989E+08   0.101116E+08   0.101140E+08   0.101141E+08   0.101207E+08  -0.583998E+00   0.935904E+07   0.935877E+07   0.274945E+03
   0.337651E-03   0.101122E+08   0.101118E+08   0.105042E+08   0.103966E+08   0.101089E+08   0.101121E+08   0.101121E+08   0.101185E+08  -0.583860E+00   0.935722E+07   0.935690E+07   0.298791E+03
   0.372831E-03   0.101098E+08   0.101093E+08   0.993993E+07   0.981426E+07   0.101057E+08   0.101097E+08   0.101097E+08   0.101157E+08  -0.583693E+00   0.935501E+07   0.935463E+07   0.323602E+03
   0.411676E-03   0.101069E+08   0.101064E+08   0.929216E+07   0.914671E+07   0.101017E+08   0.101068E+08   0.101068E+08   0.101124E+08  -0.583492E+00   0.935234E+07   0.935188E+07   0.349037E+03
   0.454568E-03   0.101034E+08   0.101028E+08   0.855871E+07   0.839232E+07   0.100970E+08   0.101032E+08   0.101033E+08   0.101084E+08  -0.583252E+00   0.934911E+07   0.934857E+07   0.374619E+03
   0.501929E-03   0.100993E+08   0.100985E+08   0.774237E+07   0.755475E+07   0.100913E+08   0.100990E+08   0.100991E+08   0.101037E+08  -0.582964E+00   0.934522E+07   0.934458E+07   0.399704E+03
   0.554224E-03   0.100942E+08   0.100933E+08   0.685300E+07   0.664517E+07   0.100844E+08   0.100939E+08   0.100941E+08   0.100981E+08  -0.582623E+00   0.934053E+07   0.933978E+07   0.423470E+03
   0.611968E-03   0.100882E+08   0.100871E+08   0.590975E+07   0.568451E+07   0.100760E+08   0.100878E+08   0.100880E+08   0.100914E+08  -0.582218E+00   0.933490E+07   0.933403E+07   0.444909E+03
   0.675728E-03   0.100810E+08   0.100797E+08   0.494270E+07   0.470515E+07   0.100660E+08   0.100806E+08   0.100808E+08   0.100835E+08  -0.581740E+00   0.932815E+07   0.932716E+07   0.462848E+03
   0.746132E-03   0.100724E+08   0.100709E+08   0.399319E+07   0.375099E+07   0.100541E+08   0.100719E+08   0.100722E+08   0.100743E+08  -0.581180E+00   0.932010E+07   0.931897E+07   0.476011E+03
   0.823870E-03   0.100622E+08   0.100605E+08   0.311133E+07   0.287465E+07   0.100398E+08   0.100616E+08   0.100619E+08   0.100634E+08  -0.580527E+00   0.931054E+07   0.930927E+07   0.483121E+03
   0.909708E-03   0.100501E+08   0.100482E+08   0.234952E+07   0.213020E+07   0.100227E+08   0.100494E+08   0.100498E+08   0.100508E+08  -0.579768E+00   0.929921E+07   0.929781E+07   0.483069E+03
   0.100449E-02   0.100359E+08   0.100338E+08   0.175102E+07   0.156100E+07   0.100025E+08   0.100351E+08   0.100356E+08   0.100361E+08  -0.578890E+00   0.928587E+07   0.928435E+07   0.475124E+03
   0.110915E-02   0.100193E+08   0.100169E+08   0.133517E+07   0.118397E+07   0.997862E+07   0.100183E+08   0.100190E+08   0.100191E+08  -0.577880E+00   0.927024E+07   0.926862E+07   0.459155E+03
   0.122471E-02   0.999995E+07   0.999736E+07   0.108413E+07   0.976132E+06   0.995042E+07   0.999880E+07   0.999955E+07   0.999944E+07  -0.576718E+00   0.925202E+07   0.925032E+07   0.435795E+03
   0.135231E-02   0.997746E+07   0.997470E+07   0.940652E+06   0.873206E+06   0.991721E+07   0.997612E+07   0.997702E+07   0.997668E+07  -0.575384E+00   0.923088E+07   0.922913E+07   0.406457E+03
   0.149320E-02   0.995144E+07   0.994855E+07   0.826683E+06   0.790686E+06   0.987828E+07   0.994989E+07   0.995099E+07   0.995039E+07  -0.573853E+00   0.920647E+07   0.920469E+07   0.373127E+03
   0.164878E-02   0.992146E+07   0.991849E+07   0.683704E+06   0.667091E+06   0.983289E+07   0.991966E+07   0.992099E+07   0.992008E+07  -0.572096E+00   0.917838E+07   0.917660E+07   0.337972E+03
   0.182056E-02   0.988701E+07   0.988400E+07   0.512666E+06   0.505204E+06   0.978011E+07   0.988493E+07   0.988653E+07   0.988524E+07  -0.570080E+00   0.914616E+07   0.914440E+07   0.302931E+03
   0.201024E-02   0.984753E+07   0.984450E+07   0.371114E+06   0.366688E+06   0.971891E+07   0.984512E+07   0.984706E+07   0.984535E+07  -0.567773E+00   0.910928E+07   0.910756E+07   0.269561E+03
   0.221969E-02   0.980243E+07   0.979938E+07   0.305940E+06   0.300569E+06   0.964819E+07   0.979963E+07   0.980195E+07   0.979981E+07  -0.565140E+00   0.906717E+07   0.906548E+07   0.239177E+03
   0.245096E-02   0.975104E+07   0.974795E+07   0.284089E+06   0.240099E+06   0.956680E+07   0.974778E+07   0.975056E+07   0.974795E+07  -0.562143E+00   0.901920E+07   0.901754E+07   0.212924E+03
   0.270632E-02   0.969268E+07   0.968948E+07   0.235218E+06   0.195741E+06   0.947356E+07   0.968887E+07   0.969218E+07   0.968901E+07  -0.558740E+00   0.896472E+07   0.896307E+07   0.191283E+03
   0.298829E-02   0.962658E+07   0.962321E+07   0.169917E+06   0.159441E+06   0.936729E+07   0.962214E+07   0.962605E+07   0.962224E+07  -0.554887E+00   0.890304E+07   0.890138E+07   0.173472E+03
   0.329963E-02   0.955196E+07   0.954837E+07   0.143340E+06   0.129747E+06   0.924686E+07   0.954679E+07   0.955140E+07   0.954688E+07  -0.550538E+00   0.883342E+07   0.883176E+07   0.157881E+03
   0.364342E-02   0.946802E+07   0.946417E+07   0.120528E+06   0.105471E+06   0.911130E+07   0.946204E+07   0.946742E+07   0.946211E+07  -0.545648E+00   0.875511E+07   0.875345E+07   0.143268E+03
   0.402302E-02   0.937395E+07   0.936981E+07   0.888238E+05   0.856351E+05   0.895976E+07   0.936705E+07   0.937330E+07   0.936710E+07  -0.540168E+00   0.866737E+07   0.866572E+07   0.129126E+03
   0.444218E-02   0.926892E+07   0.926446E+07   0.837373E+05   0.694391E+05   0.879165E+07   0.926102E+07   0.926822E+07   0.926107E+07  -0.534051E+00   0.856944E+07   0.856780E+07   0.115761E+03
   0.490500E-02   0.915214E+07   0.914727E+07   0.600586E+05   0.562254E+05   0.860651E+07   0.914314E+07   0.915137E+07   0.914317E+07  -0.527252E+00   0.846057E+07   0.845894E+07   0.103996E+03
   0.541605E-02   0.902282E+07   0.901745E+07   0.501390E+05   0.454543E+05   0.840406E+07   0.901264E+07   0.902198E+07   0.901267E+07  -0.519725E+00   0.834005E+07   0.833843E+07   0.938532E+02
   0.598034E-02   0.888027E+07   0.887428E+07   0.374235E+05   0.366834E+05   0.818403E+07   0.886882E+07   0.887933E+07   0.886884E+07  -0.511430E+00   0.820724E+07   0.820563E+07   0.847390E+02
   0.660342E-02   0.872382E+07   0.871711E+07   0.309350E+05   0.295493E+05   0.794628E+07   0.871102E+07   0.872276E+07   0.871104E+07  -0.502330E+00   0.806154E+07   0.805993E+07   0.762272E+02
   0.729143E-02   0.855285E+07   0.854529E+07   0.257296E+05   0.237539E+05   0.769052E+07   0.853865E+07   0.855167E+07   0.853866E+07  -0.492389E+00   0.790237E+07   0.790077E+07   0.685988E+02
   0.805111E-02   0.836683E+07   0.835822E+07   0.207058E+05   0.190524E+05   0.741671E+07   0.835114E+07   0.836548E+07   0.835115E+07  -0.481575E+00   0.772923E+07   0.772764E+07   0.619252E+02
   0.888995E-02   0.816523E+07   0.815539E+07   0.150144E+05   0.152443E+05   0.712519E+07   0.814799E+07   0.816369E+07   0.814800E+07  -0.469860E+00   0.754165E+07   0.754006E+07   0.558840E+02
   0.981618E-02   0.794759E+07   0.793631E+07   0.121438E+05   0.121649E+05   0.681674E+07   0.792876E+07   0.794583E+07   0.792876E+07  -0.457218E+00   0.733921E+07   0.733763E+07   0.504767E+02
   0.108389E-01   0.771348E+07   0.770049E+07   0.108180E+05   0.967908E+04   0.649211E+07   0.769301E+07   0.771145E+07   0.769302E+07  -0.443623E+00   0.712152E+07   0.711994E+07   0.456988E+02
   0.119682E-01   0.746246E+07   0.744747E+07   0.766685E+04   0.767637E+04   0.615148E+07   0.744033E+07   0.746011E+07   0.744033E+07  -0.429051E+00   0.688817E+07   0.688659E+07   0.414272E+02
   0.132152E-01   0.719486E+07   0.717758E+07   0.720296E+04   0.606667E+04   0.578686E+07   0.717091E+07   0.719216E+07   0.717091E+07  -0.413515E+00   0.663938E+07   0.663779E+07   0.376494E+02
   0.145920E-01   0.690869E+07   0.688877E+07   0.471077E+04   0.477484E+04   0.541253E+07   0.688299E+07   0.690557E+07   0.688300E+07  -0.396912E+00   0.637345E+07   0.637186E+07   0.342815E+02
   0.161124E-01   0.660457E+07   0.658169E+07   0.455946E+04   0.374126E+04   0.502764E+07   0.657720E+07   0.660099E+07   0.657720E+07  -0.379278E+00   0.609097E+07   0.608936E+07   0.312782E+02
   0.177911E-01   0.628236E+07   0.625619E+07   0.331955E+04   0.291662E+04   0.463592E+07   0.625343E+07   0.627826E+07   0.625343E+07  -0.360607E+00   0.579183E+07   0.579021E+07   0.285833E+02
   0.196447E-01   0.594350E+07   0.591379E+07   0.237149E+04   0.226128E+04   0.423958E+07   0.591315E+07   0.593884E+07   0.591316E+07  -0.340985E+00   0.547739E+07   0.547575E+07   0.261390E+02
   0.216915E-01   0.558926E+07   0.555585E+07   0.195249E+04   0.174257E+04   0.384155E+07   0.555768E+07   0.558402E+07   0.555768E+07  -0.320486E+00   0.514884E+07   0.514719E+07   0.238867E+02
   0.239515E-01   0.522178E+07   0.518467E+07   0.148227E+04   0.133398E+04   0.344654E+07   0.518922E+07   0.521597E+07   0.518922E+07  -0.299239E+00   0.480821E+07   0.480655E+07   0.217682E+02
   0.264470E-01   0.484485E+07   0.480427E+07   0.102724E+04   0.101410E+04   0.306088E+07   0.481162E+07   0.483849E+07   0.481162E+07  -0.277464E+00   0.445906E+07   0.445739E+07   0.197231E+02
   0.292025E-01   0.446400E+07   0.442051E+07   0.774173E+03   0.765540E+03   0.268992E+07   0.443047E+07   0.445719E+07   0.443047E+07  -0.255485E+00   0.410654E+07   0.410489E+07   0.176980E+02
   0.322450E-01   0.408634E+07   0.404088E+07   0.602990E+03   0.574124E+03   0.233941E+07   0.405292E+07   0.407922E+07   0.405292E+07  -0.233713E+00   0.375726E+07   0.375565E+07   0.156540E+02
   0.356046E-01   0.372071E+07   0.367468E+07   0.456770E+03   0.428276E+03   0.201624E+07   0.368784E+07   0.371350E+07   0.368784E+07  -0.212661E+00   0.341945E+07   0.341791E+07   0.135655E+02
   0.393142E-01   0.337691E+07   0.333209E+07   0.360268E+03   0.318463E+03   0.172521E+07   0.334502E+07   0.336989E+07   0.334502E+07  -0.192892E+00   0.310218E+07   0.310074E+07   0.114356E+02
   0.434103E-01   0.306428E+07   0.302272E+07   0.258770E+03   0.236781E+03   0.147005E+07   0.303376E+07   0.305777E+07   0.303376E+07  -0.174943E+00   0.281406E+07   0.281277E+07   0.930393E+01
   0.477513E-01   0.279833E+07   0.276179E+07   0.184063E+03   0.178553E+03   0.125870E+07   0.276942E+07   0.279261E+07   0.276942E+07  -0.159700E+00   0.256933E+07   0.256822E+07   0.732642E+01
   0.520924E-01   0.258914E+07   0.255840E+07   0.143011E+03   0.138728E+03   0.109439E+07   0.256180E+07   0.258432E+07   0.256180E+07  -0.147727E+00   0.237712E+07   0.237618E+07   0.567361E+01
   0.564334E-01   0.241908E+07   0.239409E+07   0.113795E+03   0.110384E+03   0.962797E+06   0.239321E+07   0.241517E+07   0.239321E+07  -0.138006E+00   0.222103E+07   0.222025E+07   0.436019E+01
   0.607744E-01   0.227472E+07   0.225475E+07   0.922224E+02   0.894570E+02   0.854077E+06   0.225016E+07   0.227159E+07   0.225016E+07  -0.129757E+00   0.208858E+07   0.208792E+07   0.337947E+01
   0.651155E-01   0.214629E+07   0.213011E+07   0.757667E+02   0.734936E+02   0.761517E+06   0.212286E+07   0.214376E+07   0.212286E+07  -0.122416E+00   0.197068E+07   0.197012E+07   0.270127E+01
   0.694565E-01   0.202555E+07   0.201173E+07   0.628151E+02   0.609298E+02   0.680192E+06   0.200307E+07   0.202338E+07   0.200307E+07  -0.115508E+00   0.185972E+07   0.185921E+07   0.227502E+01
   0.737975E-01   0.190668E+07   0.189384E+07   0.523487E+02   0.507769E+02   0.606890E+06   0.188504E+07   0.190467E+07   0.188504E+07  -0.108702E+00   0.175035E+07   0.174987E+07   0.203837E+01
   0.781386E-01   0.178792E+07   0.177495E+07   0.437589E+02   0.424445E+02   0.540150E+06   0.176705E+07   0.178588E+07   0.176705E+07  -0.101898E+00   0.164097E+07   0.164049E+07   0.192689E+01
   0.824796E-01   0.167083E+07   0.165700E+07   0.366781E+02   0.355760E+02   0.479745E+06   0.165069E+07   0.166866E+07   0.165069E+07  -0.951877E-01   0.153308E+07   0.153259E+07   0.188155E+01
   0.868206E-01   0.155867E+07   0.154369E+07   0.308591E+02   0.299316E+02   0.425886E+06   0.153923E+07   0.155632E+07   0.153923E+07  -0.887603E-01   0.142971E+07   0.142920E+07   0.185415E+01
   0.911617E-01   0.145454E+07   0.143855E+07   0.261034E+02   0.253186E+02   0.378679E+06   0.143581E+07   0.145203E+07   0.143581E+07  -0.827964E-01   0.133378E+07   0.133325E+07   0.181054E+01
   0.965767E-01   0.133945E+07   0.132284E+07   0.214027E+02   0.207590E+02   0.328875E+06   0.132161E+07   0.133685E+07   0.132161E+07  -0.762112E-01   0.122783E+07   0.122731E+07   0.170600E+01
   0.101992E+00   0.124348E+07   0.122723E+07   0.178056E+02   0.172699E+02   0.288474E+06   0.122653E+07   0.124093E+07   0.122653E+07  -0.707286E-01   0.113962E+07   0.113912E+07   0.154099E+01
   0.107407E+00   0.116718E+07   0.115223E+07   0.150649E+02   0.146115E+02   0.256300E+06   0.115110E+07   0.116484E+07   0.115110E+07  -0.663788E-01   0.106962E+07   0.106917E+07   0.133342E+01
   0.112822E+00   0.110769E+07   0.109469E+07   0.129550E+02   0.125650E+02   0.230624E+06   0.109242E+07   0.110565E+07   0.109242E+07  -0.629950E-01   0.101518E+07   0.101478E+07   0.111323E+01
   0.118237E+00   0.105943E+07   0.104858E+07   0.112806E+02   0.109409E+02   0.209459E+06   0.104491E+07   0.105773E+07   0.104491E+07  -0.602550E-01   0.971091E+06   0.970748E+06   0.910748E+00
   0.123652E+00   0.101636E+07   0.100741E+07   0.989404E+01   0.959602E+01   0.191078E+06   0.100250E+07   0.101495E+07   0.100250E+07  -0.578095E-01   0.931742E+06   0.931447E+06   0.748408E+00
   0.129067E+00   0.973816E+06   0.966209E+06   0.869996E+01   0.843785E+01   0.174309E+06   0.960555E+06   0.972624E+06   0.960555E+06  -0.553908E-01   0.892815E+06   0.892553E+06   0.636555E+00
   0.134482E+00   0.929296E+06   0.922346E+06   0.764537E+01   0.741498E+01   0.158553E+06   0.916571E+06   0.928207E+06   0.916571E+06  -0.528544E-01   0.851986E+06   0.851740E+06   0.573191E+00
   0.139897E+00   0.882389E+06   0.875473E+06   0.670619E+01   0.650406E+01   0.143658E+06   0.870153E+06   0.881305E+06   0.870153E+06  -0.501777E-01   0.808888E+06   0.808644E+06   0.546871E+00
   0.145312E+00   0.834256E+06   0.826959E+06   0.587431E+01   0.569722E+01   0.129738E+06   0.822479E+06   0.833113E+06   0.822479E+06  -0.474286E-01   0.764615E+06   0.764365E+06   0.541346E+00
   0.150727E+00   0.786912E+06   0.779091E+06   0.514777E+01   0.499256E+01   0.117015E+06   0.775578E+06   0.785687E+06   0.775578E+06  -0.447240E-01   0.721055E+06   0.720795E+06   0.540441E+00
   0.156142E+00   0.742693E+06   0.734463E+06   0.452552E+01   0.438905E+01   0.105712E+06   0.731793E+06   0.741404E+06   0.731793E+06  -0.421991E-01   0.680384E+06   0.680119E+06   0.531907E+00
   0.161557E+00   0.703733E+06   0.695388E+06   0.400416E+01   0.388340E+01   0.959786E+05   0.693257E+06   0.702425E+06   0.693257E+06  -0.399769E-01   0.644586E+06   0.644324E+06   0.509449E+00
   0.166972E+00   0.671179E+06   0.663081E+06   0.357446E+01   0.346664E+01   0.878007E+05   0.661109E+06   0.669910E+06   0.661109E+06  -0.381231E-01   0.614722E+06   0.614470E+06   0.472744E+00
   0.172387E+00   0.644681E+06   0.637149E+06   0.322067E+01   0.312351E+01   0.809716E+05   0.634996E+06   0.643501E+06   0.634996E+06  -0.366173E-01   0.590464E+06   0.590230E+06   0.426003E+00
   0.177802E+00   0.622701E+06   0.615928E+06   0.292417E+01   0.283594E+01   0.751617E+05   0.613378E+06   0.621639E+06   0.613378E+06  -0.353707E-01   0.570381E+06   0.570168E+06   0.375812E+00
   0.183217E+00   0.603440E+06   0.597461E+06   0.266871E+01   0.258818E+01   0.700564E+05   0.594454E+06   0.602503E+06   0.594454E+06  -0.342794E-01   0.552801E+06   0.552609E+06   0.328967E+00
   0.188632E+00   0.585261E+06   0.579964E+06   0.244183E+01   0.236814E+01   0.654027E+05   0.576584E+06   0.584431E+06   0.576584E+06  -0.332490E-01   0.536200E+06   0.536026E+06   0.290630E+00
   0.194047E+00   0.566796E+06   0.561972E+06   0.223454E+01   0.216709E+01   0.610118E+05   0.558405E+06   0.566040E+06   0.558405E+06  -0.322006E-01   0.519310E+06   0.519147E+06   0.263266E+00
   0.199462E+00   0.547187E+06   0.542595E+06   0.204146E+01   0.197984E+01   0.567743E+05   0.539064E+06   0.546467E+06   0.539064E+06  -0.310854E-01   0.501338E+06   0.501182E+06   0.246535E+00
   0.204877E+00   0.526396E+06   0.521825E+06   0.186113E+01   0.180494E+01   0.526785E+05   0.518529E+06   0.525680E+06   0.518529E+06  -0.299012E-01   0.482255E+06   0.482100E+06   0.237950E+00
   0.210292E+00   0.505110E+06   0.500426E+06   0.169471E+01   0.164354E+01   0.487848E+05   0.497488E+06   0.504376E+06   0.497488E+06  -0.286879E-01   0.462700E+06   0.462543E+06   0.233913E+00
   0.215707E+00   0.484284E+06   0.479449E+06   0.154392E+01   0.149730E+01   0.451701E+05   0.476899E+06   0.483526E+06   0.476899E+06  -0.275006E-01   0.443564E+06   0.443405E+06   0.230772E+00
   0.221122E+00   0.464773E+06   0.459837E+06   0.140973E+01   0.136717E+01   0.418910E+05   0.457618E+06   0.463999E+06   0.457618E+06  -0.263887E-01   0.425642E+06   0.425483E+06   0.225691E+00
   0.226537E+00   0.447194E+06   0.442264E+06   0.129212E+01   0.125310E+01   0.389746E+05   0.440261E+06   0.446421E+06   0.440261E+06  -0.253878E-01   0.409508E+06   0.409351E+06   0.217165E+00
   0.231952E+00   0.431842E+06   0.427046E+06   0.119006E+01   0.115412E+01   0.364160E+05   0.425124E+06   0.431091E+06   0.425124E+06  -0.245149E-01   0.395437E+06   0.395285E+06   0.205103E+00
   0.237367E+00   0.418618E+06   0.414064E+06   0.110152E+01   0.106825E+01   0.341769E+05   0.412104E+06   0.417905E+06   0.412104E+06  -0.237641E-01   0.383334E+06   0.383189E+06   0.190532E+00
   0.242782E+00   0.407076E+06   0.402829E+06   0.102389E+01   0.992960E+00   0.321949E+05   0.400753E+06   0.406411E+06   0.400753E+06  -0.231096E-01   0.372782E+06   0.372647E+06   0.175092E+00
   0.248197E+00   0.396588E+06   0.392659E+06   0.954461E+00   0.925629E+00   0.304006E+05   0.390446E+06   0.395973E+06   0.390446E+06  -0.225152E-01   0.363201E+06   0.363074E+06   0.160488E+00
   0.253612E+00   0.386515E+06   0.382864E+06   0.890916E+00   0.864002E+00   0.287313E+05   0.380543E+06   0.385943E+06   0.380543E+06  -0.219441E-01   0.353995E+06   0.353875E+06   0.148036E+00
   0.259027E+00   0.376344E+06   0.372896E+06   0.831557E+00   0.806434E+00   0.271408E+05   0.370533E+06   0.375804E+06   0.370533E+06  -0.213669E-01   0.344689E+06   0.344574E+06   0.138407E+00
   0.264443E+00   0.365816E+06   0.362487E+06   0.775482E+00   0.752051E+00   0.256058E+05   0.360159E+06   0.365294E+06   0.360159E+06  -0.207687E-01   0.335044E+06   0.334933E+06   0.131582E+00
   0.269858E+00   0.354967E+06   0.351683E+06   0.722517E+00   0.700686E+00   0.241262E+05   0.349458E+06   0.354452E+06   0.349458E+06  -0.201517E-01   0.325095E+06   0.324986E+06   0.126982E+00
   0.275273E+00   0.344034E+06   0.340747E+06   0.672905E+00   0.652572E+00   0.227148E+05   0.338669E+06   0.343519E+06   0.338669E+06  -0.195295E-01   0.315064E+06   0.314955E+06   0.123710E+00
   0.280688E+00   0.333319E+06   0.330013E+06   0.626956E+00   0.608011E+00   0.213875E+05   0.328093E+06   0.332801E+06   0.328093E+06  -0.189196E-01   0.305230E+06   0.305121E+06   0.120819E+00
   0.286103E+00   0.323107E+06   0.319798E+06   0.584893E+00   0.567217E+00   0.201568E+05   0.318016E+06   0.322588E+06   0.318016E+06  -0.183385E-01   0.295860E+06   0.295753E+06   0.117546E+00
   0.291518E+00   0.313640E+06   0.310362E+06   0.546808E+00   0.530283E+00   0.190313E+05   0.308681E+06   0.313127E+06   0.308681E+06  -0.178002E-01   0.287179E+06   0.287073E+06   0.113465E+00
   0.296933E+00   0.305053E+06   0.301848E+06   0.512581E+00   0.497090E+00   0.180116E+05   0.300218E+06   0.304550E+06   0.300218E+06  -0.173122E-01   0.279310E+06   0.279207E+06   0.108512E+00
   0.302348E+00   0.297314E+06   0.294221E+06   0.481825E+00   0.467263E+00   0.170889E+05   0.292600E+06   0.296829E+06   0.292600E+06  -0.168729E-01   0.272225E+06   0.272126E+06   0.102921E+00
   0.307763E+00   0.290251E+06   0.287293E+06   0.453966E+00   0.440244E+00   0.162465E+05   0.285652E+06   0.289788E+06   0.285652E+06  -0.164723E-01   0.265764E+06   0.265669E+06   0.971019E-01
   0.313178E+00   0.283636E+06   0.280817E+06   0.428408E+00   0.415458E+00   0.154667E+05   0.279147E+06   0.283195E+06   0.279147E+06  -0.160971E-01   0.259715E+06   0.259623E+06   0.915035E-01
   0.318593E+00   0.277259E+06   0.274566E+06   0.404657E+00   0.392425E+00   0.147340E+05   0.272874E+06   0.276837E+06   0.272874E+06  -0.157354E-01   0.253881E+06   0.253794E+06   0.864957E-01
   0.324008E+00   0.270958E+06   0.268368E+06   0.382345E+00   0.370787E+00   0.140372E+05   0.266674E+06   0.270552E+06   0.266674E+06  -0.153779E-01   0.248115E+06   0.248030E+06   0.822873E-01
   0.329423E+00   0.264632E+06   0.262114E+06   0.361229E+00   0.350309E+00   0.133691E+05   0.260445E+06   0.264238E+06   0.260445E+06  -0.150187E-01   0.242322E+06   0.242239E+06   0.789004E-01
   0.334838E+00   0.258256E+06   0.255783E+06   0.341197E+00   0.330882E+00   0.127270E+05   0.254162E+06   0.257869E+06   0.254162E+06  -0.146564E-01   0.236479E+06   0.236398E+06   0.761995E-01
   0.340253E+00   0.251890E+06   0.249444E+06   0.322258E+00   0.312515E+00   0.121125E+05   0.247888E+06   0.251507E+06   0.247888E+06  -0.142945E-01   0.230643E+06   0.230563E+06   0.739531E-01
   0.345668E+00   0.245650E+06   0.243223E+06   0.304484E+00   0.295278E+00   0.115296E+05   0.241736E+06   0.245269E+06   0.241736E+06  -0.139398E-01   0.224921E+06   0.224842E+06   0.719061E-01
   0.351083E+00   0.239650E+06   0.237245E+06   0.287936E+00   0.279231E+00   0.109821E+05   0.235822E+06   0.239273E+06   0.235822E+06  -0.135988E-01   0.219421E+06   0.219343E+06   0.698410E-01
   0.356498E+00   0.233968E+06   0.231596E+06   0.272619E+00   0.264377E+00   0.104714E+05   0.230223E+06   0.233596E+06   0.230223E+06  -0.132759E-01   0.214214E+06   0.214137E+06   0.676198E-01
   0.361913E+00   0.228634E+06   0.226307E+06   0.258481E+00   0.250666E+00   0.999664E+04   0.224970E+06   0.228270E+06   0.224970E+06  -0.129730E-01   0.209327E+06   0.209252E+06   0.652010E-01
   0.367328E+00   0.223643E+06   0.221374E+06   0.245431E+00   0.238010E+00   0.955565E+04   0.220056E+06   0.223287E+06   0.220056E+06  -0.126896E-01   0.204757E+06   0.204684E+06   0.626304E-01
   0.372743E+00   0.218958E+06   0.216755E+06   0.233354E+00   0.226298E+00   0.914489E+04   0.215446E+06   0.218612E+06   0.215446E+06  -0.124238E-01   0.200469E+06   0.200397E+06   0.600113E-01
   0.378158E+00   0.214512E+06   0.212378E+06   0.222112E+00   0.215396E+00   0.875991E+04   0.211072E+06   0.214177E+06   0.211072E+06  -0.121715E-01   0.196400E+06   0.196331E+06   0.574650E-01
   0.383573E+00   0.210223E+06   0.208155E+06   0.211566E+00   0.205169E+00   0.839597E+04   0.206853E+06   0.209899E+06   0.206853E+06  -0.119282E-01   0.192476E+06   0.192408E+06   0.550964E-01
   0.388988E+00   0.206022E+06   0.204011E+06   0.201603E+00   0.195506E+00   0.804920E+04   0.202719E+06   0.205707E+06   0.202719E+06  -0.116899E-01   0.188630E+06   0.188565E+06   0.529714E-01
   0.394403E+00   0.201870E+06   0.199905E+06   0.192147E+00   0.186337E+00   0.771726E+04   0.198631E+06   0.201562E+06   0.198631E+06  -0.114541E-01   0.184828E+06   0.184764E+06   0.511075E-01
   0.399818E+00   0.197757E+06   0.195830E+06   0.183163E+00   0.177624E+00   0.739910E+04   0.194582E+06   0.197455E+06   0.194582E+06  -0.112206E-01   0.181062E+06   0.180998E+06   0.494775E-01
   0.405233E+00   0.193698E+06   0.191800E+06   0.174635E+00   0.169354E+00   0.709455E+04   0.190584E+06   0.193401E+06   0.190584E+06  -0.109901E-01   0.177343E+06   0.177281E+06   0.480223E-01
   0.410648E+00   0.189719E+06   0.187847E+06   0.166560E+00   0.161522E+00   0.680397E+04   0.186665E+06   0.189426E+06   0.186665E+06  -0.107641E-01   0.173697E+06   0.173636E+06   0.466706E-01
   0.416063E+00   0.185854E+06   0.184006E+06   0.158940E+00   0.154134E+00   0.652788E+04   0.182857E+06   0.185564E+06   0.182857E+06  -0.105446E-01   0.170155E+06   0.170095E+06   0.453571E-01
   0.421478E+00   0.182133E+06   0.180313E+06   0.151777E+00   0.147186E+00   0.626664E+04   0.179193E+06   0.181848E+06   0.179193E+06  -0.103332E-01   0.166746E+06   0.166687E+06   0.440365E-01
   0.426893E+00   0.178574E+06   0.176786E+06   0.145056E+00   0.140669E+00   0.602014E+04   0.175690E+06   0.178294E+06   0.175690E+06  -0.101312E-01   0.163487E+06   0.163429E+06   0.426894E-01
   0.432308E+00   0.175179E+06   0.173425E+06   0.138752E+00   0.134556E+00   0.578767E+04   0.172347E+06   0.174904E+06   0.172347E+06  -0.993848E-02   0.160378E+06   0.160321E+06   0.413203E-01
   0.437723E+00   0.171931E+06   0.170215E+06   0.132829E+00   0.128812E+00   0.556805E+04   0.169151E+06   0.171662E+06   0.169151E+06  -0.975418E-02   0.157405E+06   0.157349E+06   0.399516E-01
   0.443138E+00   0.168808E+06   0.167131E+06   0.127246E+00   0.123397E+00   0.535986E+04   0.166078E+06   0.168545E+06   0.166078E+06  -0.957695E-02   0.154545E+06   0.154491E+06   0.386146E-01
   0.448553E+00   0.165783E+06   0.164144E+06   0.121966E+00   0.118277E+00   0.516180E+04   0.163102E+06   0.165526E+06   0.163102E+06  -0.940534E-02   0.151777E+06   0.151724E+06   0.373395E-01
   0.453968E+00   0.162837E+06   0.161233E+06   0.116955E+00   0.113418E+00   0.497274E+04   0.160203E+06   0.162585E+06   0.160203E+06  -0.923815E-02   0.149080E+06   0.149027E+06   0.361481E-01
   0.459383E+00   0.159951E+06   0.158379E+06   0.112188E+00   0.108795E+00   0.479176E+04   0.157363E+06   0.159705E+06   0.157363E+06  -0.907440E-02   0.146438E+06   0.146387E+06   0.350486E-01
   0.464798E+00   0.157116E+06   0.155571E+06   0.107645E+00   0.104389E+00   0.461817E+04   0.154572E+06   0.156874E+06   0.154572E+06  -0.891347E-02   0.143842E+06   0.143791E+06   0.340364E-01
   0.470213E+00   0.154330E+06   0.152810E+06   0.103312E+00   0.100187E+00   0.445163E+04   0.151829E+06   0.154091E+06   0.151829E+06  -0.875529E-02   0.141290E+06   0.141240E+06   0.330971E-01
   0.475629E+00   0.151601E+06   0.150104E+06   0.991853E-01   0.961851E-01   0.429208E+04   0.149142E+06   0.151366E+06   0.149142E+06  -0.860036E-02   0.138790E+06   0.138741E+06   0.322113E-01
   0.481044E+00   0.148941E+06   0.147466E+06   0.952616E-01   0.923801E-01   0.413956E+04   0.146524E+06   0.148710E+06   0.146524E+06  -0.844938E-02   0.136354E+06   0.136306E+06   0.313597E-01
   0.486459E+00   0.146359E+06   0.144906E+06   0.915357E-01   0.887668E-01   0.399399E+04   0.143982E+06   0.146131E+06   0.143982E+06  -0.830281E-02   0.133989E+06   0.133942E+06   0.305266E-01
   0.491874E+00   0.143857E+06   0.142427E+06   0.879993E-01   0.853373E-01   0.385514E+04   0.141520E+06   0.143633E+06   0.141520E+06  -0.816081E-02   0.131698E+06   0.131652E+06   0.297029E-01
   0.497289E+00   0.141437E+06   0.140030E+06   0.846434E-01   0.820829E-01   0.372276E+04   0.139138E+06   0.141217E+06   0.139138E+06  -0.802345E-02   0.129482E+06   0.129436E+06   0.288868E-01
   0.502704E+00   0.139098E+06   0.137716E+06   0.814584E-01   0.789942E-01   0.359654E+04   0.136836E+06   0.138881E+06   0.136836E+06  -0.789069E-02   0.127340E+06   0.127295E+06   0.280827E-01
   0.508119E+00   0.136833E+06   0.135476E+06   0.784323E-01   0.760596E-01   0.347608E+04   0.134607E+06   0.136620E+06   0.134607E+06  -0.776219E-02   0.125267E+06   0.125223E+06   0.272979E-01
   0.513534E+00   0.134633E+06   0.133300E+06   0.755512E-01   0.732656E-01   0.336086E+04   0.132442E+06   0.134424E+06   0.132442E+06  -0.763733E-02   0.123252E+06   0.123209E+06   0.265402E-01
   0.518949E+00   0.132486E+06   0.131176E+06   0.728022E-01   0.705998E-01   0.325041E+04   0.130330E+06   0.132281E+06   0.130330E+06  -0.751553E-02   0.121287E+06   0.121244E+06   0.258160E-01
   0.524364E+00   0.130387E+06   0.129099E+06   0.701755E-01   0.680525E-01   0.314437E+04   0.128264E+06   0.130185E+06   0.128264E+06  -0.739641E-02   0.119365E+06   0.119323E+06   0.251285E-01
   0.529779E+00   0.128332E+06   0.127065E+06   0.676638E-01   0.656168E-01   0.304249E+04   0.126242E+06   0.128133E+06   0.126242E+06  -0.727980E-02   0.117484E+06   0.117442E+06   0.244778E-01
   0.535194E+00   0.126319E+06   0.125072E+06   0.652607E-01   0.632864E-01   0.294458E+04   0.124261E+06   0.126124E+06   0.124261E+06  -0.716558E-02   0.115641E+06   0.115600E+06   0.238604E-01
   0.540609E+00   0.124348E+06   0.123119E+06   0.629608E-01   0.610561E-01   0.285044E+04   0.122321E+06   0.124155E+06   0.122321E+06  -0.705370E-02   0.113836E+06   0.113796E+06   0.232709E-01
   0.546024E+00   0.122419E+06   0.121208E+06   0.607602E-01   0.589220E-01   0.275997E+04   0.120423E+06   0.122230E+06   0.120423E+06  -0.694426E-02   0.112070E+06   0.112030E+06   0.227035E-01
   0.551439E+00   0.120537E+06   0.119344E+06   0.586560E-01   0.568815E-01   0.267310E+04   0.118571E+06   0.120350E+06   0.118571E+06  -0.683746E-02   0.110346E+06   0.110307E+06   0.221531E-01
   0.556854E+00   0.118705E+06   0.117528E+06   0.566455E-01   0.549317E-01   0.258977E+04   0.116768E+06   0.118520E+06   0.116768E+06  -0.673346E-02   0.108668E+06   0.108630E+06   0.216162E-01
   0.562269E+00   0.116920E+06   0.115761E+06   0.547238E-01   0.530682E-01   0.250981E+04   0.115012E+06   0.116739E+06   0.115012E+06  -0.663221E-02   0.107035E+06   0.106997E+06   0.210909E-01
   0.567684E+00   0.115183E+06   0.114041E+06   0.528862E-01   0.512861E-01   0.243304E+04   0.113302E+06   0.115004E+06   0.113302E+06  -0.653359E-02   0.105443E+06   0.105406E+06   0.205772E-01
   0.573099E+00   0.113489E+06   0.112364E+06   0.511278E-01   0.495809E-01   0.235931E+04   0.111635E+06   0.113312E+06   0.111635E+06  -0.643748E-02   0.103893E+06   0.103856E+06   0.200764E-01
   0.578514E+00   0.111837E+06   0.110729E+06   0.494443E-01   0.479484E-01   0.228845E+04   0.110010E+06   0.111663E+06   0.110010E+06  -0.634375E-02   0.102380E+06   0.102344E+06   0.195904E-01
   0.629782E+00   0.978730E+05   0.969039E+05   0.365089E-01   0.354043E-01   0.173410E+04   0.962700E+05   0.977211E+05   0.962700E+05  -0.555145E-02   0.895955E+05   0.895638E+05   0.157633E-01
   0.769218E+00   0.712140E+05   0.705096E+05   0.178035E-01   0.172647E-01   0.892215E+03   0.700421E+05   0.711036E+05   0.700421E+05  -0.403901E-02   0.651889E+05   0.651658E+05   0.940932E-02
   0.939525E+00   0.515609E+05   0.510509E+05   0.863937E-02   0.837790E-02   0.452392E+03   0.507095E+05   0.514810E+05   0.507095E+05  -0.292418E-02   0.471973E+05   0.471806E+05   0.559966E-02
   0.114754E+01   0.371663E+05   0.367987E+05   0.417399E-02   0.404765E-02   0.226375E+03   0.365511E+05   0.371087E+05   0.365511E+05  -0.210773E-02   0.340203E+05   0.340082E+05   0.332501E-02
   0.140161E+01   0.266818E+05   0.264180E+05   0.200849E-02   0.194770E-02   0.111954E+03   0.262394E+05   0.266405E+05   0.262394E+05  -0.151311E-02   0.244230E+05   0.244142E+05   0.197253E-02
   0.171193E+01   0.190840E+05   0.188953E+05   0.962910E-03   0.933763E-03   0.548029E+02   0.187672E+05   0.190545E+05   0.187672E+05  -0.108222E-02   0.174683E+05   0.174619E+05   0.117117E-02
   0.209095E+01   0.136037E+05   0.134691E+05   0.460088E-03   0.446160E-03   0.265942E+02   0.133777E+05   0.135826E+05   0.133777E+05  -0.771430E-03   0.124519E+05   0.124472E+05   0.697595E-03
   0.255389E+01   0.966714E+04   0.957141E+04   0.219155E-03   0.212521E-03   0.128113E+02   0.950641E+04   0.965214E+04   0.950641E+04  -0.548191E-03   0.884857E+04   0.884517E+04   0.418133E-03
   0.311933E+01   0.685029E+04   0.678238E+04   0.104096E-03   0.100945E-03   0.613451E+01   0.673634E+04   0.683965E+04   0.673634E+04  -0.388454E-03   0.627022E+04   0.626770E+04   0.253224E-03
   0.380996E+01   0.484152E+04   0.479344E+04   0.493154E-04   0.478226E-04   0.292275E+01   0.476094E+04   0.483398E+04   0.476094E+04  -0.274542E-03   0.443153E+04   0.442964E+04   0.155721E-03
   0.465350E+01   0.341358E+04   0.337959E+04   0.233070E-04   0.226015E-04   0.138678E+01   0.335675E+04   0.340826E+04   0.335675E+04  -0.193568E-03   0.312451E+04   0.312306E+04   0.978144E-04
   0.568379E+01   0.240144E+04   0.237743E+04   0.109906E-04   0.106579E-04   0.655731E+00   0.236144E+04   0.239768E+04   0.236144E+04  -0.136173E-03   0.219807E+04   0.219693E+04   0.631489E-04
   0.694221E+01   0.168593E+04   0.166897E+04   0.517200E-05   0.501546E-05   0.309151E+00   0.165783E+04   0.168327E+04   0.165783E+04  -0.955994E-04   0.154314E+04   0.154221E+04   0.421381E-04
   0.847923E+01   0.118135E+04   0.116936E+04   0.242920E-05   0.235569E-05   0.145389E+00   0.116164E+04   0.117947E+04   0.116164E+04  -0.669866E-04   0.108129E+04   0.108050E+04   0.291735E-04
   0.103566E+02   0.826319E+03   0.817819E+03   0.113891E-05   0.110445E-05   0.682242E-01   0.812515E+03   0.824987E+03   0.812515E+03  -0.468540E-04   0.756322E+03   0.755630E+03   0.209776E-04
   0.126495E+02   0.577029E+03   0.570975E+03   0.533075E-06   0.516947E-06   0.319524E-01   0.567371E+03   0.576080E+03   0.567371E+03  -0.327177E-04   0.528141E+03   0.527510E+03   0.156353E-04
   0.154502E+02   0.402323E+03   0.397980E+03   0.249113E-06   0.241578E-06   0.149387E-01   0.395570E+03   0.401642E+03   0.395570E+03  -0.228107E-04   0.368228E+03   0.367635E+03   0.120256E-04
   0.188709E+02   0.280104E+03   0.276953E+03   0.116237E-06   0.112723E-06   0.697301E-02   0.275383E+03   0.279610E+03   0.275383E+03  -0.158801E-04   0.256357E+03   0.255786E+03   0.948980E-05
   0.230489E+02   0.194745E+03   0.192422E+03   0.541575E-07   0.525215E-07   0.324997E-02   0.191442E+03   0.194381E+03   0.191442E+03  -0.110396E-04   0.178225E+03   0.177664E+03   0.763773E-05
   0.281520E+02   0.135221E+03   0.133472E+03   0.251969E-07   0.244366E-07   0.151260E-02   0.132907E+03   0.134947E+03   0.132907E+03  -0.766412E-05   0.123741E+03   0.123182E+03   0.623584E-05
   0.343849E+02   0.937724E+02   0.924183E+02   0.117059E-07   0.113532E-07   0.703034E-03   0.921457E+02   0.935602E+02   0.921457E+02  -0.531362E-05   0.858015E+02   0.852380E+02   0.514180E-05
   0.419979E+02   0.649487E+02   0.638653E+02   0.543004E-08   0.526683E-08   0.326314E-03   0.637996E+02   0.647789E+02   0.637996E+02  -0.367903E-05   0.594176E+02   0.588465E+02   0.426675E-05
   0.512963E+02   0.449295E+02   0.440303E+02   0.251466E-08   0.243934E-08   0.151237E-03   0.441114E+02   0.447886E+02   0.441114E+02  -0.254370E-05   0.410927E+02   0.405117E+02   0.355349E-05
   0.626535E+02   0.310416E+02   0.302667E+02   0.116234E-08   0.112771E-08   0.699910E-04   0.304527E+02   0.309202E+02   0.304527E+02  -0.175607E-05   0.283799E+02   0.277881E+02   0.296373E-05
   0.765251E+02   0.214177E+02   0.207259E+02   0.536035E-09   0.520190E-09   0.323353E-04   0.209871E+02   0.213093E+02   0.209871E+02  -0.121023E-05   0.195701E+02   0.189675E+02   0.247072E-05
   0.934680E+02   0.147554E+02   0.141189E+02   0.246491E-09   0.239291E-09   0.149080E-04   0.144341E+02   0.146557E+02   0.144341E+02  -0.832349E-06   0.134712E+02   0.128590E+02   0.205496E-05
   0.114162E+03   0.101478E+02   0.954836E+01   0.112920E-09   0.109679E-09   0.685609E-05   0.990189E+01   0.100539E+02   0.990189E+01  -0.570997E-06   0.925315E+01   0.863397E+01   0.170164E-05
