#          k/h    CDM            baryon         photon         nu             mass_nu        total          no_nu          total_de       Weyl           v_CDM          v_b            v_b-v_c     
   0.105184E-04   0.745731E+07   0.745731E+07   0.994133E+07   0.994126E+07   0.745801E+07   0.745732E+07   0.745731E+07   0.746569E+07  -0.594039E+00   0.722900E+07   0.722900E+07   0.111929E+02
   0.116143E-04   0.745731E+07   0.745730E+07   0.994095E+07   0.994086E+07   0.745801E+07   0.745732E+07   0.745731E+07   0.746569E+07  -0.594039E+00   0.722900E+07   0.722900E+07   0.123589E+02
   0.128244E-04   0.745730E+07   0.745730E+07   0.994048E+07   0.994037E+07   0.745800E+07   0.745731E+07   0.745730E+07   0.746569E+07  -0.594038E+00   0.722900E+07   0.722900E+07   0.136463E+02
   0.141606E-04   0.745730E+07   0.745730E+07   0.993991E+07   0.993978E+07   0.745800E+07   0.745731E+07   0.745730E+07   0.746568E+07  -0.594038E+00   0.722900E+07   0.722900E+07   0.150677E+02
   0.156360E-04   0.745730E+07   0.745730E+07   0.993921E+07   0.993906E+07   0.745799E+07   0.745731E+07   0.745730E+07   0.746568E+07  -0.594038E+00   0.722900E+07   0.722899E+07   0.166372E+02
   0.172651E-04   0.745730E+07   0.745729E+07   0.993836E+07   0.993817E+07   0.745799E+07   0.745730E+07   0.745729E+07   0.746568E+07  -0.594037E+00   0.722899E+07   0.722899E+07   0.183699E+02
   0.190639E-04   0.745729E+07   0.745729E+07   0.993732E+07   0.993709E+07   0.745798E+07   0.745730E+07   0.745729E+07   0.746567E+07  -0.594037E+00   0.722899E+07   0.722899E+07   0.202830E+02
   0.210501E-04   0.745728E+07   0.745728E+07   0.993606E+07   0.993578E+07   0.745798E+07   0.745730E+07   0.745728E+07   0.746566E+07  -0.594036E+00   0.722898E+07   0.722898E+07   0.223951E+02
   0.232433E-04   0.745728E+07   0.745728E+07   0.993452E+07   0.993418E+07   0.745797E+07   0.745729E+07   0.745728E+07   0.746566E+07  -0.594036E+00   0.722898E+07   0.722897E+07   0.247268E+02
   0.256650E-04   0.745727E+07   0.745727E+07   0.993264E+07   0.993223E+07   0.745795E+07   0.745728E+07   0.745727E+07   0.746564E+07  -0.594035E+00   0.722897E+07   0.722897E+07   0.273010E+02
   0.283390E-04   0.745726E+07   0.745726E+07   0.993036E+07   0.992985E+07   0.745794E+07   0.745727E+07   0.745726E+07   0.746563E+07  -0.594034E+00   0.722896E+07   0.722896E+07   0.301426E+02
   0.312916E-04   0.745725E+07   0.745725E+07   0.992757E+07   0.992695E+07   0.745792E+07   0.745726E+07   0.745725E+07   0.746562E+07  -0.594033E+00   0.722895E+07   0.722894E+07   0.332793E+02
   0.345519E-04   0.745723E+07   0.745723E+07   0.992417E+07   0.992342E+07   0.745790E+07   0.745724E+07   0.745723E+07   0.746560E+07  -0.594031E+00   0.722893E+07   0.722893E+07   0.367415E+02
   0.381518E-04   0.745722E+07   0.745721E+07   0.992003E+07   0.991911E+07   0.745788E+07   0.745723E+07   0.745722E+07   0.746558E+07  -0.594029E+00   0.722892E+07   0.722891E+07   0.405627E+02
   0.421268E-04   0.745719E+07   0.745719E+07   0.991498E+07   0.991386E+07   0.745784E+07   0.745720E+07   0.745719E+07   0.746555E+07  -0.594027E+00   0.722890E+07   0.722889E+07   0.447795E+02
   0.465159E-04   0.745717E+07   0.745716E+07   0.990883E+07   0.990746E+07   0.745781E+07   0.745718E+07   0.745717E+07   0.746552E+07  -0.594025E+00   0.722887E+07   0.722886E+07   0.494325E+02
   0.513623E-04   0.745714E+07   0.745713E+07   0.990133E+07   0.989967E+07   0.745776E+07   0.745714E+07   0.745714E+07   0.746548E+07  -0.594021E+00   0.722884E+07   0.722883E+07   0.545660E+02
   0.567137E-04   0.745710E+07   0.745709E+07   0.989220E+07   0.989017E+07   0.745770E+07   0.745710E+07   0.745710E+07   0.746544E+07  -0.594017E+00   0.722880E+07   0.722879E+07   0.602284E+02
   0.626227E-04   0.745705E+07   0.745704E+07   0.988108E+07   0.987861E+07   0.745763E+07   0.745706E+07   0.745705E+07   0.746538E+07  -0.594013E+00   0.722875E+07   0.722874E+07   0.664730E+02
   0.691473E-04   0.745699E+07   0.745698E+07   0.986753E+07   0.986452E+07   0.745755E+07   0.745700E+07   0.745699E+07   0.746531E+07  -0.594007E+00   0.722870E+07   0.722868E+07   0.733577E+02
   0.763516E-04   0.745692E+07   0.745690E+07   0.985104E+07   0.984738E+07   0.745744E+07   0.745693E+07   0.745692E+07   0.746522E+07  -0.594000E+00   0.722863E+07   0.722861E+07   0.809454E+02
   0.843066E-04   0.745683E+07   0.745682E+07   0.983097E+07   0.982651E+07   0.745732E+07   0.745684E+07   0.745683E+07   0.746512E+07  -0.593991E+00   0.722855E+07   0.722853E+07   0.893047E+02
   0.930904E-04   0.745673E+07   0.745671E+07   0.980656E+07   0.980113E+07   0.745716E+07   0.745673E+07   0.745672E+07   0.746499E+07  -0.593980E+00   0.722844E+07   0.722842E+07   0.985092E+02
   0.102789E-03   0.745660E+07   0.745657E+07   0.977687E+07   0.977026E+07   0.745698E+07   0.745660E+07   0.745660E+07   0.746483E+07  -0.593967E+00   0.722832E+07   0.722829E+07   0.108638E+03
   0.113499E-03   0.745644E+07   0.745641E+07   0.974079E+07   0.973276E+07   0.745675E+07   0.745644E+07   0.745644E+07   0.746464E+07  -0.593951E+00   0.722817E+07   0.722813E+07   0.119776E+03
   0.125324E-03   0.745625E+07   0.745621E+07   0.969697E+07   0.968721E+07   0.745647E+07   0.745625E+07   0.745625E+07   0.746441E+07  -0.593932E+00   0.722799E+07   0.722794E+07   0.132013E+03
   0.138382E-03   0.745602E+07   0.745597E+07   0.964380E+07   0.963195E+07   0.745613E+07   0.745602E+07   0.745601E+07   0.746413E+07  -0.593909E+00   0.722776E+07   0.722770E+07   0.145441E+03
   0.152799E-03   0.745574E+07   0.745568E+07   0.957935E+07   0.956498E+07   0.745572E+07   0.745573E+07   0.745573E+07   0.746379E+07  -0.593880E+00   0.722749E+07   0.722742E+07   0.160157E+03
   0.168719E-03   0.745539E+07   0.745532E+07   0.950133E+07   0.948392E+07   0.745521E+07   0.745538E+07   0.745538E+07   0.746338E+07  -0.593846E+00   0.722715E+07   0.722707E+07   0.176256E+03
   0.186298E-03   0.745497E+07   0.745489E+07   0.940704E+07   0.938596E+07   0.745460E+07   0.745495E+07   0.745496E+07   0.746287E+07  -0.593803E+00   0.722675E+07   0.722665E+07   0.193833E+03
   0.205708E-03   0.745446E+07   0.745436E+07   0.929330E+07   0.926783E+07   0.745386E+07   0.745444E+07   0.745445E+07   0.746226E+07  -0.593752E+00   0.722626E+07   0.722613E+07   0.212974E+03
   0.227141E-03   0.745384E+07   0.745371E+07   0.915641E+07   0.912570E+07   0.745295E+07   0.745381E+07   0.745382E+07   0.746151E+07  -0.593690E+00   0.722566E+07   0.722550E+07   0.233753E+03
   0.250806E-03   0.745309E+07   0.745293E+07   0.899214E+07   0.895520E+07   0.745184E+07   0.745304E+07   0.745306E+07   0.746061E+07  -0.593614E+00   0.722492E+07   0.722474E+07   0.256224E+03
   0.276938E-03   0.745217E+07   0.745198E+07   0.879572E+07   0.875142E+07   0.745050E+07   0.745211E+07   0.745214E+07   0.745951E+07  -0.593522E+00   0.722403E+07   0.722381E+07   0.280409E+03
   0.305791E-03   0.745105E+07   0.745082E+07   0.856185E+07   0.850891E+07   0.744886E+07   0.745098E+07   0.745101E+07   0.745818E+07  -0.593411E+00   0.722295E+07   0.722269E+07   0.306282E+03
   0.337651E-03   0.744970E+07   0.744942E+07   0.828488E+07   0.822190E+07   0.744687E+07   0.744961E+07   0.744965E+07   0.745657E+07  -0.593277E+00   0.722164E+07   0.722132E+07   0.333758E+03
   0.372831E-03   0.744805E+07   0.744772E+07   0.795898E+07   0.788446E+07   0.744445E+07   0.744795E+07   0.744800E+07   0.745463E+07  -0.593115E+00   0.722005E+07   0.721966E+07   0.362664E+03
   0.411676E-03   0.744606E+07   0.744566E+07   0.757859E+07   0.749098E+07   0.744152E+07   0.744593E+07   0.744600E+07   0.745229E+07  -0.592919E+00   0.721811E+07   0.721766E+07   0.392715E+03
   0.454568E-03   0.744365E+07   0.744317E+07   0.713893E+07   0.703678E+07   0.743797E+07   0.744349E+07   0.744358E+07   0.744948E+07  -0.592684E+00   0.721577E+07   0.721523E+07   0.423483E+03
   0.501929E-03   0.744074E+07   0.744016E+07   0.663696E+07   0.651901E+07   0.743366E+07   0.744054E+07   0.744065E+07   0.744610E+07  -0.592401E+00   0.721294E+07   0.721230E+07   0.454365E+03
   0.554224E-03   0.743723E+07   0.743654E+07   0.607243E+07   0.593788E+07   0.742846E+07   0.743699E+07   0.743712E+07   0.744207E+07  -0.592064E+00   0.720953E+07   0.720876E+07   0.484549E+03
   0.611968E-03   0.743301E+07   0.743220E+07   0.544941E+07   0.529818E+07   0.742217E+07   0.743272E+07   0.743288E+07   0.743727E+07  -0.591662E+00   0.720541E+07   0.720452E+07   0.512988E+03
   0.675728E-03   0.742794E+07   0.742699E+07   0.477785E+07   0.461090E+07   0.741460E+07   0.742759E+07   0.742779E+07   0.743157E+07  -0.591185E+00   0.720046E+07   0.719943E+07   0.538392E+03
   0.746132E-03   0.742188E+07   0.742076E+07   0.407513E+07   0.389486E+07   0.740549E+07   0.742146E+07   0.742170E+07   0.742484E+07  -0.590622E+00   0.719452E+07   0.719334E+07   0.559246E+03
   0.823870E-03   0.741464E+07   0.741336E+07   0.336697E+07   0.317750E+07   0.739455E+07   0.741414E+07   0.741444E+07   0.741693E+07  -0.589961E+00   0.718743E+07   0.718609E+07   0.573885E+03
   0.909708E-03   0.740605E+07   0.740459E+07   0.268691E+07   0.249423E+07   0.738148E+07   0.740546E+07   0.740582E+07   0.740767E+07  -0.589189E+00   0.717899E+07   0.717750E+07   0.580622E+03
   0.100449E-02   0.739589E+07   0.739424E+07   0.207341E+07   0.188510E+07   0.736588E+07   0.739518E+07   0.739563E+07   0.739688E+07  -0.588291E+00   0.716899E+07   0.716735E+07   0.577971E+03
   0.110915E-02   0.738393E+07   0.738209E+07   0.156342E+07   0.138799E+07   0.734733E+07   0.738309E+07   0.738364E+07   0.738436E+07  -0.587254E+00   0.715720E+07   0.715543E+07   0.564946E+03
   0.122471E-02   0.736991E+07   0.736790E+07   0.118271E+07   0.102818E+07   0.732536E+07   0.736893E+07   0.736959E+07   0.736988E+07  -0.586062E+00   0.714337E+07   0.714149E+07   0.541394E+03
   0.135231E-02   0.735356E+07   0.735140E+07   0.934621E+06   0.806814E+06   0.729934E+07   0.735241E+07   0.735322E+07   0.735316E+07  -0.584693E+00   0.712723E+07   0.712528E+07   0.508292E+03
   0.149320E-02   0.733459E+07   0.733231E+07   0.792558E+06   0.693571E+06   0.726872E+07   0.733324E+07   0.733423E+07   0.733388E+07  -0.583128E+00   0.710850E+07   0.710652E+07   0.467856E+03
   0.164878E-02   0.731266E+07   0.731030E+07   0.703977E+06   0.631738E+06   0.723291E+07   0.731109E+07   0.731229E+07   0.731167E+07  -0.581337E+00   0.708689E+07   0.708491E+07   0.423309E+03
   0.182056E-02   0.728743E+07   0.728502E+07   0.611746E+06   0.561415E+06   0.719116E+07   0.728560E+07   0.728705E+07   0.728611E+07  -0.579289E+00   0.706205E+07   0.706010E+07   0.378262E+03
   0.201024E-02   0.725850E+07   0.725606E+07   0.487645E+06   0.454290E+06   0.714266E+07   0.725637E+07   0.725811E+07   0.725677E+07  -0.576947E+00   0.703362E+07   0.703171E+07   0.335849E+03
   0.221969E-02   0.722541E+07   0.722294E+07   0.353844E+06   0.334108E+06   0.708653E+07   0.722293E+07   0.722502E+07   0.722322E+07  -0.574272E+00   0.700116E+07   0.699928E+07   0.298051E+03
   0.245096E-02   0.718770E+07   0.718517E+07   0.260762E+06   0.251350E+06   0.702185E+07   0.718480E+07   0.718730E+07   0.718502E+07  -0.571225E+00   0.696418E+07   0.696234E+07   0.265624E+03
   0.270632E-02   0.714484E+07   0.714220E+07   0.225393E+06   0.217345E+06   0.694767E+07   0.714145E+07   0.714442E+07   0.714164E+07  -0.567766E+00   0.692217E+07   0.692034E+07   0.238543E+03
   0.298829E-02   0.709628E+07   0.709348E+07   0.203215E+06   0.177043E+06   0.686309E+07   0.709232E+07   0.709584E+07   0.709249E+07  -0.563852E+00   0.687460E+07   0.687277E+07   0.216214E+03
   0.329963E-02   0.704147E+07   0.703844E+07   0.157096E+06   0.144075E+06   0.676726E+07   0.703686E+07   0.704099E+07   0.703698E+07  -0.559436E+00   0.682090E+07   0.681906E+07   0.197131E+03
   0.364342E-02   0.697979E+07   0.697651E+07   0.120250E+06   0.117121E+06   0.665947E+07   0.697444E+07   0.697928E+07   0.697454E+07  -0.554468E+00   0.676051E+07   0.675866E+07   0.179192E+03
   0.402302E-02   0.691066E+07   0.690708E+07   0.109658E+06   0.950959E+05   0.653916E+07   0.690449E+07   0.691010E+07   0.690458E+07  -0.548902E+00   0.669283E+07   0.669099E+07   0.161476E+03
   0.444218E-02   0.683346E+07   0.682956E+07   0.838136E+05   0.771121E+05   0.640602E+07   0.682640E+07   0.683285E+07   0.682647E+07  -0.542690E+00   0.661729E+07   0.661547E+07   0.144857E+03
   0.490500E-02   0.674761E+07   0.674330E+07   0.662117E+05   0.624392E+05   0.625987E+07   0.673957E+07   0.674694E+07   0.673963E+07  -0.535784E+00   0.653332E+07   0.653151E+07   0.130198E+03
   0.541605E-02   0.665254E+07   0.664772E+07   0.591686E+05   0.504784E+05   0.610071E+07   0.664345E+07   0.665179E+07   0.664350E+07  -0.528140E+00   0.644036E+07   0.643856E+07   0.117599E+03
   0.598034E-02   0.654772E+07   0.654228E+07   0.427410E+05   0.407386E+05   0.592857E+07   0.653752E+07   0.654687E+07   0.653756E+07  -0.519717E+00   0.633792E+07   0.633612E+07   0.106337E+03
   0.660342E-02   0.643266E+07   0.642650E+07   0.354649E+05   0.328163E+05   0.574353E+07   0.642129E+07   0.643170E+07   0.642132E+07  -0.510475E+00   0.622553E+07   0.622374E+07   0.957589E+02
   0.729143E-02   0.630691E+07   0.629989E+07   0.287211E+05   0.263805E+05   0.554556E+07   0.629432E+07   0.630581E+07   0.629434E+07  -0.500380E+00   0.610276E+07   0.610098E+07   0.862922E+02
   0.805111E-02   0.617007E+07   0.616201E+07   0.205995E+05   0.211596E+05   0.533473E+07   0.615620E+07   0.616881E+07   0.615622E+07  -0.489398E+00   0.596921E+07   0.596743E+07   0.780467E+02
   0.888995E-02   0.602176E+07   0.601247E+07   0.190019E+05   0.169305E+05   0.511144E+07   0.600656E+07   0.602030E+07   0.600658E+07  -0.477502E+00   0.582452E+07   0.582274E+07   0.705599E+02
   0.981618E-02   0.586163E+07   0.585089E+07   0.147500E+05   0.135107E+05   0.487643E+07   0.584508E+07   0.585995E+07   0.584509E+07  -0.464664E+00   0.566836E+07   0.566659E+07   0.638773E+02
   0.108389E-01   0.568936E+07   0.567691E+07   0.115724E+05   0.107502E+05   0.463048E+07   0.567143E+07   0.568741E+07   0.567144E+07  -0.450859E+00   0.550044E+07   0.549866E+07   0.579856E+02
   0.119682E-01   0.550463E+07   0.549018E+07   0.959263E+04   0.852605E+04   0.437378E+07   0.548530E+07   0.550236E+07   0.548531E+07  -0.436061E+00   0.532042E+07   0.531864E+07   0.527168E+02
   0.132152E-01   0.530771E+07   0.529096E+07   0.749330E+04   0.673836E+04   0.409854E+07   0.528684E+07   0.530508E+07   0.528685E+07  -0.420284E+00   0.512850E+07   0.512670E+07   0.480691E+02
   0.145920E-01   0.509708E+07   0.507770E+07   0.557822E+04   0.530365E+04   0.381816E+07   0.507475E+07   0.509404E+07   0.507476E+07  -0.403423E+00   0.492334E+07   0.492152E+07   0.439266E+02
   0.161124E-01   0.487321E+07   0.485088E+07   0.406797E+04   0.415575E+04   0.353144E+07   0.484948E+07   0.486971E+07   0.484948E+07  -0.385515E+00   0.470539E+07   0.470355E+07   0.402361E+02
   0.177911E-01   0.463598E+07   0.461038E+07   0.351134E+04   0.323989E+04   0.324177E+07   0.461095E+07   0.463197E+07   0.461095E+07  -0.366553E+00   0.447456E+07   0.447270E+07   0.369204E+02
   0.196447E-01   0.438646E+07   0.435732E+07   0.256779E+04   0.251203E+04   0.295069E+07   0.436026E+07   0.438189E+07   0.436026E+07  -0.346623E+00   0.423191E+07   0.423002E+07   0.339074E+02
   0.216915E-01   0.412557E+07   0.409273E+07   0.195062E+04   0.193591E+04   0.266017E+07   0.409834E+07   0.412042E+07   0.409835E+07  -0.325802E+00   0.397834E+07   0.397643E+07   0.311188E+02
   0.239515E-01   0.385488E+07   0.381834E+07   0.159464E+04   0.148208E+04   0.237379E+07   0.382685E+07   0.384915E+07   0.382685E+07  -0.304219E+00   0.371543E+07   0.371350E+07   0.284774E+02
   0.264470E-01   0.357716E+07   0.353716E+07   0.109621E+04   0.112676E+04   0.209638E+07   0.354860E+07   0.357089E+07   0.354860E+07  -0.282099E+00   0.344590E+07   0.344396E+07   0.259034E+02
   0.292025E-01   0.329649E+07   0.325357E+07   0.940458E+03   0.850661E+03   0.183176E+07   0.326772E+07   0.328976E+07   0.326772E+07  -0.259770E+00   0.317374E+07   0.317181E+07   0.233250E+02
   0.322450E-01   0.301808E+07   0.297319E+07   0.643741E+03   0.638022E+03   0.158346E+07   0.298947E+07   0.301105E+07   0.298947E+07  -0.237650E+00   0.290405E+07   0.290216E+07   0.206912E+02
   0.356046E-01   0.274846E+07   0.270296E+07   0.505216E+03   0.475991E+03   0.135628E+07   0.272039E+07   0.274133E+07   0.272039E+07  -0.216260E+00   0.264318E+07   0.264137E+07   0.179682E+02
   0.393142E-01   0.249483E+07   0.245052E+07   0.399103E+03   0.353986E+03   0.115308E+07   0.246771E+07   0.248789E+07   0.246771E+07  -0.196173E+00   0.239815E+07   0.239646E+07   0.151627E+02
   0.434103E-01   0.226409E+07   0.222298E+07   0.274790E+03   0.263227E+03   0.976070E+06   0.223827E+07   0.225765E+07   0.223827E+07  -0.177933E+00   0.217562E+07   0.217410E+07   0.123315E+02
   0.477513E-01   0.206770E+07   0.203155E+07   0.207625E+03   0.198522E+03   0.830287E+06   0.204342E+07   0.206204E+07   0.204342E+07  -0.162443E+00   0.198659E+07   0.198528E+07   0.968935E+01
   0.520924E-01   0.191315E+07   0.188273E+07   0.161341E+03   0.154264E+03   0.717526E+06   0.189038E+07   0.190838E+07   0.189038E+07  -0.150277E+00   0.183811E+07   0.183701E+07   0.747318E+01
   0.564334E-01   0.178745E+07   0.176274E+07   0.128398E+03   0.122762E+03   0.627654E+06   0.176611E+07   0.178358E+07   0.176611E+07  -0.140398E+00   0.171754E+07   0.171663E+07   0.571040E+01
   0.607744E-01   0.168074E+07   0.166099E+07   0.104071E+03   0.995008E+02   0.553821E+06   0.166066E+07   0.167765E+07   0.166066E+07  -0.132015E+00   0.161522E+07   0.161446E+07   0.439646E+01
   0.651155E-01   0.158583E+07   0.156984E+07   0.855113E+02   0.817548E+02   0.491325E+06   0.156681E+07   0.158332E+07   0.156681E+07  -0.124555E+00   0.152413E+07   0.152349E+07   0.349280E+01
   0.694565E-01   0.149662E+07   0.148298E+07   0.709022E+02   0.677862E+02   0.436787E+06   0.147849E+07   0.149448E+07   0.147849E+07  -0.117534E+00   0.143840E+07   0.143782E+07   0.293181E+01
   0.737975E-01   0.140884E+07   0.139618E+07   0.590946E+02   0.564966E+02   0.387983E+06   0.139146E+07   0.140686E+07   0.139146E+07  -0.110615E+00   0.135388E+07   0.135333E+07   0.262890E+01
   0.781386E-01   0.132118E+07   0.130838E+07   0.494028E+02   0.472302E+02   0.343864E+06   0.130443E+07   0.131917E+07   0.130443E+07  -0.103697E+00   0.126935E+07   0.126879E+07   0.249596E+01
   0.824796E-01   0.123477E+07   0.122111E+07   0.414126E+02   0.395908E+02   0.304195E+06   0.121860E+07   0.123263E+07   0.121860E+07  -0.968733E-01   0.118595E+07   0.118538E+07   0.245187E+01
   0.868206E-01   0.115200E+07   0.113720E+07   0.348455E+02   0.333123E+02   0.269022E+06   0.113637E+07   0.114968E+07   0.113637E+07  -0.903364E-01   0.110603E+07   0.110544E+07   0.243029E+01
   0.911617E-01   0.107515E+07   0.105935E+07   0.294778E+02   0.281805E+02   0.238346E+06   0.106006E+07   0.107268E+07   0.106006E+07  -0.842706E-01   0.103187E+07   0.103125E+07   0.238420E+01
   0.965767E-01   0.990194E+06   0.973761E+06   0.241718E+02   0.231077E+02   0.206124E+06   0.975804E+06   0.987619E+06   0.975804E+06  -0.775723E-01   0.949949E+06   0.949332E+06   0.225471E+01
   0.101992E+00   0.919309E+06   0.903229E+06   0.201112E+02   0.192256E+02   0.180082E+06   0.905651E+06   0.916789E+06   0.905651E+06  -0.719955E-01   0.881738E+06   0.881148E+06   0.203899E+01
   0.107407E+00   0.862912E+06   0.848124E+06   0.170172E+02   0.162677E+02   0.159398E+06   0.849994E+06   0.860595E+06   0.849994E+06  -0.675709E-01   0.827616E+06   0.827080E+06   0.176212E+01
   0.112822E+00   0.818904E+06   0.806045E+06   0.146353E+02   0.139905E+02   0.142921E+06   0.806699E+06   0.816889E+06   0.806699E+06  -0.641292E-01   0.785515E+06   0.785047E+06   0.146589E+01
   0.118237E+00   0.783184E+06   0.772450E+06   0.127448E+02   0.121832E+02   0.129370E+06   0.771642E+06   0.781502E+06   0.771642E+06  -0.613423E-01   0.751425E+06   0.751025E+06   0.119274E+01
   0.123652E+00   0.751300E+06   0.742451E+06   0.111792E+02   0.106865E+02   0.117642E+06   0.740354E+06   0.749913E+06   0.740354E+06  -0.588550E-01   0.720997E+06   0.720656E+06   0.974117E+00
   0.129067E+00   0.719829E+06   0.712312E+06   0.983080E+01   0.939738E+01   0.106995E+06   0.709403E+06   0.718651E+06   0.709403E+06  -0.563946E-01   0.690893E+06   0.690592E+06   0.824633E+00
   0.134482E+00   0.686920E+06   0.680056E+06   0.863974E+01   0.825876E+01   0.970454E+05   0.676943E+06   0.685845E+06   0.676943E+06  -0.538141E-01   0.659316E+06   0.659034E+06   0.741725E+00
   0.139897E+00   0.652271E+06   0.645440E+06   0.757888E+01   0.724463E+01   0.876885E+05   0.642681E+06   0.651200E+06   0.642681E+06  -0.510904E-01   0.625981E+06   0.625700E+06   0.709666E+00
   0.145312E+00   0.616731E+06   0.609520E+06   0.663912E+01   0.634628E+01   0.789865E+05   0.607488E+06   0.615601E+06   0.607488E+06  -0.482927E-01   0.591735E+06   0.591445E+06   0.706024E+00
   0.150727E+00   0.581777E+06   0.574046E+06   0.581829E+01   0.556162E+01   0.710646E+05   0.572863E+06   0.580566E+06   0.572863E+06  -0.455401E-01   0.558038E+06   0.557735E+06   0.708429E+00
   0.156142E+00   0.549126E+06   0.540988E+06   0.511525E+01   0.488957E+01   0.640484E+05   0.540536E+06   0.547851E+06   0.540536E+06  -0.429704E-01   0.526574E+06   0.526265E+06   0.699922E+00
   0.161557E+00   0.520348E+06   0.512095E+06   0.452617E+01   0.432647E+01   0.580193E+05   0.512085E+06   0.519055E+06   0.512085E+06  -0.407086E-01   0.498880E+06   0.498572E+06   0.671770E+00
   0.166972E+00   0.496289E+06   0.488279E+06   0.404065E+01   0.386234E+01   0.529610E+05   0.488350E+06   0.495034E+06   0.488350E+06  -0.388218E-01   0.475775E+06   0.475480E+06   0.623524E+00
   0.172387E+00   0.476691E+06   0.469241E+06   0.364090E+01   0.348021E+01   0.487407E+05   0.469071E+06   0.475524E+06   0.469071E+06  -0.372892E-01   0.457008E+06   0.456734E+06   0.561045E+00
   0.177802E+00   0.460424E+06   0.453725E+06   0.330587E+01   0.315996E+01   0.451534E+05   0.453111E+06   0.459374E+06   0.453111E+06  -0.360204E-01   0.441470E+06   0.441222E+06   0.493512E+00
   0.183217E+00   0.446164E+06   0.440252E+06   0.301721E+01   0.288402E+01   0.420059E+05   0.439141E+06   0.445237E+06   0.439141E+06  -0.349098E-01   0.427869E+06   0.427646E+06   0.430388E+00
   0.188632E+00   0.432706E+06   0.427471E+06   0.276082E+01   0.263894E+01   0.391437E+05   0.425948E+06   0.431886E+06   0.425948E+06  -0.338611E-01   0.415025E+06   0.414823E+06   0.378870E+00
   0.194047E+00   0.419046E+06   0.414279E+06   0.252655E+01   0.241500E+01   0.364513E+05   0.412526E+06   0.418299E+06   0.412526E+06  -0.327940E-01   0.401957E+06   0.401768E+06   0.342417E+00
   0.199462E+00   0.404549E+06   0.400012E+06   0.230833E+01   0.220640E+01   0.338618E+05   0.398245E+06   0.403838E+06   0.398245E+06  -0.316588E-01   0.388051E+06   0.387870E+06   0.320595E+00
   0.204877E+00   0.389187E+06   0.384670E+06   0.210449E+01   0.201155E+01   0.313675E+05   0.383080E+06   0.388479E+06   0.383080E+06  -0.304532E-01   0.373285E+06   0.373105E+06   0.309980E+00
   0.210292E+00   0.373464E+06   0.368834E+06   0.191637E+01   0.183174E+01   0.290032E+05   0.367541E+06   0.372738E+06   0.367541E+06  -0.292180E-01   0.358153E+06   0.357971E+06   0.305589E+00
   0.215707E+00   0.358082E+06   0.353302E+06   0.174591E+01   0.166880E+01   0.268132E+05   0.352336E+06   0.357333E+06   0.352336E+06  -0.280092E-01   0.343345E+06   0.343161E+06   0.302359E+00
   0.221122E+00   0.343669E+06   0.338789E+06   0.159421E+01   0.152380E+01   0.248300E+05   0.338095E+06   0.342904E+06   0.338095E+06  -0.268771E-01   0.329477E+06   0.329291E+06   0.296360E+00
   0.226537E+00   0.330679E+06   0.325804E+06   0.146125E+01   0.139671E+01   0.230684E+05   0.325276E+06   0.329916E+06   0.325276E+06  -0.258581E-01   0.316991E+06   0.316808E+06   0.285502E+00
   0.231952E+00   0.319331E+06   0.314587E+06   0.134586E+01   0.128641E+01   0.215244E+05   0.314097E+06   0.318588E+06   0.314097E+06  -0.249693E-01   0.306102E+06   0.305925E+06   0.269660E+00
   0.237367E+00   0.309551E+06   0.305047E+06   0.124577E+01   0.119074E+01   0.201739E+05   0.304480E+06   0.308845E+06   0.304480E+06  -0.242049E-01   0.296736E+06   0.296567E+06   0.250259E+00
   0.242782E+00   0.301010E+06   0.296810E+06   0.115800E+01   0.110684E+01   0.189793E+05   0.296098E+06   0.300352E+06   0.296098E+06  -0.235385E-01   0.288570E+06   0.288412E+06   0.229581E+00
   0.248197E+00   0.293248E+06   0.289363E+06   0.107951E+01   0.103182E+01   0.178990E+05   0.288486E+06   0.292639E+06   0.288486E+06  -0.229334E-01   0.281155E+06   0.281008E+06   0.209999E+00
   0.253612E+00   0.285794E+06   0.282184E+06   0.100766E+01   0.963144E+00   0.168956E+05   0.281172E+06   0.285228E+06   0.281172E+06  -0.223519E-01   0.274030E+06   0.273892E+06   0.193349E+00
   0.259027E+00   0.278270E+06   0.274862E+06   0.940548E+00   0.898992E+00   0.159414E+05   0.273778E+06   0.277736E+06   0.273778E+06  -0.217642E-01   0.266828E+06   0.266696E+06   0.180573E+00
   0.264443E+00   0.270486E+06   0.267196E+06   0.877142E+00   0.838385E+00   0.150225E+05   0.266116E+06   0.269970E+06   0.266116E+06  -0.211551E-01   0.259364E+06   0.259236E+06   0.171650E+00
   0.269858E+00   0.262467E+06   0.259221E+06   0.817251E+00   0.781138E+00   0.141386E+05   0.258212E+06   0.261959E+06   0.258212E+06  -0.205268E-01   0.251665E+06   0.251538E+06   0.165785E+00
   0.275273E+00   0.254389E+06   0.251139E+06   0.761147E+00   0.727513E+00   0.132970E+05   0.250242E+06   0.253879E+06   0.250242E+06  -0.198932E-01   0.243901E+06   0.243774E+06   0.161735E+00
   0.280688E+00   0.246471E+06   0.243203E+06   0.709185E+00   0.677846E+00   0.125067E+05   0.242430E+06   0.245959E+06   0.242430E+06  -0.192721E-01   0.236289E+06   0.236164E+06   0.158186E+00
   0.286103E+00   0.238925E+06   0.235653E+06   0.661616E+00   0.632378E+00   0.117749E+05   0.234986E+06   0.238412E+06   0.234986E+06  -0.186804E-01   0.229037E+06   0.228912E+06   0.154082E+00
   0.291518E+00   0.231928E+06   0.228687E+06   0.618546E+00   0.591211E+00   0.111062E+05   0.228089E+06   0.231420E+06   0.228089E+06  -0.181321E-01   0.222318E+06   0.222195E+06   0.148830E+00
   0.296933E+00   0.225579E+06   0.222411E+06   0.579839E+00   0.554213E+00   0.105008E+05   0.221838E+06   0.225083E+06   0.221838E+06  -0.176352E-01   0.216228E+06   0.216108E+06   0.142343E+00
   0.302348E+00   0.219856E+06   0.216798E+06   0.545057E+00   0.520967E+00   0.995330E+04   0.216210E+06   0.219377E+06   0.216210E+06  -0.171878E-01   0.210744E+06   0.210629E+06   0.134944E+00
   0.307763E+00   0.214632E+06   0.211707E+06   0.513549E+00   0.490852E+00   0.945387E+04   0.211078E+06   0.214173E+06   0.211078E+06  -0.167798E-01   0.205744E+06   0.205633E+06   0.127203E+00
   0.313178E+00   0.209738E+06   0.206951E+06   0.484645E+00   0.463224E+00   0.899187E+04   0.206273E+06   0.209301E+06   0.206273E+06  -0.163978E-01   0.201061E+06   0.200955E+06   0.119747E+00
   0.318593E+00   0.205020E+06   0.202358E+06   0.457783E+00   0.437549E+00   0.855826E+04   0.201639E+06   0.204603E+06   0.201639E+06  -0.160294E-01   0.196546E+06   0.196444E+06   0.113091E+00
   0.324008E+00   0.200360E+06   0.197799E+06   0.432548E+00   0.413429E+00   0.814642E+04   0.197059E+06   0.199959E+06   0.197059E+06  -0.156653E-01   0.192083E+06   0.191984E+06   0.107527E+00
   0.329423E+00   0.195682E+06   0.193193E+06   0.408666E+00   0.390601E+00   0.775207E+04   0.192457E+06   0.195292E+06   0.192457E+06  -0.152995E-01   0.187599E+06   0.187503E+06   0.103089E+00
   0.334838E+00   0.190968E+06   0.188524E+06   0.386008E+00   0.368945E+00   0.737355E+04   0.187815E+06   0.190585E+06   0.187815E+06  -0.149305E-01   0.183076E+06   0.182982E+06   0.995904E-01
   0.340253E+00   0.186263E+06   0.183845E+06   0.364586E+00   0.348469E+00   0.701178E+04   0.183180E+06   0.185884E+06   0.183180E+06  -0.145620E-01   0.178559E+06   0.178466E+06   0.967109E-01
   0.345668E+00   0.181650E+06   0.179251E+06   0.344481E+00   0.329253E+00   0.666905E+04   0.178635E+06   0.181274E+06   0.178635E+06  -0.142007E-01   0.174130E+06   0.174038E+06   0.940971E-01
   0.351083E+00   0.177216E+06   0.174838E+06   0.325764E+00   0.311363E+00   0.634738E+04   0.174265E+06   0.176843E+06   0.174265E+06  -0.138534E-01   0.169873E+06   0.169782E+06   0.914470E-01
   0.356498E+00   0.173015E+06   0.170670E+06   0.308438E+00   0.294803E+00   0.604752E+04   0.170129E+06   0.172648E+06   0.170129E+06  -0.135245E-01   0.165842E+06   0.165752E+06   0.885696E-01
   0.361913E+00   0.169072E+06   0.166771E+06   0.292445E+00   0.279517E+00   0.576902E+04   0.166248E+06   0.168711E+06   0.166248E+06  -0.132160E-01   0.162059E+06   0.161972E+06   0.854073E-01
   0.367328E+00   0.165381E+06   0.163138E+06   0.277684E+00   0.265408E+00   0.551047E+04   0.162618E+06   0.165029E+06   0.162618E+06  -0.129274E-01   0.158522E+06   0.158436E+06   0.820241E-01
   0.372743E+00   0.161916E+06   0.159738E+06   0.264023E+00   0.252350E+00   0.526978E+04   0.159211E+06   0.161574E+06   0.159211E+06  -0.126566E-01   0.155202E+06   0.155119E+06   0.785635E-01
   0.378158E+00   0.158627E+06   0.156518E+06   0.251306E+00   0.240195E+00   0.504432E+04   0.155980E+06   0.158297E+06   0.155980E+06  -0.123997E-01   0.152053E+06   0.151972E+06   0.751945E-01
   0.383573E+00   0.155455E+06   0.153410E+06   0.239377E+00   0.228793E+00   0.483139E+04   0.152862E+06   0.155135E+06   0.152862E+06  -0.121519E-01   0.149015E+06   0.148936E+06   0.720638E-01
   0.388988E+00   0.152348E+06   0.150360E+06   0.228105E+00   0.218020E+00   0.462869E+04   0.149808E+06   0.152037E+06   0.149808E+06  -0.119091E-01   0.146038E+06   0.145962E+06   0.692635E-01
   0.394403E+00   0.149278E+06   0.147335E+06   0.217409E+00   0.207797E+00   0.443481E+04   0.146788E+06   0.148973E+06   0.146788E+06  -0.116690E-01   0.143095E+06   0.143020E+06   0.668188E-01
   0.399818E+00   0.146237E+06   0.144331E+06   0.207245E+00   0.198082E+00   0.424916E+04   0.143796E+06   0.145938E+06   0.143796E+06  -0.114312E-01   0.140179E+06   0.140106E+06   0.646924E-01
   0.405233E+00   0.143236E+06   0.141360E+06   0.197597E+00   0.188861E+00   0.407163E+04   0.140843E+06   0.142942E+06   0.140843E+06  -0.111964E-01   0.137300E+06   0.137228E+06   0.628031E-01
   0.410648E+00   0.140294E+06   0.138443E+06   0.188462E+00   0.180129E+00   0.390237E+04   0.137947E+06   0.140004E+06   0.137947E+06  -0.109662E-01   0.134478E+06   0.134407E+06   0.610519E-01
   0.416063E+00   0.137437E+06   0.135610E+06   0.179842E+00   0.171890E+00   0.374167E+04   0.135133E+06   0.137150E+06   0.135133E+06  -0.107425E-01   0.131736E+06   0.131666E+06   0.593486E-01
   0.421478E+00   0.134686E+06   0.132886E+06   0.171738E+00   0.164144E+00   0.358971E+04   0.132426E+06   0.134404E+06   0.132426E+06  -0.105273E-01   0.129097E+06   0.129029E+06   0.576305E-01
   0.426893E+00   0.132055E+06   0.130286E+06   0.164134E+00   0.156877E+00   0.344642E+04   0.129837E+06   0.131777E+06   0.129837E+06  -0.103215E-01   0.126574E+06   0.126507E+06   0.558704E-01
   0.432308E+00   0.129544E+06   0.127810E+06   0.157003E+00   0.150060E+00   0.331136E+04   0.127368E+06   0.129272E+06   0.127368E+06  -0.101252E-01   0.124167E+06   0.124101E+06   0.540749E-01
   0.437723E+00   0.127142E+06   0.125446E+06   0.150302E+00   0.143655E+00   0.318383E+04   0.125006E+06   0.126876E+06   0.125006E+06  -0.993747E-02   0.121866E+06   0.121801E+06   0.522753E-01
   0.443138E+00   0.124832E+06   0.123174E+06   0.143985E+00   0.137618E+00   0.306302E+04   0.122735E+06   0.124572E+06   0.122735E+06  -0.975693E-02   0.119652E+06   0.119589E+06   0.505153E-01
   0.448553E+00   0.122595E+06   0.120975E+06   0.138011E+00   0.131908E+00   0.294816E+04   0.120536E+06   0.122341E+06   0.120536E+06  -0.958213E-02   0.117509E+06   0.117447E+06   0.488371E-01
   0.453968E+00   0.120416E+06   0.118830E+06   0.132343E+00   0.126490E+00   0.283858E+04   0.118394E+06   0.120168E+06   0.118394E+06  -0.941182E-02   0.115421E+06   0.115360E+06   0.472711E-01
   0.459383E+00   0.118283E+06   0.116728E+06   0.126950E+00   0.121336E+00   0.273375E+04   0.116296E+06   0.118039E+06   0.116296E+06  -0.924502E-02   0.113376E+06   0.113316E+06   0.458292E-01
   0.464798E+00   0.116186E+06   0.114659E+06   0.121809E+00   0.116422E+00   0.263330E+04   0.114234E+06   0.115947E+06   0.114234E+06  -0.908109E-02   0.111366E+06   0.111307E+06   0.445052E-01
   0.470213E+00   0.114126E+06   0.112623E+06   0.116907E+00   0.111737E+00   0.253697E+04   0.112207E+06   0.113890E+06   0.112207E+06  -0.891996E-02   0.109390E+06   0.109333E+06   0.432792E-01
   0.475629E+00   0.112108E+06   0.110628E+06   0.112238E+00   0.107274E+00   0.244475E+04   0.110222E+06   0.111876E+06   0.110222E+06  -0.876214E-02   0.107455E+06   0.107399E+06   0.421246E-01
   0.481044E+00   0.110142E+06   0.108683E+06   0.107798E+00   0.103031E+00   0.235665E+04   0.108287E+06   0.109913E+06   0.108287E+06  -0.860835E-02   0.105570E+06   0.105514E+06   0.410147E-01
   0.486459E+00   0.108232E+06   0.106796E+06   0.103583E+00   0.990018E-01   0.227262E+04   0.106409E+06   0.108007E+06   0.106409E+06  -0.845904E-02   0.103739E+06   0.103684E+06   0.399278E-01
   0.491874E+00   0.106382E+06   0.104968E+06   0.995812E-01   0.951773E-01   0.219250E+04   0.104589E+06   0.106161E+06   0.104589E+06  -0.831438E-02   0.101965E+06   0.101911E+06   0.388513E-01
   0.497289E+00   0.104593E+06   0.103202E+06   0.957841E-01   0.915482E-01   0.211615E+04   0.102829E+06   0.104375E+06   0.102829E+06  -0.817446E-02   0.100250E+06   0.100196E+06   0.377829E-01
   0.502704E+00   0.102863E+06   0.101496E+06   0.921805E-01   0.881038E-01   0.204340E+04   0.101128E+06   0.102649E+06   0.101128E+06  -0.803922E-02   0.985915E+05   0.985392E+05   0.367286E-01
   0.508119E+00   0.101188E+06   0.998462E+05   0.887565E-01   0.848313E-01   0.197401E+04   0.994811E+05   0.100978E+06   0.994811E+05  -0.790832E-02   0.969864E+05   0.969350E+05   0.356987E-01
   0.513534E+00   0.995609E+05   0.982430E+05   0.854966E-01   0.817154E-01   0.190766E+04   0.978811E+05   0.993544E+05   0.978811E+05  -0.778113E-02   0.954268E+05   0.953764E+05   0.347044E-01
   0.518949E+00   0.979735E+05   0.966787E+05   0.823861E-01   0.787425E-01   0.184409E+04   0.963203E+05   0.977706E+05   0.963203E+05  -0.765705E-02   0.939054E+05   0.938558E+05   0.337543E-01
   0.524364E+00   0.964211E+05   0.951482E+05   0.794141E-01   0.759019E-01   0.178310E+04   0.947938E+05   0.962216E+05   0.947938E+05  -0.753571E-02   0.924174E+05   0.923686E+05   0.328532E-01
   0.529779E+00   0.949015E+05   0.936492E+05   0.765721E-01   0.731856E-01   0.172454E+04   0.932995E+05   0.947052E+05   0.932995E+05  -0.741691E-02   0.909608E+05   0.909128E+05   0.320013E-01
   0.535194E+00   0.934132E+05   0.921801E+05   0.738530E-01   0.705867E-01   0.166828E+04   0.918358E+05   0.932200E+05   0.918358E+05  -0.730056E-02   0.895341E+05   0.894868E+05   0.311938E-01
   0.540609E+00   0.919555E+05   0.907406E+05   0.712506E-01   0.680993E-01   0.161422E+04   0.904022E+05   0.917652E+05   0.904022E+05  -0.718659E-02   0.881366E+05   0.880900E+05   0.304235E-01
   0.546024E+00   0.905296E+05   0.893322E+05   0.687605E-01   0.657193E-01   0.156230E+04   0.889997E+05   0.903420E+05   0.889997E+05  -0.707510E-02   0.867695E+05   0.867236E+05   0.296822E-01
   0.551439E+00   0.891380E+05   0.879577E+05   0.663795E-01   0.634437E-01   0.151247E+04   0.876310E+05   0.889530E+05   0.876310E+05  -0.696629E-02   0.854353E+05   0.853901E+05   0.289630E-01
   0.556854E+00   0.877829E+05   0.866197E+05   0.641045E-01   0.612693E-01   0.146468E+04   0.862983E+05   0.876006E+05   0.862983E+05  -0.686035E-02   0.841362E+05   0.840916E+05   0.282610E-01
   0.562269E+00   0.864635E+05   0.853174E+05   0.619301E-01   0.591910E-01   0.141886E+04   0.850008E+05   0.862839E+05   0.850008E+05  -0.675720E-02   0.828714E+05   0.828275E+05   0.275737E-01
   0.567684E+00   0.851783E+05   0.840495E+05   0.598507E-01   0.572036E-01   0.137489E+04   0.837371E+05   0.850014E+05   0.837371E+05  -0.665674E-02   0.816395E+05   0.815962E+05   0.269010E-01
   0.573099E+00   0.839256E+05   0.828140E+05   0.578610E-01   0.553018E-01   0.133266E+04   0.825054E+05   0.837514E+05   0.825054E+05  -0.655883E-02   0.804388E+05   0.803962E+05   0.262449E-01
   0.578514E+00   0.827041E+05   0.816094E+05   0.559560E-01   0.534811E-01   0.129211E+04   0.813043E+05   0.825326E+05   0.813043E+05  -0.646335E-02   0.792680E+05   0.792261E+05   0.256081E-01
   0.629782E+00   0.723782E+05   0.714201E+05   0.413184E-01   0.394908E-01   0.975547E+03   0.711508E+05   0.722280E+05   0.711508E+05  -0.565619E-02   0.693701E+05   0.693333E+05   0.205994E-01
   0.769218E+00   0.526640E+05   0.519676E+05   0.201500E-01   0.192587E-01   0.497844E+03   0.517679E+05   0.525549E+05   0.517679E+05  -0.411532E-02   0.504740E+05   0.504472E+05   0.122842E-01
   0.939525E+00   0.381304E+05   0.376263E+05   0.977853E-02   0.934593E-02   0.250547E+03   0.374799E+05   0.380514E+05   0.374799E+05  -0.297950E-02   0.365441E+05   0.365246E+05   0.730052E-02
   0.114754E+01   0.274854E+05   0.271221E+05   0.472452E-02   0.451550E-02   0.124540E+03   0.270157E+05   0.274285E+05   0.270157E+05  -0.214763E-02   0.263416E+05   0.263275E+05   0.432621E-02
   0.140161E+01   0.197320E+05   0.194712E+05   0.227346E-02   0.217287E-02   0.612393E+02   0.193943E+05   0.196911E+05   0.193943E+05  -0.154177E-02   0.189106E+05   0.189005E+05   0.255888E-02
   0.171193E+01   0.141132E+05   0.139267E+05   0.108996E-02   0.104173E-02   0.298351E+02   0.138715E+05   0.140840E+05   0.138715E+05  -0.110273E-02   0.135257E+05   0.135183E+05   0.151274E-02
   0.209095E+01   0.100604E+05   0.992738E+04   0.520800E-03   0.497757E-03   0.144232E+02   0.988798E+04   0.100395E+05   0.988798E+04  -0.786052E-03   0.964151E+04   0.963621E+04   0.895426E-03
   0.255389E+01   0.714916E+04   0.705460E+04   0.248076E-03   0.237100E-03   0.692767E+01   0.702659E+04   0.713434E+04   0.702659E+04  -0.558584E-03   0.685147E+04   0.684763E+04   0.531929E-03
   0.311933E+01   0.506602E+04   0.499896E+04   0.117834E-03   0.112621E-03   0.330992E+01   0.497913E+04   0.505551E+04   0.497913E+04  -0.395819E-03   0.485506E+04   0.485225E+04   0.318125E-03
   0.380996E+01   0.358047E+04   0.353302E+04   0.558241E-04   0.533542E-04   0.157445E+01   0.351904E+04   0.357303E+04   0.351904E+04  -0.279748E-03   0.343136E+04   0.342928E+04   0.192314E-03
   0.465350E+01   0.252446E+04   0.249096E+04   0.263832E-04   0.252159E-04   0.746177E+00   0.248114E+04   0.251921E+04   0.248114E+04  -0.197240E-03   0.241933E+04   0.241777E+04   0.118111E-03
   0.568379E+01   0.177595E+04   0.175232E+04   0.124413E-04   0.118908E-04   0.352539E+00   0.174546E+04   0.177225E+04   0.174546E+04  -0.138757E-03   0.170198E+04   0.170079E+04   0.741302E-04
   0.694221E+01   0.124681E+04   0.123015E+04   0.585469E-05   0.559569E-05   0.166116E+00   0.122539E+04   0.124420E+04   0.122539E+04  -0.974132E-04   0.119487E+04   0.119393E+04   0.478427E-04
   0.847923E+01   0.873654E+03   0.861914E+03   0.274987E-05   0.262823E-05   0.780906E-01   0.858635E+03   0.871814E+03   0.858635E+03  -0.682578E-04   0.837258E+03   0.836491E+03   0.319268E-04
   0.103566E+02   0.611096E+03   0.602812E+03   0.128927E-05   0.123225E-05   0.366356E-01   0.600579E+03   0.609798E+03   0.600579E+03  -0.477435E-04   0.585633E+03   0.584984E+03   0.221109E-04
   0.126495E+02   0.426738E+03   0.420878E+03   0.603457E-06   0.576774E-06   0.171551E-01   0.419382E+03   0.425819E+03   0.419382E+03  -0.333391E-04   0.408951E+03   0.408381E+03   0.159054E-04
   0.154502E+02   0.297537E+03   0.293373E+03   0.282009E-06   0.269543E-06   0.801976E-02   0.292396E+03   0.296884E+03   0.292396E+03  -0.232442E-04   0.285130E+03   0.284611E+03   0.118584E-04
   0.188709E+02   0.207152E+03   0.204172E+03   0.131590E-06   0.125777E-06   0.374318E-02   0.203560E+03   0.206685E+03   0.203560E+03  -0.161822E-04   0.198508E+03   0.198021E+03   0.912146E-05
   0.230489E+02   0.144026E+03   0.141870E+03   0.613136E-07   0.586068E-07   0.174456E-02   0.141516E+03   0.143689E+03   0.141516E+03  -0.112499E-04   0.138011E+03   0.137541E+03   0.719672E-05
   0.281520E+02   0.100007E+03   0.984227E+02   0.285282E-07   0.272702E-07   0.811936E-03   0.982504E+02   0.997586E+02   0.982504E+02  -0.781049E-05   0.958238E+02   0.953622E+02   0.578954E-05
   0.343849E+02   0.693545E+02   0.681659E+02   0.132548E-07   0.126713E-07   0.377402E-03   0.681225E+02   0.691683E+02   0.681225E+02  -0.541545E-05   0.664473E+02   0.659872E+02   0.472346E-05
   0.419979E+02   0.480387E+02   0.471224E+02   0.614942E-08   0.587940E-08   0.175184E-03   0.471710E+02   0.478951E+02   0.471710E+02  -0.374989E-05   0.460184E+02   0.455556E+02   0.389092E-05
   0.512963E+02   0.332340E+02   0.325045E+02   0.284841E-08   0.272381E-08   0.812058E-04   0.326189E+02   0.331197E+02   0.326189E+02  -0.259307E-05   0.318297E+02   0.313611E+02   0.322468E-05
   0.626535E+02   0.229636E+02   0.223614E+02   0.131703E-08   0.125973E-08   0.375900E-04   0.225235E+02   0.228693E+02   0.225235E+02  -0.179052E-05   0.219864E+02   0.215106E+02   0.268135E-05
   0.765251E+02   0.158466E+02   0.153305E+02   0.607657E-09   0.581446E-09   0.173700E-04   0.155274E+02   0.157658E+02   0.155274E+02  -0.123436E-05   0.151652E+02   0.146815E+02   0.223180E-05
   0.934680E+02   0.109198E+02   0.104617E+02   0.279620E-09   0.267711E-09   0.801183E-05   0.106840E+02   0.108480E+02   0.106840E+02  -0.849335E-06   0.104431E+02   0.995183E+01   0.185562E-05
   0.114162E+03   0.751251E+01   0.709356E+01   0.128227E-09   0.122868E-09   0.368735E-05   0.733427E+01   0.744686E+01   0.733427E+01  -0.583043E-06   0.717722E+01   0.667993E+01   0.153791E-05
