#          k/h    CDM            baryon         photon         nu             mass_nu        total          no_nu          total_de       Weyl           v_CDM          v_b            v_b-v_c     
   0.105184E-04   0.207715E+07   0.207715E+07   0.276940E+07   0.276940E+07   0.207847E+07   0.207717E+07   0.207715E+07   0.208559E+07  -0.600554E+00   0.207361E+07   0.207361E+07   0.136986E+01
   0.116143E-04   0.207715E+07   0.207715E+07   0.276937E+07   0.276937E+07   0.207847E+07   0.207717E+07   0.207715E+07   0.208559E+07  -0.600554E+00   0.207361E+07   0.207361E+07   0.151257E+01
   0.128244E-04   0.207715E+07   0.207715E+07   0.276933E+07   0.276933E+07   0.207847E+07   0.207717E+07   0.207715E+07   0.208559E+07  -0.600554E+00   0.207360E+07   0.207360E+07   0.167015E+01
   0.141606E-04   0.207715E+07   0.207715E+07   0.276929E+07   0.276929E+07   0.207847E+07   0.207717E+07   0.207715E+07   0.208559E+07  -0.600554E+00   0.207360E+07   0.207360E+07   0.184414E+01
   0.156360E-04   0.207715E+07   0.207715E+07   0.276924E+07   0.276923E+07   0.207847E+07   0.207717E+07   0.207715E+07   0.208559E+07  -0.600553E+00   0.207360E+07   0.207360E+07   0.203626E+01
   0.172651E-04   0.207715E+07   0.207715E+07   0.276917E+07   0.276916E+07   0.207847E+07   0.207717E+07   0.207715E+07   0.208559E+07  -0.600553E+00   0.207360E+07   0.207360E+07   0.224838E+01
   0.190639E-04   0.207715E+07   0.207715E+07   0.276909E+07   0.276908E+07   0.207847E+07   0.207717E+07   0.207715E+07   0.208559E+07  -0.600553E+00   0.207360E+07   0.207360E+07   0.248259E+01
   0.210501E-04   0.207715E+07   0.207715E+07   0.276899E+07   0.276898E+07   0.207846E+07   0.207717E+07   0.207715E+07   0.208559E+07  -0.600552E+00   0.207360E+07   0.207360E+07   0.274119E+01
   0.232433E-04   0.207714E+07   0.207714E+07   0.276887E+07   0.276886E+07   0.207846E+07   0.207716E+07   0.207714E+07   0.208558E+07  -0.600552E+00   0.207360E+07   0.207360E+07   0.302671E+01
   0.256650E-04   0.207714E+07   0.207714E+07   0.276873E+07   0.276872E+07   0.207846E+07   0.207716E+07   0.207714E+07   0.208558E+07  -0.600551E+00   0.207360E+07   0.207360E+07   0.334194E+01
   0.283390E-04   0.207714E+07   0.207714E+07   0.276855E+07   0.276854E+07   0.207845E+07   0.207716E+07   0.207714E+07   0.208558E+07  -0.600550E+00   0.207360E+07   0.207360E+07   0.368999E+01
   0.312916E-04   0.207714E+07   0.207714E+07   0.276834E+07   0.276832E+07   0.207845E+07   0.207716E+07   0.207714E+07   0.208558E+07  -0.600549E+00   0.207359E+07   0.207359E+07   0.407424E+01
   0.345519E-04   0.207714E+07   0.207714E+07   0.276808E+07   0.276805E+07   0.207844E+07   0.207716E+07   0.207714E+07   0.208557E+07  -0.600548E+00   0.207359E+07   0.207359E+07   0.449846E+01
   0.381518E-04   0.207713E+07   0.207713E+07   0.276776E+07   0.276773E+07   0.207843E+07   0.207715E+07   0.207713E+07   0.208557E+07  -0.600547E+00   0.207359E+07   0.207359E+07   0.496678E+01
   0.421268E-04   0.207713E+07   0.207713E+07   0.276737E+07   0.276733E+07   0.207842E+07   0.207715E+07   0.207713E+07   0.208556E+07  -0.600545E+00   0.207358E+07   0.207358E+07   0.548377E+01
   0.465159E-04   0.207712E+07   0.207712E+07   0.276689E+07   0.276685E+07   0.207841E+07   0.207714E+07   0.207712E+07   0.208556E+07  -0.600543E+00   0.207358E+07   0.207358E+07   0.605446E+01
   0.513623E-04   0.207712E+07   0.207712E+07   0.276631E+07   0.276626E+07   0.207839E+07   0.207714E+07   0.207712E+07   0.208555E+07  -0.600541E+00   0.207357E+07   0.207357E+07   0.668437E+01
   0.567137E-04   0.207711E+07   0.207711E+07   0.276560E+07   0.276555E+07   0.207838E+07   0.207713E+07   0.207711E+07   0.208554E+07  -0.600538E+00   0.207357E+07   0.207356E+07   0.737961E+01
   0.626227E-04   0.207710E+07   0.207710E+07   0.276474E+07   0.276467E+07   0.207835E+07   0.207712E+07   0.207710E+07   0.208553E+07  -0.600534E+00   0.207356E+07   0.207356E+07   0.814686E+01
   0.691473E-04   0.207709E+07   0.207709E+07   0.276369E+07   0.276361E+07   0.207833E+07   0.207711E+07   0.207709E+07   0.208551E+07  -0.600530E+00   0.207354E+07   0.207354E+07   0.899350E+01
   0.763516E-04   0.207708E+07   0.207707E+07   0.276241E+07   0.276231E+07   0.207830E+07   0.207709E+07   0.207708E+07   0.208549E+07  -0.600524E+00   0.207353E+07   0.207353E+07   0.992759E+01
   0.843066E-04   0.207706E+07   0.207706E+07   0.276085E+07   0.276073E+07   0.207826E+07   0.207708E+07   0.207706E+07   0.208547E+07  -0.600518E+00   0.207351E+07   0.207351E+07   0.109580E+02
   0.930904E-04   0.207704E+07   0.207704E+07   0.275895E+07   0.275880E+07   0.207821E+07   0.207706E+07   0.207704E+07   0.208545E+07  -0.600510E+00   0.207349E+07   0.207349E+07   0.120944E+02
   0.102789E-03   0.207701E+07   0.207701E+07   0.275664E+07   0.275645E+07   0.207815E+07   0.207703E+07   0.207701E+07   0.208541E+07  -0.600500E+00   0.207347E+07   0.207347E+07   0.133473E+02
   0.113499E-03   0.207698E+07   0.207698E+07   0.275382E+07   0.275359E+07   0.207808E+07   0.207700E+07   0.207698E+07   0.208537E+07  -0.600488E+00   0.207344E+07   0.207344E+07   0.147284E+02
   0.125324E-03   0.207695E+07   0.207694E+07   0.275039E+07   0.275010E+07   0.207799E+07   0.207696E+07   0.207695E+07   0.208533E+07  -0.600473E+00   0.207340E+07   0.207340E+07   0.162500E+02
   0.138382E-03   0.207690E+07   0.207690E+07   0.274620E+07   0.274586E+07   0.207788E+07   0.207692E+07   0.207690E+07   0.208527E+07  -0.600455E+00   0.207336E+07   0.207335E+07   0.179257E+02
   0.152799E-03   0.207685E+07   0.207684E+07   0.274111E+07   0.274070E+07   0.207775E+07   0.207686E+07   0.207685E+07   0.208520E+07  -0.600434E+00   0.207330E+07   0.207330E+07   0.197700E+02
   0.168719E-03   0.207678E+07   0.207678E+07   0.273492E+07   0.273441E+07   0.207759E+07   0.207679E+07   0.207678E+07   0.208511E+07  -0.600407E+00   0.207324E+07   0.207323E+07   0.217983E+02
   0.186298E-03   0.207670E+07   0.207669E+07   0.272738E+07   0.272677E+07   0.207740E+07   0.207671E+07   0.207670E+07   0.208500E+07  -0.600375E+00   0.207316E+07   0.207315E+07   0.240272E+02
   0.205708E-03   0.207660E+07   0.207659E+07   0.271822E+07   0.271748E+07   0.207716E+07   0.207661E+07   0.207660E+07   0.208487E+07  -0.600336E+00   0.207306E+07   0.207305E+07   0.264739E+02
   0.227141E-03   0.207648E+07   0.207647E+07   0.270709E+07   0.270619E+07   0.207687E+07   0.207648E+07   0.207648E+07   0.208472E+07  -0.600288E+00   0.207294E+07   0.207293E+07   0.291559E+02
   0.250806E-03   0.207633E+07   0.207632E+07   0.269358E+07   0.269248E+07   0.207652E+07   0.207633E+07   0.207633E+07   0.208452E+07  -0.600230E+00   0.207279E+07   0.207278E+07   0.320914E+02
   0.276938E-03   0.207615E+07   0.207614E+07   0.267719E+07   0.267586E+07   0.207609E+07   0.207615E+07   0.207615E+07   0.208429E+07  -0.600159E+00   0.207261E+07   0.207260E+07   0.352978E+02
   0.305791E-03   0.207593E+07   0.207592E+07   0.265733E+07   0.265572E+07   0.207557E+07   0.207593E+07   0.207593E+07   0.208401E+07  -0.600073E+00   0.207240E+07   0.207238E+07   0.387915E+02
   0.337651E-03   0.207567E+07   0.207566E+07   0.263330E+07   0.263136E+07   0.207494E+07   0.207566E+07   0.207567E+07   0.208366E+07  -0.599968E+00   0.207213E+07   0.207211E+07   0.425871E+02
   0.372831E-03   0.207535E+07   0.207533E+07   0.260427E+07   0.260194E+07   0.207416E+07   0.207533E+07   0.207534E+07   0.208324E+07  -0.599841E+00   0.207181E+07   0.207178E+07   0.466950E+02
   0.411676E-03   0.207495E+07   0.207493E+07   0.256928E+07   0.256649E+07   0.207322E+07   0.207492E+07   0.207495E+07   0.208273E+07  -0.599686E+00   0.207142E+07   0.207138E+07   0.511206E+02
   0.454568E-03   0.207448E+07   0.207445E+07   0.252722E+07   0.252388E+07   0.207207E+07   0.207443E+07   0.207447E+07   0.208212E+07  -0.599498E+00   0.207094E+07   0.207090E+07   0.558611E+02
   0.501929E-03   0.207389E+07   0.207386E+07   0.247680E+07   0.247283E+07   0.207068E+07   0.207384E+07   0.207389E+07   0.208137E+07  -0.599271E+00   0.207036E+07   0.207031E+07   0.609022E+02
   0.554224E-03   0.207319E+07   0.207315E+07   0.241659E+07   0.241189E+07   0.206899E+07   0.207312E+07   0.207318E+07   0.208046E+07  -0.598995E+00   0.206965E+07   0.206960E+07   0.662144E+02
   0.611968E-03   0.207233E+07   0.207229E+07   0.234502E+07   0.233951E+07   0.206693E+07   0.207224E+07   0.207232E+07   0.207937E+07  -0.598662E+00   0.206880E+07   0.206873E+07   0.717475E+02
   0.675728E-03   0.207129E+07   0.207124E+07   0.226045E+07   0.225404E+07   0.206442E+07   0.207118E+07   0.207128E+07   0.207805E+07  -0.598260E+00   0.206776E+07   0.206768E+07   0.774248E+02
   0.746132E-03   0.207004E+07   0.206997E+07   0.216120E+07   0.215382E+07   0.206139E+07   0.206990E+07   0.207003E+07   0.207646E+07  -0.597776E+00   0.206650E+07   0.206640E+07   0.831360E+02
   0.823870E-03   0.206852E+07   0.206844E+07   0.204573E+07   0.203735E+07   0.205771E+07   0.206834E+07   0.206850E+07   0.207455E+07  -0.597194E+00   0.206497E+07   0.206486E+07   0.887306E+02
   0.909708E-03   0.206668E+07   0.206658E+07   0.191282E+07   0.190346E+07   0.205326E+07   0.206646E+07   0.206666E+07   0.207227E+07  -0.596497E+00   0.206313E+07   0.206300E+07   0.940110E+02
   0.100449E-02   0.206447E+07   0.206435E+07   0.176184E+07   0.175162E+07   0.204788E+07   0.206420E+07   0.206445E+07   0.206955E+07  -0.595665E+00   0.206090E+07   0.206075E+07   0.987284E+02
   0.110915E-02   0.206181E+07   0.206167E+07   0.159316E+07   0.158230E+07   0.204139E+07   0.206148E+07   0.206179E+07   0.206632E+07  -0.594676E+00   0.205822E+07   0.205804E+07   0.102584E+03
   0.122471E-02   0.205863E+07   0.205846E+07   0.140855E+07   0.139743E+07   0.203357E+07   0.205822E+07   0.205860E+07   0.206250E+07  -0.593506E+00   0.205500E+07   0.205480E+07   0.105240E+03
   0.135231E-02   0.205483E+07   0.205462E+07   0.121169E+07   0.120087E+07   0.202412E+07   0.205433E+07   0.205479E+07   0.205800E+07  -0.592130E+00   0.205114E+07   0.205092E+07   0.106341E+03
   0.149320E-02   0.205030E+07   0.205006E+07   0.100861E+07   0.998789E+06   0.201279E+07   0.204970E+07   0.205026E+07   0.205276E+07  -0.590522E+00   0.204654E+07   0.204630E+07   0.105562E+03
   0.164878E-02   0.204495E+07   0.204465E+07   0.807818E+06   0.799820E+06   0.199934E+07   0.204421E+07   0.204490E+07   0.204666E+07  -0.588655E+00   0.204107E+07   0.204081E+07   0.102670E+03
   0.182056E-02   0.203864E+07   0.203828E+07   0.620033E+06   0.614630E+06   0.198342E+07   0.203775E+07   0.203858E+07   0.203963E+07  -0.586504E+00   0.203461E+07   0.203434E+07   0.976183E+02
   0.201024E-02   0.203125E+07   0.203081E+07   0.456954E+06   0.454652E+06   0.196464E+07   0.203017E+07   0.203118E+07   0.203156E+07  -0.584043E+00   0.202702E+07   0.202674E+07   0.906439E+02
   0.221969E-02   0.202264E+07   0.202211E+07   0.329028E+06   0.329772E+06   0.194262E+07   0.202134E+07   0.202255E+07   0.202235E+07  -0.581248E+00   0.201815E+07   0.201787E+07   0.823427E+02
   0.245096E-02   0.201268E+07   0.201204E+07   0.242206E+06   0.245120E+06   0.191698E+07   0.201113E+07   0.201258E+07   0.201187E+07  -0.578093E+00   0.200788E+07   0.200760E+07   0.736701E+02
   0.270632E-02   0.200123E+07   0.200046E+07   0.194550E+06   0.197927E+06   0.188733E+07   0.199939E+07   0.200111E+07   0.199998E+07  -0.574546E+00   0.199605E+07   0.199578E+07   0.657964E+02
   0.298829E-02   0.198816E+07   0.198722E+07   0.174562E+06   0.176340E+06   0.185334E+07   0.198597E+07   0.198801E+07   0.198651E+07  -0.570568E+00   0.198256E+07   0.198228E+07   0.597751E+02
   0.329963E-02   0.197331E+07   0.197218E+07   0.163745E+06   0.162560E+06   0.181473E+07   0.197074E+07   0.197313E+07   0.197123E+07  -0.566108E+00   0.196726E+07   0.196697E+07   0.560832E+02
   0.364342E-02   0.195654E+07   0.195518E+07   0.144796E+06   0.141156E+06   0.177134E+07   0.195353E+07   0.195633E+07   0.195397E+07  -0.561106E+00   0.195002E+07   0.194972E+07   0.542644E+02
   0.402302E-02   0.193769E+07   0.193604E+07   0.112503E+06   0.108936E+06   0.172313E+07   0.193419E+07   0.193743E+07   0.193453E+07  -0.555499E+00   0.193070E+07   0.193037E+07   0.530590E+02
   0.444218E-02   0.191658E+07   0.191459E+07   0.782718E+05   0.773558E+05   0.167026E+07   0.191255E+07   0.191627E+07   0.191279E+07  -0.549233E+00   0.190913E+07   0.190878E+07   0.512501E+02
   0.490500E-02   0.189306E+07   0.189065E+07   0.588880E+05   0.601848E+05   0.161304E+07   0.188845E+07   0.189268E+07   0.188863E+07  -0.542265E+00   0.188513E+07   0.188477E+07   0.487724E+02
   0.541605E-02   0.186695E+07   0.186404E+07   0.553663E+05   0.536229E+05   0.155198E+07   0.186173E+07   0.186649E+07   0.186190E+07  -0.534560E+00   0.185854E+07   0.185815E+07   0.468228E+02
   0.598034E-02   0.183811E+07   0.183460E+07   0.498445E+05   0.432856E+05   0.148766E+07   0.183227E+07   0.183756E+07   0.183241E+07  -0.526074E+00   0.182922E+07   0.182879E+07   0.462617E+02
   0.660342E-02   0.180640E+07   0.180218E+07   0.346669E+05   0.348759E+05   0.142068E+07   0.179991E+07   0.180574E+07   0.180002E+07  -0.516764E+00   0.179704E+07   0.179657E+07   0.462203E+02
   0.729143E-02   0.177169E+07   0.176662E+07   0.261604E+05   0.280416E+05   0.135149E+07   0.176455E+07   0.177090E+07   0.176463E+07  -0.506593E+00   0.176188E+07   0.176137E+07   0.457188E+02
   0.805111E-02   0.173387E+07   0.172778E+07   0.258538E+05   0.224952E+05   0.128045E+07   0.172608E+07   0.173292E+07   0.172615E+07  -0.495532E+00   0.172362E+07   0.172306E+07   0.456550E+02
   0.888995E-02   0.169284E+07   0.168555E+07   0.179594E+05   0.180022E+05   0.120781E+07   0.168438E+07   0.169170E+07   0.168443E+07  -0.483549E+00   0.168216E+07   0.168153E+07   0.463641E+02
   0.981618E-02   0.164849E+07   0.163977E+07   0.147314E+05   0.143679E+05   0.113394E+07   0.163936E+07   0.164712E+07   0.163940E+07  -0.470616E+00   0.163740E+07   0.163670E+07   0.468373E+02
   0.108389E-01   0.160073E+07   0.159035E+07   0.127108E+05   0.114337E+05   0.105929E+07   0.159094E+07   0.159910E+07   0.159097E+07  -0.456708E+00   0.158926E+07   0.158846E+07   0.477709E+02
   0.119682E-01   0.154947E+07   0.153716E+07   0.912691E+04   0.906946E+04   0.984112E+06   0.153902E+07   0.154754E+07   0.153905E+07  -0.441798E+00   0.153762E+07   0.153673E+07   0.487969E+02
   0.132152E-01   0.149485E+07   0.148030E+07   0.780670E+04   0.716861E+04   0.903536E+06   0.148366E+07   0.149257E+07   0.148368E+07  -0.425901E+00   0.148259E+07   0.148158E+07   0.499581E+02
   0.145920E-01   0.143636E+07   0.141926E+07   0.634680E+04   0.564304E+04   0.824523E+06   0.142447E+07   0.143368E+07   0.142449E+07  -0.408905E+00   0.142371E+07   0.142257E+07   0.510980E+02
   0.161124E-01   0.137417E+07   0.135419E+07   0.434330E+04   0.442228E+04   0.745283E+06   0.136157E+07   0.137103E+07   0.136158E+07  -0.390846E+00   0.136112E+07   0.135984E+07   0.522497E+02
   0.177911E-01   0.130819E+07   0.128504E+07   0.376739E+04   0.344823E+04   0.668219E+06   0.129494E+07   0.130456E+07   0.129495E+07  -0.371716E+00   0.129478E+07   0.129334E+07   0.531649E+02
   0.196447E-01   0.123873E+07   0.121214E+07   0.316230E+04   0.267408E+04   0.594438E+06   0.122488E+07   0.123457E+07   0.122489E+07  -0.351605E+00   0.122500E+07   0.122339E+07   0.537651E+02
   0.216915E-01   0.116604E+07   0.113586E+07   0.247252E+04   0.206120E+04   0.523216E+06   0.115166E+07   0.116131E+07   0.115167E+07  -0.330584E+00   0.115204E+07   0.115025E+07   0.538951E+02
   0.239515E-01   0.109054E+07   0.105675E+07   0.211185E+04   0.157834E+04   0.454941E+06   0.107571E+07   0.108525E+07   0.107572E+07  -0.308783E+00   0.107633E+07   0.107437E+07   0.533606E+02
   0.264470E-01   0.101298E+07   0.975797E+06   0.162879E+04   0.120023E+04   0.391074E+06   0.997836E+06   0.100716E+07   0.997841E+06  -0.286427E+00   0.998648E+06   0.996544E+06   0.519825E+02
   0.292025E-01   0.934467E+06   0.894402E+06   0.980373E+03   0.906386E+03   0.332807E+06   0.919182E+06   0.928188E+06   0.919185E+06  -0.263848E+00   0.920153E+06   0.917937E+06   0.495691E+02
   0.322450E-01   0.856434E+06   0.814382E+06   0.684581E+03   0.680025E+03   0.279862E+06   0.841222E+06   0.849845E+06   0.841224E+06  -0.241469E+00   0.842316E+06   0.840046E+06   0.459937E+02
   0.356046E-01   0.780677E+06   0.737938E+06   0.570037E+03   0.507503E+03   0.232876E+06   0.765794E+06   0.773980E+06   0.765796E+06  -0.219818E+00   0.766967E+06   0.764722E+06   0.412036E+02
   0.393142E-01   0.709193E+06   0.667458E+06   0.469801E+03   0.377575E+03   0.192421E+06   0.694934E+06   0.702653E+06   0.694936E+06  -0.199477E+00   0.696143E+06   0.694020E+06   0.352912E+02
   0.434103E-01   0.643906E+06   0.605111E+06   0.283602E+03   0.280901E+03   0.158152E+06   0.630570E+06   0.637827E+06   0.630571E+06  -0.181002E+00   0.631779E+06   0.629882E+06   0.285365E+02
   0.477513E-01   0.588088E+06   0.553907E+06   0.242776E+03   0.211965E+03   0.130814E+06   0.575895E+06   0.582732E+06   0.575896E+06  -0.165307E+00   0.577073E+06   0.575487E+06   0.217083E+02
   0.520924E-01   0.543955E+06   0.515165E+06   0.188770E+03   0.164799E+03   0.110128E+06   0.532949E+06   0.539444E+06   0.532950E+06  -0.152980E+00   0.534086E+06   0.532832E+06   0.157180E+02
   0.564334E-01   0.507947E+06   0.484533E+06   0.150314E+03   0.131216E+03   0.940679E+05   0.498072E+06   0.504278E+06   0.498073E+06  -0.142968E+00   0.499164E+06   0.498222E+06   0.108981E+02
   0.607744E-01   0.477352E+06   0.458640E+06   0.121901E+03   0.106406E+03   0.811918E+05   0.468471E+06   0.474420E+06   0.468471E+06  -0.134471E+00   0.469520E+06   0.468834E+06   0.738281E+01
   0.651155E-01   0.450194E+06   0.435056E+06   0.100211E+03   0.874671E+02   0.705753E+05   0.442115E+06   0.447822E+06   0.442115E+06  -0.126906E+00   0.443129E+06   0.442618E+06   0.513078E+01
   0.694565E-01   0.424781E+06   0.411884E+06   0.831238E+02   0.725500E+02   0.615665E+05   0.417296E+06   0.422760E+06   0.417296E+06  -0.119782E+00   0.418282E+06   0.417860E+06   0.396589E+01
   0.737975E-01   0.399901E+06   0.387949E+06   0.693032E+02   0.604856E+02   0.537269E+05   0.392820E+06   0.398028E+06   0.392820E+06  -0.112756E+00   0.393782E+06   0.393372E+06   0.362702E+01
   0.781386E-01   0.375157E+06   0.363093E+06   0.579514E+02   0.505774E+02   0.468464E+05   0.368328E+06   0.373266E+06   0.368329E+06  -0.105726E+00   0.369269E+06   0.368812E+06   0.381855E+01
   0.824796E-01   0.350834E+06   0.337968E+06   0.485875E+02   0.424049E+02   0.408043E+05   0.344159E+06   0.348818E+06   0.344159E+06  -0.987881E-01   0.345077E+06   0.344540E+06   0.425614E+01
   0.868206E-01   0.327562E+06   0.313621E+06   0.408886E+02   0.356858E+02   0.355714E+05   0.320993E+06   0.325377E+06   0.320993E+06  -0.921386E-01   0.321888E+06   0.321263E+06   0.470261E+01
   0.911617E-01   0.305947E+06   0.291045E+06   0.345945E+02   0.301927E+02   0.310871E+05   0.299489E+06   0.303612E+06   0.299489E+06  -0.859660E-01   0.300358E+06   0.299661E+06   0.499047E+01
   0.965767E-01   0.281995E+06   0.266490E+06   0.283726E+02   0.247625E+02   0.264636E+05   0.275737E+06   0.279566E+06   0.275737E+06  -0.791481E-01   0.276568E+06   0.275830E+06   0.499707E+01
   0.101992E+00   0.261920E+06   0.246730E+06   0.236118E+02   0.206072E+02   0.227830E+05   0.255958E+06   0.259540E+06   0.255958E+06  -0.734708E-01   0.256749E+06   0.256031E+06   0.459874E+01
   0.107407E+00   0.245843E+06   0.231860E+06   0.199852E+02   0.174415E+02   0.198892E+05   0.240267E+06   0.243652E+06   0.240267E+06  -0.689666E-01   0.241016E+06   0.240375E+06   0.389901E+01
   0.112822E+00   0.233202E+06   0.221033E+06   0.171938E+02   0.150048E+02   0.176060E+05   0.228062E+06   0.231295E+06   0.228062E+06  -0.654634E-01   0.228771E+06   0.228242E+06   0.306641E+01
   0.118237E+00   0.222883E+06   0.212720E+06   0.149782E+02   0.130707E+02   0.157465E+05   0.218181E+06   0.221290E+06   0.218181E+06  -0.626271E-01   0.218853E+06   0.218442E+06   0.227372E+01
   0.123652E+00   0.213672E+06   0.205293E+06   0.131426E+02   0.114684E+02   0.141570E+05   0.209360E+06   0.212359E+06   0.209361E+06  -0.600952E-01   0.210000E+06   0.209688E+06   0.165156E+01
   0.129067E+00   0.204632E+06   0.197519E+06   0.115604E+02   0.100875E+02   0.127392E+05   0.200631E+06   0.203517E+06   0.200631E+06  -0.575896E-01   0.201243E+06   0.200994E+06   0.126438E+01
   0.134482E+00   0.195254E+06   0.188764E+06   0.101618E+02   0.886693E+01   0.114393E+05   0.191472E+06   0.194237E+06   0.191472E+06  -0.549604E-01   0.192060E+06   0.191831E+06   0.110899E+01
   0.139897E+00   0.185445E+06   0.178994E+06   0.891508E+01   0.777909E+01   0.102378E+05   0.181799E+06   0.184434E+06   0.181799E+06  -0.521839E-01   0.182366E+06   0.182124E+06   0.113021E+01
   0.145312E+00   0.175426E+06   0.168620E+06   0.781011E+01   0.681498E+01   0.913890E+04   0.171860E+06   0.174359E+06   0.171860E+06  -0.493309E-01   0.172408E+06   0.172131E+06   0.124593E+01
   0.150727E+00   0.165586E+06   0.158289E+06   0.684471E+01   0.597267E+01   0.815234E+04   0.162078E+06   0.164443E+06   0.162078E+06  -0.465232E-01   0.162607E+06   0.162291E+06   0.137309E+01
   0.156142E+00   0.156386E+06   0.148702E+06   0.601785E+01   0.525122E+01   0.728763E+04   0.152945E+06   0.155182E+06   0.152945E+06  -0.439015E-01   0.153455E+06   0.153109E+06   0.144803E+01
   0.161557E+00   0.148252E+06   0.140455E+06   0.532516E+01   0.464680E+01   0.655021E+04   0.144905E+06   0.147031E+06   0.144905E+06  -0.415939E-01   0.145396E+06   0.145040E+06   0.143742E+01
   0.166972E+00   0.141417E+06   0.133846E+06   0.475445E+01   0.414877E+01   0.593497E+04   0.138199E+06   0.140231E+06   0.138199E+06  -0.396689E-01   0.138669E+06   0.138327E+06   0.133949E+01
   0.172387E+00   0.135812E+06   0.128766E+06   0.428475E+01   0.373885E+01   0.542377E+04   0.132752E+06   0.134708E+06   0.132752E+06  -0.381054E-01   0.133203E+06   0.132893E+06   0.117727E+01
   0.177802E+00   0.131130E+06   0.124791E+06   0.389120E+01   0.339536E+01   0.499039E+04   0.128243E+06   0.130136E+06   0.128243E+06  -0.368111E-01   0.128676E+06   0.128408E+06   0.987093E+00
   0.183217E+00   0.127011E+06   0.121417E+06   0.355210E+01   0.309939E+01   0.461263E+04   0.124296E+06   0.126135E+06   0.124296E+06  -0.356782E-01   0.124713E+06   0.124487E+06   0.806282E+00
   0.188632E+00   0.123132E+06   0.118177E+06   0.325081E+01   0.283644E+01   0.427153E+04   0.120569E+06   0.122355E+06   0.120569E+06  -0.346083E-01   0.120970E+06   0.120779E+06   0.663408E+00
   0.194047E+00   0.119215E+06   0.114707E+06   0.297535E+01   0.259606E+01   0.395374E+04   0.116776E+06   0.118509E+06   0.116776E+06  -0.335195E-01   0.117163E+06   0.116993E+06   0.572929E+00
   0.199462E+00   0.115086E+06   0.110797E+06   0.271860E+01   0.237202E+01   0.365186E+04   0.112739E+06   0.114414E+06   0.112739E+06  -0.323607E-01   0.113114E+06   0.112951E+06   0.534430E+00
   0.204877E+00   0.110734E+06   0.106466E+06   0.247864E+01   0.216266E+01   0.336409E+04   0.108451E+06   0.110065E+06   0.108451E+06  -0.311299E-01   0.108815E+06   0.108647E+06   0.535645E+00
   0.210292E+00   0.106292E+06   0.101919E+06   0.225711E+01   0.196939E+01   0.309373E+04   0.104056E+06   0.105607E+06   0.104056E+06  -0.298685E-01   0.104410E+06   0.104230E+06   0.557874E+00
   0.215707E+00   0.101951E+06   0.974369E+05   0.205636E+01   0.179424E+01   0.284541E+04   0.997555E+05   0.101244E+06   0.997555E+05  -0.286340E-01   0.100098E+06   0.999061E+05   0.581909E+00
   0.221122E+00   0.978801E+05   0.932691E+05   0.187771E+01   0.163838E+01   0.262183E+04   0.957275E+05   0.971576E+05   0.957275E+05  -0.274778E-01   0.960598E+05   0.958592E+05   0.592825E+00
   0.226537E+00   0.942008E+05   0.895934E+05   0.172116E+01   0.150179E+01   0.242395E+04   0.921014E+05   0.934788E+05   0.921014E+05  -0.264369E-01   0.924233E+05   0.922213E+05   0.582673E+00
   0.231952E+00   0.909733E+05   0.864885E+05   0.158534E+01   0.138327E+01   0.225113E+04   0.889390E+05   0.902705E+05   0.889390E+05  -0.255292E-01   0.892507E+05   0.890551E+05   0.550942E+00
   0.237367E+00   0.881785E+05   0.839191E+05   0.146756E+01   0.128050E+01   0.210038E+04   0.862190E+05   0.875111E+05   0.862190E+05  -0.247484E-01   0.865208E+05   0.863380E+05   0.503134E+00
   0.242782E+00   0.857281E+05   0.817558E+05   0.136430E+01   0.119038E+01   0.196721E+04   0.838480E+05   0.851057E+05   0.838480E+05  -0.240679E-01   0.841404E+05   0.839739E+05   0.448129E+00
   0.248197E+00   0.834972E+05   0.798222E+05   0.127195E+01   0.110980E+01   0.184733E+04   0.816949E+05   0.829213E+05   0.816949E+05  -0.234498E-01   0.819785E+05   0.818283E+05   0.395251E+00
   0.253612E+00   0.813574E+05   0.779427E+05   0.118741E+01   0.103602E+01   0.173657E+04   0.796259E+05   0.808223E+05   0.796259E+05  -0.228560E-01   0.799014E+05   0.797648E+05   0.351842E+00
   0.259027E+00   0.792053E+05   0.759823E+05   0.110840E+01   0.967077E+00   0.163182E+04   0.775344E+05   0.787002E+05   0.775344E+05  -0.222556E-01   0.778022E+05   0.776746E+05   0.321826E+00
   0.264443E+00   0.769880E+05   0.738773E+05   0.103373E+01   0.901922E+00   0.153171E+04   0.753664E+05   0.765005E+05   0.753664E+05  -0.216333E-01   0.756271E+05   0.755035E+05   0.305394E+00
   0.269858E+00   0.747118E+05   0.716437E+05   0.963170E+00   0.840363E+00   0.143612E+04   0.731298E+05   0.742310E+05   0.731298E+05  -0.209913E-01   0.733838E+05   0.732600E+05   0.299657E+00
   0.275273E+00   0.724235E+05   0.693527E+05   0.897061E+00   0.782686E+00   0.134558E+04   0.708743E+05   0.719423E+05   0.708743E+05  -0.203439E-01   0.711218E+05   0.709955E+05   0.299946E+00
   0.280688E+00   0.701824E+05   0.670941E+05   0.835826E+00   0.729262E+00   0.126099E+04   0.686632E+05   0.696985E+05   0.686632E+05  -0.197092E-01   0.689044E+05   0.687750E+05   0.301298E+00
   0.286103E+00   0.680451E+05   0.649526E+05   0.779770E+00   0.680356E+00   0.118307E+04   0.665564E+05   0.675605E+05   0.665564E+05  -0.191044E-01   0.667915E+05   0.666602E+05   0.299704E+00
   0.291518E+00   0.660599E+05   0.629958E+05   0.729023E+00   0.636080E+00   0.111199E+04   0.646045E+05   0.655797E+05   0.646045E+05  -0.185442E-01   0.648334E+05   0.647028E+05   0.292886E+00
   0.296933E+00   0.642536E+05   0.612581E+05   0.683426E+00   0.596295E+00   0.104782E+04   0.628352E+05   0.637842E+05   0.628352E+05  -0.180363E-01   0.630582E+05   0.629308E+05   0.280478E+00
   0.302348E+00   0.626209E+05   0.597291E+05   0.642459E+00   0.560548E+00   0.989963E+03   0.612423E+05   0.621678E+05   0.612423E+05  -0.175791E-01   0.614596E+05   0.613375E+05   0.263738E+00
   0.307763E+00   0.611271E+05   0.583609E+05   0.605353E+00   0.528171E+00   0.937269E+03   0.597897E+05   0.606936E+05   0.597897E+05  -0.171621E-01   0.600015E+05   0.598861E+05   0.244908E+00
   0.313178E+00   0.597264E+05   0.570905E+05   0.571313E+00   0.498468E+00   0.888626E+03   0.584295E+05   0.593133E+05   0.584295E+05  -0.167717E-01   0.586361E+05   0.585275E+05   0.226466E+00
   0.318593E+00   0.583768E+05   0.558595E+05   0.539675E+00   0.470861E+00   0.843203E+03   0.571179E+05   0.579823E+05   0.571179E+05  -0.163952E-01   0.573196E+05   0.572169E+05   0.210457E+00
   0.324008E+00   0.570461E+05   0.546242E+05   0.509947E+00   0.444922E+00   0.800236E+03   0.558214E+05   0.566666E+05   0.558214E+05  -0.160231E-01   0.560183E+05   0.559201E+05   0.198074E+00
   0.329423E+00   0.557133E+05   0.533594E+05   0.481805E+00   0.420368E+00   0.759217E+03   0.545187E+05   0.553444E+05   0.545187E+05  -0.156491E-01   0.547111E+05   0.546155E+05   0.189527E+00
   0.334838E+00   0.543730E+05   0.520619E+05   0.455102E+00   0.397070E+00   0.720091E+03   0.532047E+05   0.540109E+05   0.532047E+05  -0.152720E-01   0.533928E+05   0.532984E+05   0.184168E+00
   0.340253E+00   0.530370E+05   0.507512E+05   0.429851E+00   0.375039E+00   0.682846E+03   0.518922E+05   0.526788E+05   0.518922E+05  -0.148952E-01   0.520762E+05   0.519821E+05   0.180812E+00
   0.345668E+00   0.517281E+05   0.494602E+05   0.406151E+00   0.354362E+00   0.647665E+03   0.506054E+05   0.513727E+05   0.506054E+05  -0.145258E-01   0.507853E+05   0.506911E+05   0.178113E+00
   0.351083E+00   0.504694E+05   0.482219E+05   0.384087E+00   0.335112E+00   0.614759E+03   0.493684E+05   0.501172E+05   0.493684E+05  -0.141708E-01   0.495444E+05   0.494504E+05   0.174919E+00
   0.356498E+00   0.492760E+05   0.470583E+05   0.363664E+00   0.317294E+00   0.584191E+03   0.481971E+05   0.489285E+05   0.481971E+05  -0.138346E-01   0.483693E+05   0.482763E+05   0.170505E+00
   0.361913E+00   0.481539E+05   0.459787E+05   0.344815E+00   0.300848E+00   0.555826E+03   0.470982E+05   0.478131E+05   0.470982E+05  -0.135191E-01   0.472666E+05   0.471754E+05   0.164663E+00
   0.367328E+00   0.471022E+05   0.449812E+05   0.327419E+00   0.285669E+00   0.529560E+03   0.460703E+05   0.467698E+05   0.460703E+05  -0.132241E-01   0.462351E+05   0.461465E+05   0.157643E+00
   0.372743E+00   0.461135E+05   0.440546E+05   0.311320E+00   0.271622E+00   0.505182E+03   0.451058E+05   0.457909E+05   0.451058E+05  -0.129472E-01   0.452671E+05   0.451815E+05   0.150005E+00
   0.378158E+00   0.451747E+05   0.431801E+05   0.296334E+00   0.258547E+00   0.482372E+03   0.441908E+05   0.448622E+05   0.441908E+05  -0.126846E-01   0.443487E+05   0.442662E+05   0.142415E+00
   0.383573E+00   0.442693E+05   0.423356E+05   0.282276E+00   0.246280E+00   0.460907E+03   0.433081E+05   0.439663E+05   0.433081E+05  -0.124312E-01   0.434628E+05   0.433832E+05   0.135463E+00
   0.388988E+00   0.433831E+05   0.415028E+05   0.268991E+00   0.234689E+00   0.440535E+03   0.424433E+05   0.430884E+05   0.424433E+05  -0.121830E-01   0.425948E+05   0.425176E+05   0.129533E+00
   0.394403E+00   0.425081E+05   0.406718E+05   0.256383E+00   0.223688E+00   0.421106E+03   0.415881E+05   0.422204E+05   0.415881E+05  -0.119375E-01   0.417365E+05   0.416612E+05   0.124746E+00
   0.399818E+00   0.416427E+05   0.398411E+05   0.244401E+00   0.213235E+00   0.402555E+03   0.407408E+05   0.413604E+05   0.407408E+05  -0.116943E-01   0.408864E+05   0.408124E+05   0.120978E+00
   0.405233E+00   0.407894E+05   0.390154E+05   0.233026E+00   0.203310E+00   0.384893E+03   0.399044E+05   0.405114E+05   0.399044E+05  -0.114542E-01   0.400471E+05   0.399740E+05   0.117933E+00
   0.410648E+00   0.399532E+05   0.382031E+05   0.222255E+00   0.193913E+00   0.368073E+03   0.390842E+05   0.396789E+05   0.390842E+05  -0.112188E-01   0.392243E+05   0.391518E+05   0.115244E+00
   0.416063E+00   0.391408E+05   0.374141E+05   0.212092E+00   0.185046E+00   0.352151E+03   0.382875E+05   0.388702E+05   0.382875E+05  -0.109901E-01   0.384249E+05   0.383532E+05   0.112570E+00
   0.421478E+00   0.383584E+05   0.366573E+05   0.202536E+00   0.176709E+00   0.337153E+03   0.375207E+05   0.380919E+05   0.375207E+05  -0.107700E-01   0.376555E+05   0.375847E+05   0.109676E+00
   0.426893E+00   0.376097E+05   0.359376E+05   0.193572E+00   0.168887E+00   0.323012E+03   0.367876E+05   0.373477E+05   0.367876E+05  -0.105596E-01   0.369198E+05   0.368502E+05   0.106458E+00
   0.432308E+00   0.368946E+05   0.352552E+05   0.185164E+00   0.161552E+00   0.309716E+03   0.360882E+05   0.366377E+05   0.360882E+05  -0.103588E-01   0.362179E+05   0.361498E+05   0.102948E+00
   0.437723E+00   0.362102E+05   0.346061E+05   0.177264E+00   0.154659E+00   0.297204E+03   0.354194E+05   0.359589E+05   0.354194E+05  -0.101668E-01   0.355467E+05   0.354802E+05   0.992726E-01
   0.443138E+00   0.355516E+05   0.339838E+05   0.169818E+00   0.148162E+00   0.285366E+03   0.347762E+05   0.353060E+05   0.347762E+05  -0.998220E-02   0.349012E+05   0.348363E+05   0.956068E-01
   0.448553E+00   0.349139E+05   0.333814E+05   0.162775E+00   0.142017E+00   0.274113E+03   0.341534E+05   0.346738E+05   0.341534E+05  -0.980344E-02   0.342762E+05   0.342129E+05   0.921215E-01
   0.453968E+00   0.342928E+05   0.327932E+05   0.156092E+00   0.136186E+00   0.263437E+03   0.335466E+05   0.340578E+05   0.335466E+05  -0.962927E-02   0.336672E+05   0.336054E+05   0.889411E-01
   0.459383E+00   0.336849E+05   0.322149E+05   0.149733E+00   0.130638E+00   0.253235E+03   0.329523E+05   0.334546E+05   0.329523E+05  -0.945868E-02   0.330708E+05   0.330102E+05   0.861210E-01
   0.464798E+00   0.330879E+05   0.316441E+05   0.143672E+00   0.125349E+00   0.243466E+03   0.323682E+05   0.328617E+05   0.323682E+05  -0.929103E-02   0.324847E+05   0.324252E+05   0.836470E-01
   0.470213E+00   0.325015E+05   0.310809E+05   0.137891E+00   0.120306E+00   0.234143E+03   0.317941E+05   0.322789E+05   0.317941E+05  -0.912623E-02   0.319086E+05   0.318499E+05   0.814507E-01
   0.475629E+00   0.319273E+05   0.305281E+05   0.132385E+00   0.115502E+00   0.225236E+03   0.312318E+05   0.317081E+05   0.312318E+05  -0.896483E-02   0.313443E+05   0.312865E+05   0.794344E-01
   0.481044E+00   0.313679E+05   0.299890E+05   0.127150E+00   0.110935E+00   0.216730E+03   0.306838E+05   0.311518E+05   0.306838E+05  -0.880753E-02   0.307944E+05   0.307373E+05   0.774980E-01
   0.486459E+00   0.308246E+05   0.294663E+05   0.122178E+00   0.106597E+00   0.208639E+03   0.301518E+05   0.306117E+05   0.301518E+05  -0.865481E-02   0.302605E+05   0.302043E+05   0.755624E-01
   0.491874E+00   0.302980E+05   0.289610E+05   0.117460E+00   0.102480E+00   0.200955E+03   0.296364E+05   0.300885E+05   0.296364E+05  -0.850686E-02   0.297433E+05   0.296879E+05   0.735834E-01
   0.497289E+00   0.297884E+05   0.284736E+05   0.112982E+00   0.985738E-01   0.193621E+03   0.291378E+05   0.295824E+05   0.291378E+05  -0.836375E-02   0.292429E+05   0.291885E+05   0.715545E-01
   0.502704E+00   0.292956E+05   0.280036E+05   0.108733E+00   0.948661E-01   0.186656E+03   0.286559E+05   0.290932E+05   0.286559E+05  -0.822543E-02   0.287593E+05   0.287058E+05   0.695004E-01
   0.508119E+00   0.288185E+05   0.275496E+05   0.104695E+00   0.913434E-01   0.180031E+03   0.281894E+05   0.286197E+05   0.281894E+05  -0.809154E-02   0.282912E+05   0.282387E+05   0.674638E-01
   0.513534E+00   0.283549E+05   0.271087E+05   0.100851E+00   0.879894E-01   0.173700E+03   0.277362E+05   0.281596E+05   0.277362E+05  -0.796145E-02   0.278364E+05   0.277849E+05   0.654914E-01
   0.518949E+00   0.279026E+05   0.266784E+05   0.971830E-01   0.847891E-01   0.167647E+03   0.272941E+05   0.277107E+05   0.272941E+05  -0.783453E-02   0.273926E+05   0.273421E+05   0.636216E-01
   0.524364E+00   0.274604E+05   0.262569E+05   0.936781E-01   0.817312E-01   0.161856E+03   0.268617E+05   0.272718E+05   0.268617E+05  -0.771041E-02   0.269587E+05   0.269090E+05   0.618764E-01
   0.529779E+00   0.270276E+05   0.258435E+05   0.903265E-01   0.788069E-01   0.156301E+03   0.264383E+05   0.268420E+05   0.264383E+05  -0.758890E-02   0.265338E+05   0.264850E+05   0.602588E-01
   0.535194E+00   0.266038E+05   0.254379E+05   0.871197E-01   0.760091E-01   0.150971E+03   0.260237E+05   0.264211E+05   0.260237E+05  -0.746988E-02   0.261177E+05   0.260696E+05   0.587546E-01
   0.540609E+00   0.261888E+05   0.250401E+05   0.840504E-01   0.733313E-01   0.145871E+03   0.256176E+05   0.260088E+05   0.256176E+05  -0.735331E-02   0.257102E+05   0.256627E+05   0.573389E-01
   0.546024E+00   0.257829E+05   0.246508E+05   0.811136E-01   0.707689E-01   0.140967E+03   0.252203E+05   0.256055E+05   0.252203E+05  -0.723927E-02   0.253115E+05   0.252647E+05   0.559831E-01
   0.551439E+00   0.253867E+05   0.242708E+05   0.783055E-01   0.683190E-01   0.136274E+03   0.248325E+05   0.252119E+05   0.248325E+05  -0.712797E-02   0.249224E+05   0.248762E+05   0.546620E-01
   0.556854E+00   0.250009E+05   0.239012E+05   0.756223E-01   0.659779E-01   0.131787E+03   0.244550E+05   0.248286E+05   0.244550E+05  -0.701959E-02   0.245435E+05   0.244980E+05   0.533583E-01
   0.562269E+00   0.246252E+05   0.235417E+05   0.730577E-01   0.637404E-01   0.127483E+03   0.240874E+05   0.244554E+05   0.240874E+05  -0.691408E-02   0.241746E+05   0.241298E+05   0.520641E-01
   0.567684E+00   0.242592E+05   0.231919E+05   0.706052E-01   0.616007E-01   0.123364E+03   0.237294E+05   0.240920E+05   0.237294E+05  -0.681132E-02   0.238153E+05   0.237711E+05   0.507816E-01
   0.573099E+00   0.239024E+05   0.228514E+05   0.682585E-01   0.595532E-01   0.119413E+03   0.233804E+05   0.237377E+05   0.233804E+05  -0.671115E-02   0.234651E+05   0.234216E+05   0.495197E-01
   0.578514E+00   0.235545E+05   0.225194E+05   0.660118E-01   0.575930E-01   0.115628E+03   0.230402E+05   0.233923E+05   0.230402E+05  -0.661349E-02   0.231236E+05   0.230808E+05   0.482903E-01
   0.629782E+00   0.206138E+05   0.197081E+05   0.487466E-01   0.425296E-01   0.862807E+02   0.201635E+05   0.204719E+05   0.201635E+05  -0.578777E-02   0.202367E+05   0.201992E+05   0.388215E-01
   0.769218E+00   0.149994E+05   0.143409E+05   0.237753E-01   0.207430E-01   0.429373E+02   0.146715E+05   0.148962E+05   0.146715E+05  -0.421132E-02   0.147249E+05   0.146977E+05   0.230859E-01
   0.939525E+00   0.108602E+05   0.103836E+05   0.115388E-01   0.100671E-01   0.211513E+02   0.106226E+05   0.107855E+05   0.106226E+05  -0.304914E-02   0.106614E+05   0.106417E+05   0.136756E-01
   0.114754E+01   0.782836E+04   0.748491E+04   0.557533E-02   0.486423E-02   0.103301E+02   0.765709E+04   0.777454E+04   0.765709E+04  -0.219790E-02   0.768504E+04   0.767087E+04   0.806736E-02
   0.140161E+01   0.562007E+04   0.537355E+04   0.268299E-02   0.234078E-02   0.500921E+01   0.549708E+04   0.558144E+04   0.549708E+04  -0.157789E-02   0.551717E+04   0.550700E+04   0.474062E-02
   0.171193E+01   0.401975E+04   0.384345E+04   0.128634E-02   0.112227E-02   0.241421E+01   0.393177E+04   0.399212E+04   0.393177E+04  -0.112858E-02   0.394615E+04   0.393887E+04   0.277600E-02
   0.209095E+01   0.286542E+04   0.273976E+04   0.614646E-03   0.536250E-03   0.115768E+01   0.280270E+04   0.284573E+04   0.280270E+04  -0.804491E-03   0.281295E+04   0.280777E+04   0.162052E-02
   0.255389E+01   0.203625E+04   0.194695E+04   0.292783E-03   0.255439E-03   0.552818E+00   0.199167E+04   0.202225E+04   0.199167E+04  -0.571692E-03   0.199896E+04   0.199527E+04   0.943394E-03
   0.311933E+01   0.144292E+04   0.137965E+04   0.139072E-03   0.121334E-03   0.263089E+00   0.141133E+04   0.143301E+04   0.141133E+04  -0.405110E-03   0.141650E+04   0.141388E+04   0.547921E-03
   0.380996E+01   0.101980E+04   0.975078E+03   0.658861E-04   0.574825E-04   0.124763E+00   0.997474E+03   0.101279E+04   0.997474E+03  -0.286316E-03   0.100113E+04   0.999275E+03   0.317623E-03
   0.465350E+01   0.719028E+03   0.687490E+03   0.311390E-04   0.271673E-04   0.590072E-01   0.703285E+03   0.714086E+03   0.703285E+03  -0.201872E-03   0.705861E+03   0.704551E+03   0.183869E-03
   0.568379E+01   0.505836E+03   0.483641E+03   0.146841E-04   0.128112E-04   0.278436E-01   0.494759E+03   0.502358E+03   0.494759E+03  -0.142016E-03   0.496571E+03   0.495646E+03   0.106364E-03
   0.694221E+01   0.355123E+03   0.339533E+03   0.691028E-05   0.602890E-05   0.131054E-01   0.347345E+03   0.352680E+03   0.347345E+03  -0.997024E-04   0.348618E+03   0.347964E+03   0.615389E-04
   0.847923E+01   0.248841E+03   0.237908E+03   0.324576E-05   0.283177E-05   0.615833E-02   0.243389E+03   0.247128E+03   0.243389E+03  -0.698628E-04   0.244282E+03   0.243819E+03   0.356523E-04
   0.103566E+02   0.174058E+03   0.166401E+03   0.152182E-05   0.132772E-05   0.288836E-02   0.170243E+03   0.172858E+03   0.170243E+03  -0.488669E-04   0.170868E+03   0.170540E+03   0.207163E-04
   0.126495E+02   0.121549E+03   0.116191E+03   0.712346E-06   0.621494E-06   0.135156E-02   0.118883E+03   0.120709E+03   0.118883E+03  -0.341245E-04   0.119320E+03   0.119086E+03   0.121002E-04
   0.154502E+02   0.847498E+02   0.810034E+02   0.332923E-06   0.290463E-06   0.632005E-03   0.828896E+02   0.841628E+02   0.828896E+02  -0.237927E-04   0.831948E+02   0.830263E+02   0.712584E-05
   0.188709E+02   0.590063E+02   0.563866E+02   0.155367E-06   0.135553E-06   0.295008E-03   0.577094E+02   0.585958E+02   0.577094E+02  -0.165650E-04   0.579225E+02   0.577998E+02   0.424787E-05
   0.230489E+02   0.410269E+02   0.391936E+02   0.724058E-07   0.631727E-07   0.137493E-03   0.401233E+02   0.407396E+02   0.401233E+02  -0.115171E-04   0.402721E+02   0.401812E+02   0.257607E-05
   0.281520E+02   0.284893E+02   0.272040E+02   0.336985E-07   0.294019E-07   0.639689E-04   0.278599E+02   0.282879E+02   0.278599E+02  -0.799696E-05   0.279639E+02   0.278950E+02   0.159849E-05
   0.343849E+02   0.197590E+02   0.188548E+02   0.156636E-07   0.136668E-07   0.297562E-04   0.193205E+02   0.196173E+02   0.193205E+02  -0.554579E-05   0.193933E+02   0.193395E+02   0.102103E-05
   0.419979E+02   0.136879E+02   0.130484E+02   0.727139E-08   0.634467E-08   0.138071E-04   0.133821E+02   0.135877E+02   0.133821E+02  -0.384123E-05   0.134332E+02   0.133898E+02   0.674847E-06
   0.512963E+02   0.947136E+01   0.901537E+01   0.337119E-08   0.294172E-08   0.639461E-05   0.925770E+01   0.939990E+01   0.925770E+01  -0.265734E-05   0.929374E+01   0.925738E+01   0.463033E-06
   0.626535E+02   0.654629E+01   0.621724E+01   0.156087E-08   0.136214E-08   0.296402E-05   0.639648E+01   0.649473E+01   0.639648E+01  -0.183605E-05   0.642210E+01   0.639047E+01   0.329894E-06
   0.765251E+02   0.451936E+01   0.427795E+01   0.721621E-09   0.629824E-09   0.137157E-05   0.441374E+01   0.448153E+01   0.441374E+01  -0.126692E-05   0.443216E+01   0.440365E+01   0.243357E-06
   0.934680E+02   0.311623E+01   0.293524E+01   0.333059E-09   0.290746E-09   0.632734E-06   0.304116E+01   0.308787E+01   0.304116E+01  -0.872939E-06   0.305461E+01   0.302816E+01   0.184873E-06
   0.114162E+03   0.214587E+01   0.200647E+01   0.153411E-09   0.133958E-09   0.291499E-06   0.209190E+01   0.212403E+01   0.209190E+01  -0.600461E-06   0.210192E+01   0.207682E+01   0.143639E-06
