#          k/h    CDM            baryon         photon         nu             mass_nu        total          no_nu          total_de       Weyl           v_CDM          v_b            v_b-v_c     
   0.105184E-04   0.667114E+06   0.667114E+06   0.889474E+06   0.889473E+06   0.670022E+06   0.667159E+06   0.667114E+06   0.675476E+06  -0.601937E+00   0.665370E+06   0.665370E+06   0.161222E+00
   0.116143E-04   0.667114E+06   0.667114E+06   0.889471E+06   0.889470E+06   0.670021E+06   0.667159E+06   0.667114E+06   0.675476E+06  -0.601937E+00   0.665370E+06   0.665370E+06   0.178019E+00
   0.128244E-04   0.667114E+06   0.667114E+06   0.889467E+06   0.889466E+06   0.670021E+06   0.667159E+06   0.667114E+06   0.675476E+06  -0.601937E+00   0.665370E+06   0.665370E+06   0.196567E+00
   0.141606E-04   0.667114E+06   0.667114E+06   0.889463E+06   0.889462E+06   0.670020E+06   0.667158E+06   0.667114E+06   0.675476E+06  -0.601937E+00   0.665370E+06   0.665370E+06   0.217047E+00
   0.156360E-04   0.667114E+06   0.667114E+06   0.889458E+06   0.889457E+06   0.670020E+06   0.667158E+06   0.667114E+06   0.675475E+06  -0.601937E+00   0.665370E+06   0.665370E+06   0.239661E+00
   0.172651E-04   0.667114E+06   0.667114E+06   0.889452E+06   0.889450E+06   0.670019E+06   0.667158E+06   0.667114E+06   0.675475E+06  -0.601937E+00   0.665370E+06   0.665370E+06   0.264630E+00
   0.190639E-04   0.667114E+06   0.667114E+06   0.889444E+06   0.889442E+06   0.670019E+06   0.667158E+06   0.667114E+06   0.675475E+06  -0.601936E+00   0.665370E+06   0.665370E+06   0.292202E+00
   0.210501E-04   0.667114E+06   0.667114E+06   0.889435E+06   0.889433E+06   0.670018E+06   0.667158E+06   0.667114E+06   0.675475E+06  -0.601936E+00   0.665370E+06   0.665370E+06   0.322646E+00
   0.232433E-04   0.667113E+06   0.667113E+06   0.889423E+06   0.889421E+06   0.670017E+06   0.667158E+06   0.667113E+06   0.675474E+06  -0.601936E+00   0.665369E+06   0.665369E+06   0.356261E+00
   0.256650E-04   0.667113E+06   0.667113E+06   0.889410E+06   0.889406E+06   0.670015E+06   0.667157E+06   0.667113E+06   0.675474E+06  -0.601935E+00   0.665369E+06   0.665369E+06   0.393380E+00
   0.283390E-04   0.667113E+06   0.667113E+06   0.889393E+06   0.889389E+06   0.670014E+06   0.667157E+06   0.667113E+06   0.675473E+06  -0.601935E+00   0.665368E+06   0.665368E+06   0.434365E+00
   0.312916E-04   0.667112E+06   0.667112E+06   0.889372E+06   0.889367E+06   0.670012E+06   0.667156E+06   0.667112E+06   0.675472E+06  -0.601934E+00   0.665368E+06   0.665368E+06   0.479620E+00
   0.345519E-04   0.667112E+06   0.667112E+06   0.889347E+06   0.889341E+06   0.670009E+06   0.667156E+06   0.667112E+06   0.675472E+06  -0.601933E+00   0.665368E+06   0.665368E+06   0.529590E+00
   0.381518E-04   0.667111E+06   0.667111E+06   0.889317E+06   0.889309E+06   0.670006E+06   0.667155E+06   0.667111E+06   0.675471E+06  -0.601932E+00   0.665367E+06   0.665367E+06   0.584766E+00
   0.421268E-04   0.667110E+06   0.667110E+06   0.889279E+06   0.889271E+06   0.670002E+06   0.667154E+06   0.667110E+06   0.675469E+06  -0.601931E+00   0.665366E+06   0.665366E+06   0.645690E+00
   0.465159E-04   0.667109E+06   0.667109E+06   0.889234E+06   0.889223E+06   0.669998E+06   0.667153E+06   0.667109E+06   0.675468E+06  -0.601930E+00   0.665365E+06   0.665365E+06   0.712961E+00
   0.513623E-04   0.667108E+06   0.667108E+06   0.889178E+06   0.889166E+06   0.669992E+06   0.667152E+06   0.667108E+06   0.675466E+06  -0.601928E+00   0.665364E+06   0.665364E+06   0.787240E+00
   0.567137E-04   0.667106E+06   0.667106E+06   0.889111E+06   0.889096E+06   0.669986E+06   0.667150E+06   0.667106E+06   0.675464E+06  -0.601926E+00   0.665362E+06   0.665362E+06   0.869257E+00
   0.626227E-04   0.667104E+06   0.667104E+06   0.889029E+06   0.889010E+06   0.669978E+06   0.667148E+06   0.667104E+06   0.675461E+06  -0.601923E+00   0.665360E+06   0.665360E+06   0.959817E+00
   0.691473E-04   0.667102E+06   0.667102E+06   0.888928E+06   0.888905E+06   0.669968E+06   0.667146E+06   0.667102E+06   0.675458E+06  -0.601920E+00   0.665358E+06   0.665358E+06   0.105981E+01
   0.763516E-04   0.667099E+06   0.667099E+06   0.888806E+06   0.888778E+06   0.669956E+06   0.667143E+06   0.667099E+06   0.675453E+06  -0.601916E+00   0.665355E+06   0.665355E+06   0.117022E+01
   0.843066E-04   0.667096E+06   0.667095E+06   0.888657E+06   0.888623E+06   0.669941E+06   0.667139E+06   0.667096E+06   0.675448E+06  -0.601911E+00   0.665352E+06   0.665351E+06   0.129213E+01
   0.930904E-04   0.667092E+06   0.667091E+06   0.888475E+06   0.888433E+06   0.669923E+06   0.667135E+06   0.667092E+06   0.675442E+06  -0.601906E+00   0.665347E+06   0.665347E+06   0.142673E+01
   0.102789E-03   0.667087E+06   0.667086E+06   0.888254E+06   0.888203E+06   0.669901E+06   0.667129E+06   0.667086E+06   0.675435E+06  -0.601899E+00   0.665342E+06   0.665342E+06   0.157535E+01
   0.113499E-03   0.667080E+06   0.667079E+06   0.887984E+06   0.887922E+06   0.669874E+06   0.667123E+06   0.667080E+06   0.675426E+06  -0.601890E+00   0.665336E+06   0.665336E+06   0.173945E+01
   0.125324E-03   0.667073E+06   0.667072E+06   0.887655E+06   0.887579E+06   0.669842E+06   0.667115E+06   0.667073E+06   0.675415E+06  -0.601880E+00   0.665328E+06   0.665328E+06   0.192063E+01
   0.138382E-03   0.667064E+06   0.667062E+06   0.887254E+06   0.887161E+06   0.669802E+06   0.667105E+06   0.667064E+06   0.675401E+06  -0.601867E+00   0.665319E+06   0.665319E+06   0.212067E+01
   0.152799E-03   0.667053E+06   0.667050E+06   0.886765E+06   0.886652E+06   0.669753E+06   0.667093E+06   0.667052E+06   0.675385E+06  -0.601852E+00   0.665308E+06   0.665307E+06   0.234153E+01
   0.168719E-03   0.667039E+06   0.667036E+06   0.886169E+06   0.886032E+06   0.669694E+06   0.667079E+06   0.667038E+06   0.675365E+06  -0.601833E+00   0.665294E+06   0.665294E+06   0.258536E+01
   0.186298E-03   0.667022E+06   0.667019E+06   0.885443E+06   0.885276E+06   0.669622E+06   0.667061E+06   0.667022E+06   0.675340E+06  -0.601810E+00   0.665277E+06   0.665277E+06   0.285456E+01
   0.205708E-03   0.667002E+06   0.666998E+06   0.884559E+06   0.884355E+06   0.669535E+06   0.667040E+06   0.667001E+06   0.675311E+06  -0.601782E+00   0.665257E+06   0.665256E+06   0.315175E+01
   0.227141E-03   0.666977E+06   0.666972E+06   0.883482E+06   0.883234E+06   0.669428E+06   0.667014E+06   0.666977E+06   0.675274E+06  -0.601747E+00   0.665232E+06   0.665231E+06   0.347982E+01
   0.250806E-03   0.666947E+06   0.666941E+06   0.882171E+06   0.881869E+06   0.669297E+06   0.666982E+06   0.666946E+06   0.675230E+06  -0.601706E+00   0.665201E+06   0.665200E+06   0.384197E+01
   0.276938E-03   0.666910E+06   0.666903E+06   0.880574E+06   0.880207E+06   0.669138E+06   0.666943E+06   0.666909E+06   0.675176E+06  -0.601655E+00   0.665164E+06   0.665163E+06   0.424171E+01
   0.305791E-03   0.666866E+06   0.666857E+06   0.878631E+06   0.878184E+06   0.668945E+06   0.666896E+06   0.666864E+06   0.675110E+06  -0.601593E+00   0.665119E+06   0.665118E+06   0.468291E+01
   0.337651E-03   0.666811E+06   0.666801E+06   0.876267E+06   0.875724E+06   0.668709E+06   0.666838E+06   0.666810E+06   0.675031E+06  -0.601518E+00   0.665064E+06   0.665062E+06   0.516983E+01
   0.372831E-03   0.666745E+06   0.666732E+06   0.873393E+06   0.872733E+06   0.668421E+06   0.666768E+06   0.666743E+06   0.674933E+06  -0.601426E+00   0.664996E+06   0.664994E+06   0.570713E+01
   0.411676E-03   0.666664E+06   0.666648E+06   0.869900E+06   0.869099E+06   0.668071E+06   0.666683E+06   0.666661E+06   0.674815E+06  -0.601315E+00   0.664914E+06   0.664912E+06   0.629995E+01
   0.454568E-03   0.666565E+06   0.666546E+06   0.865658E+06   0.864687E+06   0.667645E+06   0.666579E+06   0.666562E+06   0.674670E+06  -0.601179E+00   0.664814E+06   0.664812E+06   0.695391E+01
   0.501929E-03   0.666445E+06   0.666422E+06   0.860512E+06   0.859336E+06   0.667126E+06   0.666452E+06   0.666442E+06   0.674495E+06  -0.601013E+00   0.664693E+06   0.664690E+06   0.767518E+01
   0.554224E-03   0.666299E+06   0.666270E+06   0.854274E+06   0.852853E+06   0.666494E+06   0.666298E+06   0.666295E+06   0.674282E+06  -0.600812E+00   0.664545E+06   0.664541E+06   0.847048E+01
   0.611968E-03   0.666121E+06   0.666086E+06   0.846724E+06   0.845010E+06   0.665725E+06   0.666110E+06   0.666116E+06   0.674022E+06  -0.600568E+00   0.664365E+06   0.664360E+06   0.934715E+01
   0.675728E-03   0.665905E+06   0.665862E+06   0.837601E+06   0.835537E+06   0.664789E+06   0.665881E+06   0.665898E+06   0.673707E+06  -0.600271E+00   0.664145E+06   0.664139E+06   0.103131E+02
   0.746132E-03   0.665641E+06   0.665589E+06   0.826596E+06   0.824120E+06   0.663652E+06   0.665603E+06   0.665633E+06   0.673325E+06  -0.599910E+00   0.663878E+06   0.663871E+06   0.113771E+02
   0.823870E-03   0.665321E+06   0.665258E+06   0.813356E+06   0.810394E+06   0.662271E+06   0.665265E+06   0.665311E+06   0.672862E+06  -0.599473E+00   0.663553E+06   0.663544E+06   0.125484E+02
   0.909708E-03   0.664932E+06   0.664855E+06   0.797472E+06   0.793945E+06   0.660594E+06   0.664854E+06   0.664920E+06   0.672301E+06  -0.598943E+00   0.663158E+06   0.663147E+06   0.138368E+02
   0.100449E-02   0.664460E+06   0.664366E+06   0.778484E+06   0.774306E+06   0.658560E+06   0.664356E+06   0.664446E+06   0.671623E+06  -0.598302E+00   0.662679E+06   0.662665E+06   0.152532E+02
   0.110915E-02   0.663888E+06   0.663773E+06   0.755888E+06   0.750971E+06   0.656097E+06   0.663752E+06   0.663870E+06   0.670805E+06  -0.597528E+00   0.662096E+06   0.662080E+06   0.168087E+02
   0.122471E-02   0.663194E+06   0.663055E+06   0.729140E+06   0.723402E+06   0.653117E+06   0.663019E+06   0.663172E+06   0.669820E+06  -0.596596E+00   0.661390E+06   0.661370E+06   0.185151E+02
   0.135231E-02   0.662355E+06   0.662185E+06   0.697690E+06   0.691060E+06   0.649475E+06   0.662133E+06   0.662329E+06   0.668638E+06  -0.595475E+00   0.660534E+06   0.660510E+06   0.203845E+02
   0.149320E-02   0.661342E+06   0.661135E+06   0.661014E+06   0.653451E+06   0.645084E+06   0.661063E+06   0.661310E+06   0.667222E+06  -0.594131E+00   0.659499E+06   0.659470E+06   0.224293E+02
   0.164878E-02   0.660121E+06   0.659869E+06   0.618675E+06   0.610185E+06   0.639841E+06   0.659774E+06   0.660082E+06   0.665534E+06  -0.592526E+00   0.658250E+06   0.658214E+06   0.246619E+02
   0.182056E-02   0.658653E+06   0.658346E+06   0.570412E+06   0.561074E+06   0.633582E+06   0.658224E+06   0.658605E+06   0.663530E+06  -0.590617E+00   0.656744E+06   0.656701E+06   0.270942E+02
   0.201024E-02   0.656892E+06   0.656518E+06   0.516252E+06   0.506249E+06   0.626123E+06   0.656367E+06   0.656834E+06   0.661164E+06  -0.588359E+00   0.654934E+06   0.654882E+06   0.297377E+02
   0.221969E-02   0.654789E+06   0.654333E+06   0.456659E+06   0.446309E+06   0.617271E+06   0.654148E+06   0.654717E+06   0.658387E+06  -0.585701E+00   0.652766E+06   0.652703E+06   0.326027E+02
   0.245096E-02   0.652285E+06   0.651730E+06   0.392697E+06   0.382475E+06   0.606816E+06   0.651508E+06   0.652198E+06   0.655150E+06  -0.582597E+00   0.650177E+06   0.650101E+06   0.356982E+02
   0.270632E-02   0.649319E+06   0.648645E+06   0.326180E+06   0.316729E+06   0.594546E+06   0.648382E+06   0.649213E+06   0.651404E+06  -0.578999E+00   0.647099E+06   0.647007E+06   0.390318E+02
   0.298829E-02   0.645825E+06   0.645005E+06   0.259774E+06   0.251861E+06   0.580257E+06   0.644701E+06   0.645697E+06   0.647107E+06  -0.574864E+00   0.643460E+06   0.643349E+06   0.426094E+02
   0.329963E-02   0.641734E+06   0.640738E+06   0.196935E+06   0.191352E+06   0.563778E+06   0.640395E+06   0.641578E+06   0.642220E+06  -0.570161E+00   0.639183E+06   0.639049E+06   0.464360E+02
   0.364342E-02   0.636978E+06   0.635768E+06   0.141614E+06   0.138986E+06   0.544988E+06   0.635392E+06   0.636788E+06   0.636708E+06  -0.564864E+00   0.634192E+06   0.634032E+06   0.505163E+02
   0.402302E-02   0.631490E+06   0.630022E+06   0.975884E+05   0.981056E+05   0.523850E+06   0.629626E+06   0.631260E+06   0.630540E+06  -0.558960E+00   0.628416E+06   0.628224E+06   0.548560E+02
   0.444218E-02   0.625211E+06   0.623431E+06   0.674305E+05   0.705653E+05   0.500446E+06   0.623039E+06   0.624932E+06   0.623678E+06  -0.552441E+00   0.621794E+06   0.621564E+06   0.594636E+02
   0.490500E-02   0.618088E+06   0.615931E+06   0.512855E+05   0.556604E+05   0.475000E+06   0.615578E+06   0.617750E+06   0.616071E+06  -0.545295E+00   0.614277E+06   0.614003E+06   0.643515E+02
   0.541605E-02   0.610074E+06   0.607465E+06   0.459948E+05   0.496338E+05   0.447902E+06   0.607205E+06   0.609665E+06   0.607646E+06  -0.537499E+00   0.605835E+06   0.605507E+06   0.695360E+02
   0.598034E-02   0.601132E+06   0.597978E+06   0.454225E+05   0.465625E+05   0.419688E+06   0.597885E+06   0.600638E+06   0.598314E+06  -0.529002E+00   0.596448E+06   0.596058E+06   0.750348E+02
   0.660342E-02   0.591224E+06   0.587418E+06   0.427362E+05   0.410081E+05   0.391001E+06   0.587591E+06   0.590627E+06   0.587986E+06  -0.519732E+00   0.586107E+06   0.585642E+06   0.808614E+02
   0.729143E-02   0.580313E+06   0.575729E+06   0.342869E+05   0.314090E+05   0.362494E+06   0.576293E+06   0.579595E+06   0.576605E+06  -0.509606E+00   0.574794E+06   0.574241E+06   0.870181E+02
   0.805111E-02   0.568362E+06   0.562850E+06   0.225618E+05   0.213190E+05   0.334723E+06   0.563958E+06   0.567498E+06   0.564165E+06  -0.498562E+00   0.562479E+06   0.561824E+06   0.934900E+02
   0.888995E-02   0.555334E+06   0.548723E+06   0.142901E+05   0.157321E+05   0.308047E+06   0.550553E+06   0.554298E+06   0.550691E+06  -0.486576E+00   0.549120E+06   0.548344E+06   0.100243E+03
   0.981618E-02   0.541200E+06   0.533289E+06   0.129855E+05   0.143045E+05   0.282604E+06   0.536046E+06   0.539960E+06   0.536171E+06  -0.473652E+00   0.534667E+06   0.533751E+06   0.107229E+03
   0.108389E-01   0.525934E+06   0.516499E+06   0.137003E+05   0.113924E+05   0.258375E+06   0.520409E+06   0.524456E+06   0.520530E+06  -0.459769E+00   0.519103E+06   0.518024E+06   0.114379E+03
   0.119682E-01   0.509516E+06   0.498304E+06   0.101204E+05   0.904424E+04   0.235287E+06   0.503615E+06   0.507759E+06   0.503706E+06  -0.444882E+00   0.502401E+06   0.501134E+06   0.121594E+03
   0.132152E-01   0.491999E+06   0.478734E+06   0.574192E+04   0.715464E+04   0.212473E+06   0.485701E+06   0.489921E+06   0.485758E+06  -0.429007E+00   0.484619E+06   0.483138E+06   0.128728E+03
   0.145920E-01   0.473222E+06   0.457612E+06   0.591135E+04   0.563519E+04   0.190105E+06   0.466507E+06   0.470776E+06   0.466562E+06  -0.412014E+00   0.465562E+06   0.463840E+06   0.135580E+03
   0.161124E-01   0.453239E+06   0.434985E+06   0.508237E+04   0.441823E+04   0.168004E+06   0.446084E+06   0.450379E+06   0.446129E+06  -0.393951E+00   0.445289E+06   0.443299E+06   0.141897E+03
   0.177911E-01   0.432027E+06   0.410845E+06   0.279624E+04   0.344661E+04   0.146299E+06   0.424413E+06   0.428708E+06   0.424441E+06  -0.374788E+00   0.423779E+06   0.421496E+06   0.147351E+03
   0.196447E-01   0.409666E+06   0.385316E+06   0.318351E+04   0.267355E+04   0.126353E+06   0.401600E+06   0.405851E+06   0.401628E+06  -0.354623E+00   0.401122E+06   0.398530E+06   0.151540E+03
   0.216915E-01   0.386231E+06   0.358557E+06   0.173945E+04   0.206157E+04   0.108739E+06   0.377740E+06   0.381894E+06   0.377757E+06  -0.333540E+00   0.377409E+06   0.374501E+06   0.153988E+03
   0.239515E-01   0.361853E+06   0.330836E+06   0.185071E+04   0.157900E+04   0.925652E+05   0.352971E+06   0.356993E+06   0.352988E+06  -0.311658E+00   0.352786E+06   0.349572E+06   0.154159E+03
   0.264470E-01   0.336761E+06   0.302586E+06   0.102620E+04   0.120095E+04   0.772508E+05   0.327540E+06   0.331406E+06   0.327550E+06  -0.289195E+00   0.327497E+06   0.324009E+06   0.151492E+03
   0.292025E-01   0.311287E+06   0.274414E+06   0.949720E+03   0.907039E+03   0.637795E+05   0.301832E+06   0.305509E+06   0.301841E+06  -0.266490E+00   0.301908E+06   0.298210E+06   0.145456E+03
   0.322450E-01   0.285871E+06   0.247103E+06   0.776471E+03   0.680652E+03   0.524219E+05   0.276337E+06   0.279796E+06   0.276344E+06  -0.243975E+00   0.276505E+06   0.272697E+06   0.135651E+03
   0.356046E-01   0.261068E+06   0.221589E+06   0.503977E+03   0.508095E+03   0.425829E+05   0.251652E+06   0.254881E+06   0.251657E+06  -0.222177E+00   0.251884E+06   0.248105E+06   0.121940E+03
   0.393142E-01   0.237501E+06   0.198854E+06   0.336776E+03   0.378147E+03   0.342007E+05   0.228445E+06   0.231445E+06   0.228448E+06  -0.201684E+00   0.228707E+06   0.225127E+06   0.104610E+03
   0.434103E-01   0.215782E+06   0.179743E+06   0.257427E+03   0.281491E+03   0.274638E+05   0.207357E+06   0.210135E+06   0.207359E+06  -0.183064E+00   0.207610E+06   0.204415E+06   0.845316E+02
   0.477513E-01   0.197014E+06   0.165132E+06   0.212650E+03   0.212582E+03   0.221490E+05   0.189435E+06   0.192018E+06   0.189437E+06  -0.167240E+00   0.189647E+06   0.186983E+06   0.640800E+02
   0.520924E-01   0.182009E+06   0.155022E+06   0.165488E+03   0.165435E+03   0.182784E+05   0.175354E+06   0.177780E+06   0.175356E+06  -0.154808E+00   0.175509E+06   0.173420E+06   0.460637E+02
   0.564334E-01   0.169671E+06   0.147596E+06   0.131892E+03   0.131850E+03   0.152916E+05   0.163916E+06   0.166211E+06   0.163917E+06  -0.144709E+00   0.164013E+06   0.162463E+06   0.315521E+02
   0.607744E-01   0.159168E+06   0.141417E+06   0.107050E+03   0.107016E+03   0.129925E+05   0.154206E+06   0.156387E+06   0.154207E+06  -0.136136E+00   0.154253E+06   0.153143E+06   0.209894E+02
   0.651155E-01   0.149895E+06   0.135457E+06   0.880584E+02   0.880301E+02   0.111041E+05   0.145556E+06   0.147632E+06   0.145557E+06  -0.128499E+00   0.145573E+06   0.144764E+06   0.142677E+02
   0.694565E-01   0.141313E+06   0.128985E+06   0.730734E+02   0.730500E+02   0.955914E+04   0.137407E+06   0.139382E+06   0.137408E+06  -0.121305E+00   0.137414E+06   0.136757E+06   0.108589E+02
   0.737975E-01   0.133023E+06   0.121626E+06   0.609333E+02   0.609137E+02   0.822475E+04   0.129366E+06   0.131237E+06   0.129367E+06  -0.114205E+00   0.129381E+06   0.128741E+06   0.996922E+01
   0.781386E-01   0.124873E+06   0.113438E+06   0.509494E+02   0.509330E+02   0.709269E+04   0.121317E+06   0.123081E+06   0.121317E+06  -0.107099E+00   0.121354E+06   0.120627E+06   0.106939E+02
   0.824796E-01   0.116924E+06   0.104812E+06   0.427067E+02   0.426930E+02   0.610457E+04   0.113369E+06   0.115026E+06   0.113370E+06  -0.100083E+00   0.113437E+06   0.112564E+06   0.121602E+02
   0.868206E-01   0.109347E+06   0.962962E+05   0.359277E+02   0.359162E+02   0.527238E+04   0.105750E+06   0.107302E+06   0.105750E+06  -0.933566E-01   0.105849E+06   0.104818E+06   0.136392E+02
   0.911617E-01   0.102307E+06   0.884062E+05   0.303867E+02   0.303770E+02   0.455933E+04   0.986754E+05   0.100129E+06   0.986757E+05  -0.871110E-01   0.988003E+05   0.976403E+05   0.146163E+02
   0.965767E-01   0.944658E+05   0.800288E+05   0.249142E+02   0.249062E+02   0.384064E+04   0.908596E+05   0.922035E+05   0.908598E+05  -0.802110E-01   0.910031E+05   0.897644E+05   0.147324E+02
   0.101992E+00   0.878198E+05   0.736706E+05   0.207331E+02   0.207265E+02   0.327155E+04   0.843504E+05   0.856026E+05   0.843506E+05  -0.744646E-01   0.844944E+05   0.832882E+05   0.135843E+02
   0.107407E+00   0.824109E+05   0.693552E+05   0.175537E+02   0.175481E+02   0.282802E+04   0.791857E+05   0.803651E+05   0.791859E+05  -0.699051E-01   0.793143E+05   0.782397E+05   0.114930E+02
   0.112822E+00   0.780790E+05   0.666715E+05   0.151099E+02   0.151051E+02   0.248200E+04   0.751688E+05   0.762914E+05   0.751690E+05  -0.663589E-01   0.752720E+05   0.743900E+05   0.898030E+01
   0.118237E+00   0.744940E+05   0.649160E+05   0.131713E+02   0.131670E+02   0.219963E+04   0.719164E+05   0.729932E+05   0.719165E+05  -0.634876E-01   0.719917E+05   0.713142E+05   0.658159E+01
   0.123652E+00   0.712930E+05   0.633519E+05   0.115639E+02   0.115602E+02   0.196348E+04   0.690131E+05   0.700486E+05   0.690132E+05  -0.609245E-01   0.690647E+05   0.685586E+05   0.470202E+01
   0.129067E+00   0.681944E+05   0.614256E+05   0.101759E+02   0.101726E+02   0.175344E+04   0.661393E+05   0.671337E+05   0.661394E+05  -0.583875E-01   0.661764E+05   0.657784E+05   0.354213E+01
   0.134482E+00   0.650416E+05   0.588656E+05   0.894609E+01   0.894322E+01   0.156280E+04   0.631231E+05   0.640739E+05   0.631232E+05  -0.557248E-01   0.631564E+05   0.627942E+05   0.309333E+01
   0.139897E+00   0.617998E+05   0.556845E+05   0.784779E+01   0.784527E+01   0.139037E+04   0.599373E+05   0.608415E+05   0.599374E+05  -0.529124E-01   0.599761E+05   0.595880E+05   0.318631E+01
   0.145312E+00   0.585245E+05   0.521092E+05   0.687312E+01   0.687091E+01   0.123223E+04   0.566631E+05   0.575192E+05   0.566631E+05  -0.500219E-01   0.567131E+05   0.562617E+05   0.356824E+01
   0.150727E+00   0.553217E+05   0.484759E+05   0.602131E+01   0.601938E+01   0.109287E+04   0.534404E+05   0.542489E+05   0.534405E+05  -0.471769E-01   0.535028E+05   0.529801E+05   0.398325E+01
   0.156142E+00   0.523211E+05   0.451339E+05   0.529216E+01   0.529046E+01   0.971201E+03   0.504310E+05   0.511949E+05   0.504310E+05  -0.445202E-01   0.505027E+05   0.499270E+05   0.423508E+01
   0.161557E+00   0.496479E+05   0.423633E+05   0.468213E+01   0.468062E+01   0.867582E+03   0.477819E+05   0.485064E+05   0.477819E+05  -0.421815E-01   0.478574E+05   0.472638E+05   0.422087E+01
   0.166972E+00   0.473727E+05   0.402951E+05   0.418038E+01   0.417904E+01   0.782932E+03   0.455719E+05   0.462636E+05   0.455719E+05  -0.402306E-01   0.456453E+05   0.450732E+05   0.393512E+01
   0.172387E+00   0.454762E+05   0.388765E+05   0.376817E+01   0.376696E+01   0.711796E+03   0.437769E+05   0.444420E+05   0.437769E+05  -0.386459E-01   0.438431E+05   0.433254E+05   0.344904E+01
   0.177802E+00   0.438671E+05   0.379131E+05   0.342324E+01   0.342214E+01   0.651707E+03   0.422910E+05   0.429341E+05   0.422910E+05  -0.373342E-01   0.423470E+05   0.419020E+05   0.287502E+01
   0.183217E+00   0.424406E+05   0.371665E+05   0.312612E+01   0.312512E+01   0.599750E+03   0.409904E+05   0.416142E+05   0.409904E+05  -0.361860E-01   0.410359E+05   0.406645E+05   0.232848E+01
   0.188632E+00   0.411017E+05   0.364168E+05   0.286189E+01   0.286097E+01   0.552538E+03   0.397620E+05   0.403675E+05   0.397620E+05  -0.351016E-01   0.397990E+05   0.394873E+05   0.189781E+01
   0.194047E+00   0.397680E+05   0.354971E+05   0.261991E+01   0.261907E+01   0.509532E+03   0.385118E+05   0.390987E+05   0.385118E+05  -0.339979E-01   0.385438E+05   0.382688E+05   0.162787E+01
   0.199462E+00   0.383846E+05   0.343230E+05   0.239394E+01   0.239317E+01   0.468556E+03   0.371812E+05   0.377482E+05   0.371812E+05  -0.328233E-01   0.372119E+05   0.369484E+05   0.151762E+01
   0.204877E+00   0.369455E+05   0.329131E+05   0.218244E+01   0.218174E+01   0.429858E+03   0.357678E+05   0.363136E+05   0.357678E+05  -0.315755E-01   0.358003E+05   0.355275E+05   0.152935E+01
   0.210292E+00   0.354886E+05   0.313695E+05   0.198700E+01   0.198637E+01   0.394109E+03   0.343192E+05   0.348432E+05   0.343192E+05  -0.302967E-01   0.343553E+05   0.340614E+05   0.160542E+01
   0.215707E+00   0.340685E+05   0.298275E+05   0.180986E+01   0.180928E+01   0.360846E+03   0.329014E+05   0.334039E+05   0.329014E+05  -0.290451E-01   0.329414E+05   0.326247E+05   0.168655E+01
   0.221122E+00   0.327335E+05   0.284095E+05   0.165231E+01   0.165178E+01   0.331437E+03   0.315734E+05   0.320559E+05   0.315734E+05  -0.278728E-01   0.316163E+05   0.312839E+05   0.172671E+01
   0.226537E+00   0.315190E+05   0.272012E+05   0.151440E+01   0.151391E+01   0.305373E+03   0.303779E+05   0.308424E+05   0.303779E+05  -0.268174E-01   0.304217E+05   0.300861E+05   0.170136E+01
   0.231952E+00   0.304428E+05   0.262384E+05   0.139491E+01   0.139446E+01   0.282459E+03   0.293353E+05   0.297840E+05   0.293353E+05  -0.258969E-01   0.293778E+05   0.290529E+05   0.160893E+01
   0.237367E+00   0.295001E+05   0.255023E+05   0.129143E+01   0.129102E+01   0.262872E+03   0.284385E+05   0.288736E+05   0.284385E+05  -0.251053E-01   0.284780E+05   0.281750E+05   0.146640E+01
   0.242782E+00   0.286653E+05   0.249305E+05   0.120079E+01   0.120040E+01   0.245324E+03   0.276567E+05   0.280801E+05   0.276567E+05  -0.244151E-01   0.276923E+05   0.274172E+05   0.130121E+01
   0.248197E+00   0.279019E+05   0.244400E+05   0.111974E+01   0.111938E+01   0.229716E+03   0.269468E+05   0.273594E+05   0.269468E+05  -0.237884E-01   0.269783E+05   0.267315E+05   0.114220E+01
   0.253612E+00   0.271718E+05   0.239501E+05   0.104549E+01   0.104515E+01   0.215364E+03   0.262646E+05   0.266669E+05   0.262646E+05  -0.231862E-01   0.262929E+05   0.260694E+05   0.101208E+01
   0.259027E+00   0.264437E+05   0.234005E+05   0.976025E+00   0.975712E+00   0.201672E+03   0.255750E+05   0.259669E+05   0.255750E+05  -0.225774E-01   0.256011E+05   0.253930E+05   0.923026E+00
   0.264443E+00   0.257013E+05   0.227648E+05   0.910293E+00   0.910001E+00   0.188895E+03   0.248601E+05   0.252412E+05   0.248601E+05  -0.219463E-01   0.248855E+05   0.246839E+05   0.875682E+00
   0.269858E+00   0.249458E+05   0.220525E+05   0.848121E+00   0.847849E+00   0.176522E+03   0.241226E+05   0.244925E+05   0.241226E+05  -0.212952E-01   0.241482E+05   0.239459E+05   0.861162E+00
   0.275273E+00   0.241905E+05   0.212988E+05   0.789831E+00   0.789577E+00   0.164952E+03   0.233789E+05   0.237374E+05   0.233789E+05  -0.206387E-01   0.234054E+05   0.231981E+05   0.865068E+00
   0.280688E+00   0.234523E+05   0.205479E+05   0.735831E+00   0.735595E+00   0.154276E+03   0.226497E+05   0.229972E+05   0.226497E+05  -0.199950E-01   0.226773E+05   0.224642E+05   0.872088E+00
   0.286103E+00   0.227471E+05   0.198416E+05   0.686415E+00   0.686195E+00   0.144252E+03   0.219550E+05   0.222918E+05   0.219550E+05  -0.193817E-01   0.219833E+05   0.217666E+05   0.869862E+00
   0.291518E+00   0.220892E+05   0.192117E+05   0.641711E+00   0.641505E+00   0.135363E+03   0.213113E+05   0.216383E+05   0.213113E+05  -0.188134E-01   0.213397E+05   0.211236E+05   0.851348E+00
   0.296933E+00   0.214869E+05   0.186733E+05   0.601577E+00   0.601384E+00   0.127257E+03   0.207278E+05   0.210460E+05   0.207278E+05  -0.182983E-01   0.207556E+05   0.205448E+05   0.815418E+00
   0.302348E+00   0.209385E+05   0.182208E+05   0.565547E+00   0.565365E+00   0.119882E+03   0.202025E+05   0.205126E+05   0.202025E+05  -0.178346E-01   0.202290E+05   0.200274E+05   0.765953E+00
   0.307763E+00   0.204340E+05   0.178321E+05   0.532931E+00   0.532760E+00   0.113344E+03   0.197234E+05   0.200263E+05   0.197234E+05  -0.174116E-01   0.197483E+05   0.195581E+05   0.709888E+00
   0.313178E+00   0.199597E+05   0.174780E+05   0.503013E+00   0.502852E+00   0.107151E+03   0.192748E+05   0.195709E+05   0.192748E+05  -0.170156E-01   0.192981E+05   0.191196E+05   0.654884E+00
   0.318593E+00   0.195034E+05   0.171315E+05   0.475199E+00   0.475046E+00   0.101480E+03   0.188423E+05   0.191317E+05   0.188423E+05  -0.166338E-01   0.188642E+05   0.186957E+05   0.607273E+00
   0.324008E+00   0.190553E+05   0.167725E+05   0.449048E+00   0.448903E+00   0.961330E+02   0.184147E+05   0.186976E+05   0.184147E+05  -0.162563E-01   0.184355E+05   0.182745E+05   0.570751E+00
   0.329423E+00   0.186090E+05   0.163904E+05   0.424274E+00   0.424138E+00   0.909694E+02   0.179850E+05   0.182614E+05   0.179850E+05  -0.158770E-01   0.180053E+05   0.178487E+05   0.545976E+00
   0.334838E+00   0.181626E+05   0.159852E+05   0.400753E+00   0.400624E+00   0.861753E+02   0.175517E+05   0.178214E+05   0.175517E+05  -0.154944E-01   0.175718E+05   0.174170E+05   0.530968E+00
   0.340253E+00   0.177192E+05   0.155670E+05   0.378501E+00   0.378380E+00   0.815232E+02   0.171188E+05   0.173819E+05   0.171188E+05  -0.151123E-01   0.171390E+05   0.169843E+05   0.522070E+00
   0.345668E+00   0.172854E+05   0.151514E+05   0.357615E+00   0.357500E+00   0.771814E+02   0.166944E+05   0.169510E+05   0.166944E+05  -0.147376E-01   0.167147E+05   0.165597E+05   0.515132E+00
   0.351083E+00   0.168680E+05   0.147542E+05   0.338172E+00   0.338063E+00   0.731737E+02   0.162864E+05   0.165368E+05   0.162864E+05  -0.143775E-01   0.163068E+05   0.161519E+05   0.506597E+00
   0.356498E+00   0.164713E+05   0.143861E+05   0.320182E+00   0.320080E+00   0.693514E+02   0.159001E+05   0.161446E+05   0.159001E+05  -0.140364E-01   0.159203E+05   0.157670E+05   0.494231E+00
   0.361913E+00   0.160971E+05   0.140517E+05   0.303586E+00   0.303489E+00   0.659096E+02   0.155376E+05   0.157766E+05   0.155376E+05  -0.137164E-01   0.155575E+05   0.154071E+05   0.477391E+00
   0.367328E+00   0.157449E+05   0.137501E+05   0.288277E+00   0.288184E+00   0.626846E+02   0.151986E+05   0.154323E+05   0.151986E+05  -0.134172E-01   0.152179E+05   0.150718E+05   0.456856E+00
   0.372743E+00   0.154129E+05   0.134757E+05   0.274113E+00   0.274025E+00   0.596689E+02   0.148805E+05   0.151094E+05   0.148805E+05  -0.131363E-01   0.148991E+05   0.147581E+05   0.434348E+00
   0.378158E+00   0.150971E+05   0.132196E+05   0.260931E+00   0.260847E+00   0.569323E+02   0.145786E+05   0.148029E+05   0.145786E+05  -0.128699E-01   0.145965E+05   0.144609E+05   0.411929E+00
   0.383573E+00   0.147926E+05   0.129719E+05   0.248562E+00   0.248482E+00   0.542824E+02   0.142875E+05   0.145073E+05   0.142875E+05  -0.126129E-01   0.143047E+05   0.141740E+05   0.391428E+00
   0.388988E+00   0.144952E+05   0.127244E+05   0.236871E+00   0.236795E+00   0.518143E+02   0.140022E+05   0.142177E+05   0.140022E+05  -0.123610E-01   0.140189E+05   0.138922E+05   0.374037E+00
   0.394403E+00   0.142023E+05   0.124728E+05   0.225772E+00   0.225699E+00   0.494685E+02   0.137201E+05   0.139313E+05   0.137201E+05  -0.121120E-01   0.137364E+05   0.136127E+05   0.360133E+00
   0.399818E+00   0.139134E+05   0.122168E+05   0.215220E+00   0.215151E+00   0.471912E+02   0.134407E+05   0.136475E+05   0.134407E+05  -0.118653E-01   0.134567E+05   0.133351E+05   0.349336E+00
   0.405233E+00   0.136291E+05   0.119590E+05   0.205201E+00   0.205135E+00   0.450870E+02   0.131648E+05   0.133674E+05   0.131648E+05  -0.116217E-01   0.131806E+05   0.130604E+05   0.340735E+00
   0.410648E+00   0.133508E+05   0.117037E+05   0.195712E+00   0.195649E+00   0.430401E+02   0.128943E+05   0.130927E+05   0.128943E+05  -0.113829E-01   0.129100E+05   0.127909E+05   0.333198E+00
   0.416063E+00   0.130805E+05   0.114557E+05   0.186759E+00   0.186699E+00   0.411182E+02   0.126315E+05   0.128259E+05   0.126315E+05  -0.111509E-01   0.126471E+05   0.125291E+05   0.325679E+00
   0.421478E+00   0.128199E+05   0.112193E+05   0.178342E+00   0.178285E+00   0.393393E+02   0.123785E+05   0.125691E+05   0.123785E+05  -0.109276E-01   0.123940E+05   0.122775E+05   0.317447E+00
   0.426893E+00   0.125701E+05   0.109969E+05   0.170448E+00   0.170394E+00   0.376087E+02   0.121367E+05   0.123235E+05   0.121367E+05  -0.107141E-01   0.121519E+05   0.120373E+05   0.308187E+00
   0.432308E+00   0.123310E+05   0.107885E+05   0.163046E+00   0.162994E+00   0.360416E+02   0.119060E+05   0.120893E+05   0.119060E+05  -0.105105E-01   0.119209E+05   0.118087E+05   0.297992E+00
   0.437723E+00   0.121018E+05   0.105923E+05   0.156093E+00   0.156043E+00   0.345417E+02   0.116854E+05   0.118653E+05   0.116854E+05  -0.103157E-01   0.116999E+05   0.115904E+05   0.287259E+00
   0.443138E+00   0.118811E+05   0.104054E+05   0.149539E+00   0.149491E+00   0.331029E+02   0.114732E+05   0.116499E+05   0.114732E+05  -0.101284E-01   0.114873E+05   0.113807E+05   0.276529E+00
   0.448553E+00   0.116673E+05   0.102247E+05   0.143340E+00   0.143294E+00   0.317924E+02   0.112677E+05   0.114413E+05   0.112677E+05  -0.994705E-02   0.112815E+05   0.111775E+05   0.266331E+00
   0.453968E+00   0.114593E+05   0.100474E+05   0.137457E+00   0.137413E+00   0.304912E+02   0.110676E+05   0.112380E+05   0.110676E+05  -0.977035E-02   0.110810E+05   0.109795E+05   0.257050E+00
   0.459383E+00   0.112559E+05   0.987181E+04   0.131858E+00   0.131816E+00   0.292873E+02   0.108715E+05   0.110390E+05   0.108715E+05  -0.959729E-02   0.108847E+05   0.107852E+05   0.248859E+00
   0.464798E+00   0.110564E+05   0.969700E+04   0.126521E+00   0.126480E+00   0.281394E+02   0.106789E+05   0.108434E+05   0.106789E+05  -0.942721E-02   0.106918E+05   0.105940E+05   0.241717E+00
   0.470213E+00   0.108606E+05   0.952327E+04   0.121430E+00   0.121391E+00   0.270079E+02   0.104895E+05   0.106511E+05   0.104895E+05  -0.926002E-02   0.105023E+05   0.104059E+05   0.235414E+00
   0.475629E+00   0.106691E+05   0.935196E+04   0.116581E+00   0.116543E+00   0.259802E+02   0.103040E+05   0.104627E+05   0.103040E+05  -0.909626E-02   0.103166E+05   0.102215E+05   0.229648E+00
   0.481044E+00   0.104825E+05   0.918477E+04   0.111970E+00   0.111934E+00   0.249550E+02   0.101232E+05   0.102792E+05   0.101232E+05  -0.893668E-02   0.101357E+05   0.100418E+05   0.224111E+00
   0.486459E+00   0.103013E+05   0.902296E+04   0.107591E+00   0.107557E+00   0.240014E+02   0.994771E+04   0.101010E+05   0.994771E+04  -0.878174E-02   0.996003E+04   0.986747E+04   0.218560E+00
   0.491874E+00   0.101255E+05   0.886722E+04   0.103436E+00   0.103403E+00   0.231109E+02   0.977768E+04   0.992834E+04   0.977768E+04  -0.863164E-02   0.978982E+04   0.969867E+04   0.212860E+00
   0.497289E+00   0.995525E+04   0.871779E+04   0.994933E-01   0.994613E-01   0.222191E+02   0.961321E+04   0.976134E+04   0.961321E+04  -0.848645E-02   0.962515E+04   0.953553E+04   0.206990E+00
   0.502704E+00   0.979047E+04   0.857447E+04   0.957518E-01   0.957210E-01   0.214228E+02   0.945424E+04   0.959993E+04   0.945424E+04  -0.834611E-02   0.946596E+04   0.937798E+04   0.201027E+00
   0.508119E+00   0.963084E+04   0.843650E+04   0.921971E-01   0.921675E-01   0.206346E+02   0.930036E+04   0.944369E+04   0.930037E+04  -0.821027E-02   0.931186E+04   0.922556E+04   0.195104E+00
   0.513534E+00   0.947568E+04   0.830270E+04   0.888126E-01   0.887841E-01   0.198821E+02   0.915085E+04   0.929188E+04   0.915085E+04  -0.807828E-02   0.916213E+04   0.907747E+04   0.189365E+00
   0.518949E+00   0.932436E+04   0.817195E+04   0.855832E-01   0.855557E-01   0.191953E+02   0.900499E+04   0.914378E+04   0.900499E+04  -0.794952E-02   0.901606E+04   0.893296E+04   0.183930E+00
   0.524364E+00   0.917646E+04   0.804354E+04   0.824971E-01   0.824706E-01   0.184924E+02   0.886234E+04   0.899893E+04   0.886234E+04  -0.782359E-02   0.887322E+04   0.879157E+04   0.178868E+00
   0.529779E+00   0.903180E+04   0.791714E+04   0.795458E-01   0.795203E-01   0.178564E+02   0.872269E+04   0.885714E+04   0.872269E+04  -0.770031E-02   0.873340E+04   0.865306E+04   0.174188E+00
   0.535194E+00   0.889023E+04   0.779270E+04   0.767218E-01   0.766972E-01   0.172330E+02   0.858591E+04   0.871825E+04   0.858591E+04  -0.757956E-02   0.859646E+04   0.851732E+04   0.169847E+00
   0.540609E+00   0.875165E+04   0.767034E+04   0.740188E-01   0.739951E-01   0.166239E+02   0.845193E+04   0.858221E+04   0.845193E+04  -0.746128E-02   0.846233E+04   0.838432E+04   0.165769E+00
   0.546024E+00   0.861612E+04   0.755043E+04   0.714324E-01   0.714094E-01   0.160738E+02   0.832086E+04   0.844913E+04   0.832086E+04  -0.734557E-02   0.833112E+04   0.825418E+04   0.161866E+00
   0.551439E+00   0.848384E+04   0.743346E+04   0.689594E-01   0.689372E-01   0.155072E+02   0.819295E+04   0.831925E+04   0.819295E+04  -0.723265E-02   0.820307E+04   0.812719E+04   0.158061E+00
   0.556854E+00   0.835499E+04   0.731983E+04   0.665964E-01   0.665750E-01   0.149936E+02   0.806840E+04   0.819278E+04   0.806840E+04  -0.712270E-02   0.807838E+04   0.800358E+04   0.154301E+00
   0.562269E+00   0.822946E+04   0.720957E+04   0.643381E-01   0.643174E-01   0.145006E+02   0.794713E+04   0.806965E+04   0.794713E+04  -0.701565E-02   0.795697E+04   0.788327E+04   0.150560E+00
   0.567684E+00   0.810714E+04   0.710254E+04   0.621785E-01   0.621585E-01   0.139981E+02   0.782902E+04   0.794972E+04   0.782902E+04  -0.691138E-02   0.783871E+04   0.776614E+04   0.146848E+00
   0.573099E+00   0.798786E+04   0.699851E+04   0.601121E-01   0.600928E-01   0.135650E+02   0.771390E+04   0.783283E+04   0.771390E+04  -0.680976E-02   0.772344E+04   0.765200E+04   0.143191E+00
   0.578514E+00   0.787153E+04   0.689721E+04   0.581337E-01   0.581151E-01   0.131052E+02   0.760165E+04   0.771885E+04   0.760165E+04  -0.671066E-02   0.761104E+04   0.754072E+04   0.139626E+00
   0.629782E+00   0.688883E+04   0.603619E+04   0.429298E-01   0.429160E-01   0.972328E+01   0.665263E+04   0.675522E+04   0.665263E+04  -0.587287E-02   0.666086E+04   0.659932E+04   0.112247E+00
   0.769218E+00   0.501253E+04   0.439270E+04   0.209390E-01   0.209323E-01   0.478291E+01   0.484071E+04   0.491540E+04   0.484071E+04  -0.427333E-02   0.484671E+04   0.480201E+04   0.667389E-01
   0.939525E+00   0.362928E+04   0.318064E+04   0.101625E-01   0.101593E-01   0.233229E+01   0.350488E+04   0.355898E+04   0.350488E+04  -0.309408E-02   0.350923E+04   0.347689E+04   0.395303E-01
   0.114754E+01   0.261611E+04   0.229278E+04   0.491042E-02   0.490885E-02   0.113350E+01   0.252644E+04   0.256544E+04   0.252644E+04  -0.223032E-02   0.252957E+04   0.250628E+04   0.233164E-01
   0.140161E+01   0.187813E+04   0.164605E+04   0.236305E-02   0.236229E-02   0.546516E+00   0.181376E+04   0.184177E+04   0.181376E+04  -0.160117E-02   0.181601E+04   0.179930E+04   0.136992E-01
   0.171193E+01   0.134333E+04   0.117736E+04   0.113295E-02   0.113259E-02   0.262653E+00   0.129729E+04   0.131733E+04   0.129729E+04  -0.114524E-02   0.129890E+04   0.128695E+04   0.802018E-02
   0.209095E+01   0.957576E+03   0.839279E+03   0.541359E-03   0.541185E-03   0.125420E+00   0.924758E+03   0.939039E+03   0.924758E+03  -0.816367E-03   0.925905E+03   0.917385E+03   0.468042E-02
   0.255389E+01   0.680479E+03   0.596421E+03   0.257874E-03   0.257792E-03   0.598219E-01   0.657158E+03   0.667307E+03   0.657158E+03  -0.580132E-03   0.657973E+03   0.651918E+03   0.272351E-02
   0.311933E+01   0.482199E+03   0.422638E+03   0.122491E-03   0.122451E-03   0.284831E-01   0.465674E+03   0.472866E+03   0.465674E+03  -0.411092E-03   0.466252E+03   0.461959E+03   0.158078E-02
   0.380996E+01   0.340800E+03   0.298705E+03   0.580308E-04   0.580122E-04   0.134777E-01   0.329121E+03   0.334204E+03   0.329121E+03  -0.290545E-03   0.329530E+03   0.326493E+03   0.915479E-03
   0.465350E+01   0.240287E+03   0.210606E+03   0.274265E-04   0.274177E-04   0.636144E-02   0.232052E+03   0.235636E+03   0.232052E+03  -0.204853E-03   0.232340E+03   0.230196E+03   0.529214E-03
   0.568379E+01   0.169042E+03   0.148159E+03   0.129335E-04   0.129293E-04   0.301518E-02   0.163248E+03   0.165770E+03   0.163248E+03  -0.144114E-03   0.163451E+03   0.161940E+03   0.305499E-03
   0.694221E+01   0.118677E+03   0.104013E+03   0.608644E-05   0.608449E-05   0.141674E-02   0.114609E+03   0.116379E+03   0.114609E+03  -0.101175E-03   0.114751E+03   0.113686E+03   0.176208E-03
   0.847923E+01   0.831591E+02   0.728809E+02   0.285881E-05   0.285789E-05   0.666676E-03   0.803082E+02   0.815485E+02   0.803082E+02  -0.708952E-04   0.804083E+02   0.796582E+02   0.101623E-03
   0.103566E+02   0.581682E+02   0.509752E+02   0.134040E-05   0.133997E-05   0.310244E-03   0.561735E+02   0.570410E+02   0.561735E+02  -0.495894E-04   0.562438E+02   0.557149E+02   0.586595E-04
   0.126495E+02   0.406206E+02   0.355936E+02   0.627429E-06   0.627228E-06   0.144529E-03   0.392270E+02   0.398329E+02   0.392270E+02  -0.346292E-04   0.392764E+02   0.389027E+02   0.339347E-04
   0.154502E+02   0.283231E+02   0.248137E+02   0.293238E-06   0.293144E-06   0.686842E-04   0.273507E+02   0.277732E+02   0.273507E+02  -0.241450E-04   0.273855E+02   0.271204E+02   0.197113E-04
   0.188709E+02   0.197201E+02   0.172723E+02   0.136849E-06   0.136805E-06   0.320858E-04   0.190425E+02   0.193366E+02   0.190425E+02  -0.168105E-04   0.190670E+02   0.188776E+02   0.115255E-04
   0.230489E+02   0.137118E+02   0.120051E+02   0.637768E-07   0.637564E-07   0.148224E-04   0.132399E+02   0.134444E+02   0.132399E+02  -0.116880E-04   0.132573E+02   0.131207E+02   0.680708E-05
   0.281520E+02   0.952204E+01   0.833203E+01   0.296833E-07   0.296738E-07   0.680963E-05   0.919357E+01   0.933556E+01   0.919357E+01  -0.811599E-05   0.920598E+01   0.910601E+01   0.407882E-05
   0.343849E+02   0.660459E+01   0.577418E+01   0.137977E-07   0.137933E-07   0.325408E-05   0.637599E+01   0.647446E+01   0.637599E+01  -0.562866E-05   0.638494E+01   0.631032E+01   0.249291E-05
   0.419979E+02   0.457581E+01   0.399530E+01   0.640559E-08   0.640354E-08   0.150040E-05   0.441663E+01   0.448484E+01   0.441663E+01  -0.389895E-05   0.442320E+01   0.436604E+01   0.156332E-05
   0.512963E+02   0.316677E+01   0.275968E+01   0.297004E-08   0.296909E-08   0.693258E-06   0.305578E+01   0.310298E+01   0.305578E+01  -0.269762E-05   0.306071E+01   0.301553E+01   0.101166E-05
   0.626535E+02   0.218932E+01   0.190238E+01   0.137530E-08   0.137486E-08   0.318738E-06   0.211174E+01   0.214436E+01   0.211174E+01  -0.186423E-05   0.211553E+01   0.207853E+01   0.678491E-06
   0.765251E+02   0.151201E+01   0.130820E+01   0.635946E-09   0.635743E-09   0.151385E-06   0.145756E+01   0.148007E+01   0.145756E+01  -0.128672E-05   0.146057E+01   0.142910E+01   0.472422E-06
   0.934680E+02   0.104316E+01   0.896775E+00   0.293595E-09   0.293502E-09   0.650601E-07   0.100470E+01   0.102022E+01   0.100470E+01  -0.886939E-06   0.100718E+01   0.979437E+00   0.340994E-06
   0.114162E+03   0.718919E+00   0.612164E+00   0.135286E-09   0.135244E-09   0.312865E-07   0.691511E+00   0.702191E+00   0.691511E+00  -0.610459E-06   0.693633E+00   0.668390E+00   0.253990E-06
