#          k/h    CDM            baryon         photon         nu             mass_nu        total          no_nu          total_de       Weyl           v_CDM          v_b            v_b-v_c     
   0.105234E-04   0.264345E+07   0.264345E+07   0.352439E+07   0.352438E+07   0.000000E+00   0.264345E+07   0.264345E+07   0.265321E+07  -0.600345E+00   0.263732E+07   0.263732E+07   0.594527E+01
   0.116201E-04   0.264345E+07   0.264345E+07   0.352434E+07   0.352433E+07   0.000000E+00   0.264345E+07   0.264345E+07   0.265321E+07  -0.600345E+00   0.263732E+07   0.263732E+07   0.656483E+01
   0.128311E-04   0.264345E+07   0.264345E+07   0.352428E+07   0.352427E+07   0.000000E+00   0.264345E+07   0.264345E+07   0.265321E+07  -0.600345E+00   0.263732E+07   0.263732E+07   0.724893E+01
   0.141684E-04   0.264345E+07   0.264345E+07   0.352421E+07   0.352420E+07   0.000000E+00   0.264345E+07   0.264345E+07   0.265320E+07  -0.600345E+00   0.263732E+07   0.263732E+07   0.800431E+01
   0.156450E-04   0.264345E+07   0.264345E+07   0.352412E+07   0.352411E+07   0.000000E+00   0.264345E+07   0.264345E+07   0.265320E+07  -0.600344E+00   0.263732E+07   0.263732E+07   0.883837E+01
   0.172755E-04   0.264345E+07   0.264345E+07   0.352401E+07   0.352400E+07   0.000000E+00   0.264345E+07   0.264345E+07   0.265320E+07  -0.600344E+00   0.263732E+07   0.263732E+07   0.975932E+01
   0.190759E-04   0.264345E+07   0.264345E+07   0.352388E+07   0.352387E+07   0.000000E+00   0.264345E+07   0.264345E+07   0.265320E+07  -0.600344E+00   0.263732E+07   0.263732E+07   0.107762E+02
   0.210640E-04   0.264345E+07   0.264345E+07   0.352373E+07   0.352371E+07   0.000000E+00   0.264345E+07   0.264345E+07   0.265320E+07  -0.600343E+00   0.263732E+07   0.263732E+07   0.118989E+02
   0.232593E-04   0.264344E+07   0.264344E+07   0.352353E+07   0.352351E+07   0.000000E+00   0.264344E+07   0.264344E+07   0.265320E+07  -0.600343E+00   0.263731E+07   0.263731E+07   0.131386E+02
   0.256833E-04   0.264344E+07   0.264344E+07   0.352330E+07   0.352327E+07   0.000000E+00   0.264344E+07   0.264344E+07   0.265319E+07  -0.600342E+00   0.263731E+07   0.263731E+07   0.145073E+02
   0.283600E-04   0.264344E+07   0.264344E+07   0.352301E+07   0.352298E+07   0.000000E+00   0.264344E+07   0.264344E+07   0.265319E+07  -0.600341E+00   0.263731E+07   0.263731E+07   0.160184E+02
   0.313157E-04   0.264344E+07   0.264344E+07   0.352266E+07   0.352263E+07   0.000000E+00   0.264344E+07   0.264344E+07   0.265319E+07  -0.600340E+00   0.263731E+07   0.263730E+07   0.176868E+02
   0.345794E-04   0.264343E+07   0.264343E+07   0.352223E+07   0.352219E+07   0.000000E+00   0.264343E+07   0.264343E+07   0.265318E+07  -0.600339E+00   0.263730E+07   0.263730E+07   0.195286E+02
   0.381832E-04   0.264343E+07   0.264343E+07   0.352171E+07   0.352166E+07   0.000000E+00   0.264343E+07   0.264343E+07   0.265317E+07  -0.600337E+00   0.263730E+07   0.263730E+07   0.215619E+02
   0.421626E-04   0.264342E+07   0.264342E+07   0.352108E+07   0.352102E+07   0.000000E+00   0.264342E+07   0.264342E+07   0.265317E+07  -0.600335E+00   0.263729E+07   0.263729E+07   0.238064E+02
   0.465567E-04   0.264341E+07   0.264341E+07   0.352031E+07   0.352023E+07   0.000000E+00   0.264341E+07   0.264341E+07   0.265316E+07  -0.600333E+00   0.263728E+07   0.263728E+07   0.262840E+02
   0.514088E-04   0.264340E+07   0.264340E+07   0.351936E+07   0.351927E+07   0.000000E+00   0.264340E+07   0.264340E+07   0.265314E+07  -0.600330E+00   0.263727E+07   0.263727E+07   0.290185E+02
   0.567666E-04   0.264339E+07   0.264339E+07   0.351822E+07   0.351810E+07   0.000000E+00   0.264339E+07   0.264339E+07   0.265313E+07  -0.600327E+00   0.263726E+07   0.263726E+07   0.320364E+02
   0.626827E-04   0.264338E+07   0.264338E+07   0.351682E+07   0.351668E+07   0.000000E+00   0.264338E+07   0.264338E+07   0.265311E+07  -0.600323E+00   0.263725E+07   0.263725E+07   0.353666E+02
   0.692154E-04   0.264336E+07   0.264336E+07   0.351511E+07   0.351494E+07   0.000000E+00   0.264336E+07   0.264336E+07   0.265309E+07  -0.600318E+00   0.263723E+07   0.263723E+07   0.390408E+02
   0.764290E-04   0.264334E+07   0.264334E+07   0.351303E+07   0.351282E+07   0.000000E+00   0.264334E+07   0.264334E+07   0.265307E+07  -0.600312E+00   0.263722E+07   0.263721E+07   0.430940E+02
   0.843944E-04   0.264332E+07   0.264332E+07   0.351050E+07   0.351024E+07   0.000000E+00   0.264332E+07   0.264332E+07   0.265303E+07  -0.600304E+00   0.263719E+07   0.263718E+07   0.475642E+02
   0.931898E-04   0.264329E+07   0.264329E+07   0.350741E+07   0.350710E+07   0.000000E+00   0.264329E+07   0.264329E+07   0.265300E+07  -0.600295E+00   0.263716E+07   0.263715E+07   0.524930E+02
   0.102902E-03   0.264325E+07   0.264325E+07   0.350365E+07   0.350327E+07   0.000000E+00   0.264325E+07   0.264325E+07   0.265295E+07  -0.600284E+00   0.263713E+07   0.263712E+07   0.579258E+02
   0.113626E-03   0.264321E+07   0.264321E+07   0.349907E+07   0.349861E+07   0.000000E+00   0.264321E+07   0.264321E+07   0.265289E+07  -0.600270E+00   0.263708E+07   0.263707E+07   0.639115E+02
   0.125468E-03   0.264316E+07   0.264315E+07   0.349349E+07   0.349294E+07   0.000000E+00   0.264316E+07   0.264316E+07   0.265282E+07  -0.600254E+00   0.263703E+07   0.263702E+07   0.705035E+02
   0.138544E-03   0.264309E+07   0.264309E+07   0.348670E+07   0.348603E+07   0.000000E+00   0.264309E+07   0.264309E+07   0.265274E+07  -0.600233E+00   0.263697E+07   0.263695E+07   0.777587E+02
   0.152983E-03   0.264301E+07   0.264301E+07   0.347844E+07   0.347762E+07   0.000000E+00   0.264301E+07   0.264301E+07   0.265264E+07  -0.600209E+00   0.263689E+07   0.263687E+07   0.857381E+02
   0.168927E-03   0.264291E+07   0.264291E+07   0.346839E+07   0.346739E+07   0.000000E+00   0.264291E+07   0.264291E+07   0.265251E+07  -0.600179E+00   0.263679E+07   0.263677E+07   0.945063E+02
   0.186533E-03   0.264280E+07   0.264279E+07   0.345617E+07   0.345496E+07   0.000000E+00   0.264279E+07   0.264279E+07   0.265236E+07  -0.600142E+00   0.263668E+07   0.263664E+07   0.104131E+03
   0.205973E-03   0.264265E+07   0.264264E+07   0.344133E+07   0.343986E+07   0.000000E+00   0.264265E+07   0.264265E+07   0.265217E+07  -0.600097E+00   0.263654E+07   0.263650E+07   0.114681E+03
   0.227439E-03   0.264248E+07   0.264246E+07   0.342331E+07   0.342154E+07   0.000000E+00   0.264247E+07   0.264247E+07   0.265195E+07  -0.600043E+00   0.263636E+07   0.263631E+07   0.126228E+03
   0.251143E-03   0.264226E+07   0.264225E+07   0.340146E+07   0.339931E+07   0.000000E+00   0.264226E+07   0.264226E+07   0.265167E+07  -0.599977E+00   0.263615E+07   0.263609E+07   0.138839E+03
   0.277316E-03   0.264200E+07   0.264198E+07   0.337500E+07   0.337240E+07   0.000000E+00   0.264200E+07   0.264200E+07   0.265134E+07  -0.599897E+00   0.263590E+07   0.263582E+07   0.152580E+03
   0.306218E-03   0.264168E+07   0.264166E+07   0.334300E+07   0.333986E+07   0.000000E+00   0.264168E+07   0.264168E+07   0.265093E+07  -0.599799E+00   0.263559E+07   0.263550E+07   0.167506E+03
   0.338132E-03   0.264130E+07   0.264127E+07   0.330436E+07   0.330057E+07   0.000000E+00   0.264129E+07   0.264129E+07   0.265043E+07  -0.599681E+00   0.263521E+07   0.263510E+07   0.183658E+03
   0.373371E-03   0.264083E+07   0.264079E+07   0.325781E+07   0.325326E+07   0.000000E+00   0.264082E+07   0.264082E+07   0.264983E+07  -0.599537E+00   0.263475E+07   0.263462E+07   0.201056E+03
   0.412284E-03   0.264025E+07   0.264021E+07   0.320188E+07   0.319644E+07   0.000000E+00   0.264025E+07   0.264025E+07   0.264910E+07  -0.599362E+00   0.263418E+07   0.263403E+07   0.219685E+03
   0.455251E-03   0.263956E+07   0.263951E+07   0.313491E+07   0.312842E+07   0.000000E+00   0.263955E+07   0.263955E+07   0.264822E+07  -0.599150E+00   0.263350E+07   0.263331E+07   0.239490E+03
   0.502697E-03   0.263872E+07   0.263866E+07   0.305503E+07   0.304732E+07   0.000000E+00   0.263871E+07   0.263871E+07   0.264715E+07  -0.598894E+00   0.263267E+07   0.263245E+07   0.260348E+03
   0.555088E-03   0.263769E+07   0.263762E+07   0.296023E+07   0.295113E+07   0.000000E+00   0.263768E+07   0.263768E+07   0.264587E+07  -0.598584E+00   0.263167E+07   0.263140E+07   0.282058E+03
   0.612938E-03   0.263646E+07   0.263637E+07   0.284839E+07   0.283773E+07   0.000000E+00   0.263644E+07   0.263644E+07   0.264431E+07  -0.598211E+00   0.263044E+07   0.263012E+07   0.304312E+03
   0.676818E-03   0.263496E+07   0.263485E+07   0.271742E+07   0.270506E+07   0.000000E+00   0.263494E+07   0.263494E+07   0.264245E+07  -0.597762E+00   0.262897E+07   0.262858E+07   0.326665E+03
   0.747355E-03   0.263314E+07   0.263301E+07   0.256547E+07   0.255128E+07   0.000000E+00   0.263312E+07   0.263312E+07   0.264021E+07  -0.597223E+00   0.262718E+07   0.262673E+07   0.348513E+03
   0.825244E-03   0.263096E+07   0.263080E+07   0.239116E+07   0.237509E+07   0.000000E+00   0.263093E+07   0.263093E+07   0.263753E+07  -0.596579E+00   0.262501E+07   0.262449E+07   0.369059E+03
   0.911250E-03   0.262833E+07   0.262815E+07   0.219398E+07   0.217611E+07   0.000000E+00   0.262830E+07   0.262830E+07   0.263435E+07  -0.595812E+00   0.262241E+07   0.262180E+07   0.387301E+03
   0.100622E-02   0.262517E+07   0.262496E+07   0.197483E+07   0.195536E+07   0.000000E+00   0.262514E+07   0.262514E+07   0.263058E+07  -0.594902E+00   0.261927E+07   0.261857E+07   0.402029E+03
   0.111109E-02   0.262139E+07   0.262114E+07   0.173655E+07   0.171589E+07   0.000000E+00   0.262136E+07   0.262136E+07   0.262614E+07  -0.593829E+00   0.261551E+07   0.261472E+07   0.411865E+03
   0.122688E-02   0.261689E+07   0.261660E+07   0.148455E+07   0.146335E+07   0.000000E+00   0.261685E+07   0.261685E+07   0.262093E+07  -0.592571E+00   0.261102E+07   0.261014E+07   0.415354E+03
   0.135475E-02   0.261155E+07   0.261121E+07   0.122730E+07   0.120643E+07   0.000000E+00   0.261150E+07   0.261150E+07   0.261487E+07  -0.591106E+00   0.260567E+07   0.260470E+07   0.411131E+03
   0.149594E-02   0.260524E+07   0.260485E+07   0.976372E+06   0.956856E+06   0.000000E+00   0.260518E+07   0.260518E+07   0.260786E+07  -0.589412E+00   0.259933E+07   0.259830E+07   0.398185E+03
   0.165184E-02   0.259783E+07   0.259738E+07   0.745781E+06   0.728631E+06   0.000000E+00   0.259776E+07   0.259776E+07   0.259981E+07  -0.587471E+00   0.259186E+07   0.259079E+07   0.376211E+03
   0.182399E-02   0.258918E+07   0.258866E+07   0.550125E+06   0.536067E+06   0.000000E+00   0.258910E+07   0.258910E+07   0.259061E+07  -0.585261E+00   0.258311E+07   0.258202E+07   0.346005E+03
   0.201409E-02   0.257914E+07   0.257855E+07   0.401367E+06   0.390484E+06   0.000000E+00   0.257905E+07   0.257905E+07   0.258015E+07  -0.582765E+00   0.257295E+07   0.257187E+07   0.309786E+03
   0.222400E-02   0.256758E+07   0.256690E+07   0.304565E+06   0.296011E+06   0.000000E+00   0.256747E+07   0.256747E+07   0.256831E+07  -0.579961E+00   0.256121E+07   0.256017E+07   0.271227E+03
   0.245578E-02   0.255435E+07   0.255356E+07   0.253972E+06   0.245996E+06   0.000000E+00   0.255422E+07   0.255422E+07   0.255492E+07  -0.576825E+00   0.254778E+07   0.254679E+07   0.234941E+03
   0.271172E-02   0.253930E+07   0.253839E+07   0.232189E+06   0.222747E+06   0.000000E+00   0.253916E+07   0.253916E+07   0.253979E+07  -0.573322E+00   0.253252E+07   0.253156E+07   0.205244E+03
   0.299433E-02   0.252229E+07   0.252122E+07   0.215396E+06   0.203363E+06   0.000000E+00   0.252212E+07   0.252212E+07   0.252270E+07  -0.569407E+00   0.251531E+07   0.251435E+07   0.184382E+03
   0.330639E-02   0.250315E+07   0.250189E+07   0.185217E+06   0.171553E+06   0.000000E+00   0.250296E+07   0.250296E+07   0.250345E+07  -0.565029E+00   0.249600E+07   0.249502E+07   0.171070E+03
   0.365098E-02   0.248172E+07   0.248022E+07   0.141262E+06   0.128774E+06   0.000000E+00   0.248149E+07   0.248149E+07   0.248187E+07  -0.560136E+00   0.247443E+07   0.247342E+07   0.160787E+03
   0.403148E-02   0.245781E+07   0.245602E+07   0.101641E+06   0.924698E+05   0.000000E+00   0.245754E+07   0.245754E+07   0.245781E+07  -0.554684E+00   0.245042E+07   0.244939E+07   0.148728E+03
   0.445164E-02   0.243124E+07   0.242910E+07   0.833654E+05   0.761571E+05   0.000000E+00   0.243091E+07   0.243091E+07   0.243113E+07  -0.548635E+00   0.242377E+07   0.242274E+07   0.133954E+03
   0.491559E-02   0.240182E+07   0.239927E+07   0.790789E+05   0.660508E+05   0.000000E+00   0.240142E+07   0.240142E+07   0.240163E+07  -0.541953E+00   0.239426E+07   0.239324E+07   0.120254E+03
   0.542788E-02   0.236936E+07   0.236631E+07   0.664931E+05   0.534471E+05   0.000000E+00   0.236889E+07   0.236889E+07   0.236906E+07  -0.534590E+00   0.236175E+07   0.236071E+07   0.110983E+03
   0.599357E-02   0.233368E+07   0.233003E+07   0.469413E+05   0.431800E+05   0.000000E+00   0.233312E+07   0.233312E+07   0.233324E+07  -0.526499E+00   0.232602E+07   0.232494E+07   0.103913E+03
   0.661821E-02   0.229459E+07   0.229022E+07   0.403190E+05   0.348232E+05   0.000000E+00   0.229392E+07   0.229392E+07   0.229402E+07  -0.517638E+00   0.228689E+07   0.228580E+07   0.956446E+02
   0.730796E-02   0.225190E+07   0.224669E+07   0.365282E+05   0.280296E+05   0.000000E+00   0.225110E+07   0.225110E+07   0.225119E+07  -0.507965E+00   0.224416E+07   0.224305E+07   0.882346E+02
   0.806958E-02   0.220544E+07   0.219921E+07   0.259766E+05   0.225143E+05   0.000000E+00   0.220448E+07   0.220448E+07   0.220455E+07  -0.497436E+00   0.219766E+07   0.219650E+07   0.830139E+02
   0.891059E-02   0.215501E+07   0.214757E+07   0.231961E+05   0.180422E+05   0.000000E+00   0.215386E+07   0.215386E+07   0.215392E+07  -0.486006E+00   0.214717E+07   0.214598E+07   0.777391E+02
   0.983924E-02   0.210044E+07   0.209158E+07   0.170165E+05   0.144215E+05   0.000000E+00   0.209907E+07   0.209907E+07   0.209911E+07  -0.473636E+00   0.209254E+07   0.209129E+07   0.734208E+02
   0.108647E-01   0.204154E+07   0.203101E+07   0.154358E+05   0.114948E+05   0.000000E+00   0.203991E+07   0.203991E+07   0.203995E+07  -0.460284E+00   0.203356E+07   0.203225E+07   0.696895E+02
   0.119970E-01   0.197815E+07   0.196568E+07   0.103786E+05   0.913337E+04   0.000000E+00   0.197623E+07   0.197623E+07   0.197626E+07  -0.445910E+00   0.197007E+07   0.196869E+07   0.665927E+02
   0.132473E-01   0.191012E+07   0.189541E+07   0.982162E+04   0.723158E+04   0.000000E+00   0.190785E+07   0.190785E+07   0.190787E+07  -0.430478E+00   0.190191E+07   0.190045E+07   0.638646E+02
   0.146279E-01   0.183732E+07   0.182006E+07   0.691507E+04   0.570344E+04   0.000000E+00   0.183466E+07   0.183466E+07   0.183467E+07  -0.413960E+00   0.182896E+07   0.182740E+07   0.616063E+02
   0.161524E-01   0.175968E+07   0.173953E+07   0.498158E+04   0.447853E+04   0.000000E+00   0.175657E+07   0.175657E+07   0.175658E+07  -0.396339E+00   0.175113E+07   0.174947E+07   0.596063E+02
   0.178358E-01   0.167720E+07   0.165387E+07   0.416431E+04   0.349948E+04   0.000000E+00   0.167360E+07   0.167360E+07   0.167361E+07  -0.377617E+00   0.166844E+07   0.166666E+07   0.577406E+02
   0.196946E-01   0.159002E+07   0.156325E+07   0.324818E+04   0.271960E+04   0.000000E+00   0.158589E+07   0.158589E+07   0.158590E+07  -0.357826E+00   0.158103E+07   0.157913E+07   0.559129E+02
   0.217472E-01   0.149847E+07   0.146810E+07   0.281706E+04   0.210084E+04   0.000000E+00   0.149378E+07   0.149378E+07   0.149379E+07  -0.337043E+00   0.148924E+07   0.148721E+07   0.539574E+02
   0.240136E-01   0.140314E+07   0.136915E+07   0.176344E+04   0.161232E+04   0.000000E+00   0.139789E+07   0.139789E+07   0.139790E+07  -0.315407E+00   0.139367E+07   0.139153E+07   0.517465E+02
   0.265163E-01   0.130497E+07   0.126758E+07   0.160934E+04   0.122891E+04   0.000000E+00   0.129920E+07   0.129920E+07   0.129920E+07  -0.293138E+00   0.129531E+07   0.129307E+07   0.490705E+02
   0.292798E-01   0.120534E+07   0.116506E+07   0.121341E+04   0.930198E+03   0.000000E+00   0.119912E+07   0.119912E+07   0.119913E+07  -0.270557E+00   0.119557E+07   0.119326E+07   0.457977E+02
   0.323313E-01   0.110610E+07   0.106383E+07   0.867227E+03   0.699527E+03   0.000000E+00   0.109958E+07   0.109958E+07   0.109958E+07  -0.248097E+00   0.109635E+07   0.109402E+07   0.418162E+02
   0.357009E-01   0.100956E+07   0.966588E+06   0.568805E+03   0.523261E+03   0.000000E+00   0.100293E+07   0.100293E+07   0.100293E+07  -0.226289E+00   0.100000E+07   0.997721E+06   0.370684E+02
   0.394216E-01   0.918274E+06   0.876305E+06   0.478186E+03   0.390147E+03   0.000000E+00   0.911797E+06   0.911797E+06   0.911798E+06  -0.205727E+00   0.909151E+06   0.907001E+06   0.316077E+02
   0.435300E-01   0.834734E+06   0.795709E+06   0.346603E+03   0.290824E+03   0.000000E+00   0.828711E+06   0.828711E+06   0.828712E+06  -0.186981E+00   0.826302E+06   0.824376E+06   0.256393E+02
   0.478830E-01   0.763173E+06   0.728771E+06   0.260698E+03   0.219814E+03   0.000000E+00   0.757864E+06   0.757864E+06   0.757864E+06  -0.170995E+00   0.755639E+06   0.754006E+06   0.197658E+02
   0.522360E-01   0.706480E+06   0.677479E+06   0.202934E+03   0.171106E+03   0.000000E+00   0.702004E+06   0.702004E+06   0.702004E+06  -0.158392E+00   0.699914E+06   0.698591E+06   0.146827E+02
   0.565890E-01   0.660134E+06   0.636525E+06   0.161724E+03   0.136355E+03   0.000000E+00   0.656490E+06   0.656490E+06   0.656490E+06  -0.148122E+00   0.654505E+06   0.653469E+06   0.106030E+02
   0.609421E-01   0.620949E+06   0.602058E+06   0.131292E+03   0.110694E+03   0.000000E+00   0.618034E+06   0.618034E+06   0.618034E+06  -0.139446E+00   0.616138E+06   0.615338E+06   0.760278E+01
   0.652951E-01   0.585910E+06   0.570605E+06   0.107997E+03   0.910523E+02   0.000000E+00   0.583548E+06   0.583548E+06   0.583548E+06  -0.131665E+00   0.581739E+06   0.581104E+06   0.562903E+01
   0.696481E-01   0.552888E+06   0.539835E+06   0.896078E+02   0.755479E+02   0.000000E+00   0.550873E+06   0.550873E+06   0.550874E+06  -0.124292E+00   0.549157E+06   0.548613E+06   0.453224E+01
   0.740011E-01   0.520601E+06   0.508499E+06   0.747441E+02   0.630165E+02   0.000000E+00   0.518733E+06   0.518733E+06   0.518733E+06  -0.117041E+00   0.517119E+06   0.516595E+06   0.410212E+01
   0.783541E-01   0.488641E+06   0.476429E+06   0.625568E+02   0.527421E+02   0.000000E+00   0.486756E+06   0.486756E+06   0.486756E+06  -0.109826E+00   0.485251E+06   0.484696E+06   0.410477E+01
   0.827071E-01   0.457295E+06   0.444279E+06   0.525109E+02   0.442731E+02   0.000000E+00   0.455286E+06   0.455286E+06   0.455286E+06  -0.102725E+00   0.453893E+06   0.453277E+06   0.431687E+01
   0.870601E-01   0.427236E+06   0.413141E+06   0.442405E+02   0.373009E+02   0.000000E+00   0.425061E+06   0.425061E+06   0.425061E+06  -0.959055E-01   0.423777E+06   0.423093E+06   0.455264E+01
   0.914131E-01   0.399203E+06   0.384142E+06   0.374632E+02   0.315874E+02   0.000000E+00   0.396879E+06   0.396879E+06   0.396879E+06  -0.895469E-01   0.395695E+06   0.394957E+06   0.468065E+01
   0.968283E-01   0.368147E+06   0.352477E+06   0.307665E+02   0.259416E+02   0.000000E+00   0.365729E+06   0.365729E+06   0.365729E+06  -0.825185E-01   0.364651E+06   0.363885E+06   0.458685E+01
   0.102244E+00   0.342151E+06   0.326790E+06   0.256351E+02   0.216151E+02   0.000000E+00   0.339780E+06   0.339780E+06   0.339780E+06  -0.766638E-01   0.338783E+06   0.338043E+06   0.419917E+01
   0.107659E+00   0.321355E+06   0.307196E+06   0.217194E+02   0.183132E+02   0.000000E+00   0.319170E+06   0.319170E+06   0.319170E+06  -0.720135E-01   0.318229E+06   0.317561E+06   0.359359E+01
   0.113074E+00   0.304929E+06   0.292585E+06   0.186945E+02   0.157625E+02   0.000000E+00   0.303024E+06   0.303024E+06   0.303024E+06  -0.683706E-01   0.302121E+06   0.301556E+06   0.289574E+01
   0.118489E+00   0.291434E+06   0.281103E+06   0.162859E+02   0.137313E+02   0.000000E+00   0.289840E+06   0.289840E+06   0.289840E+06  -0.653958E-01   0.288963E+06   0.288506E+06   0.223522E+01
   0.123905E+00   0.279405E+06   0.270875E+06   0.142911E+02   0.120491E+02   0.000000E+00   0.278088E+06   0.278088E+06   0.278088E+06  -0.627444E-01   0.277236E+06   0.276870E+06   0.171058E+01
   0.129320E+00   0.267690E+06   0.260447E+06   0.125768E+02   0.106036E+02   0.000000E+00   0.266572E+06   0.266572E+06   0.266572E+06  -0.601460E-01   0.265748E+06   0.265442E+06   0.137071E+01
   0.134735E+00   0.255572E+06   0.248975E+06   0.110640E+02   0.932811E+01   0.000000E+00   0.254554E+06   0.254554E+06   0.254554E+06  -0.574344E-01   0.253765E+06   0.253483E+06   0.121316E+01
   0.140150E+00   0.242858E+06   0.236317E+06   0.971479E+01   0.819065E+01   0.000000E+00   0.241848E+06   0.241848E+06   0.241848E+06  -0.545677E-01   0.241102E+06   0.240813E+06   0.119590E+01
   0.145566E+00   0.229835E+06   0.222950E+06   0.851791E+01   0.718166E+01   0.000000E+00   0.228772E+06   0.228772E+06   0.228772E+06  -0.516173E-01   0.228073E+06   0.227757E+06   0.125615E+01
   0.150981E+00   0.217052E+06   0.209675E+06   0.747214E+01   0.630007E+01   0.000000E+00   0.215914E+06   0.215914E+06   0.215914E+06  -0.487161E-01   0.215261E+06   0.214915E+06   0.133001E+01
   0.156396E+00   0.205101E+06   0.197329E+06   0.657571E+01   0.554435E+01   0.000000E+00   0.203902E+06   0.203902E+06   0.203902E+06  -0.460059E-01   0.203292E+06   0.202923E+06   0.136792E+01
   0.161811E+00   0.194491E+06   0.186591E+06   0.582240E+01   0.490924E+01   0.000000E+00   0.193272E+06   0.193272E+06   0.193272E+06  -0.436075E-01   0.192698E+06   0.192323E+06   0.134327E+01
   0.167227E+00   0.185515E+06   0.177827E+06   0.519912E+01   0.438372E+01   0.000000E+00   0.184329E+06   0.184329E+06   0.184329E+06  -0.415896E-01   0.183782E+06   0.183420E+06   0.125358E+01
   0.172642E+00   0.178129E+06   0.170955E+06   0.468486E+01   0.395009E+01   0.000000E+00   0.177022E+06   0.177022E+06   0.177022E+06  -0.399410E-01   0.176494E+06   0.176162E+06   0.111547E+01
   0.178057E+00   0.171980E+06   0.165512E+06   0.425423E+01   0.358695E+01   0.000000E+00   0.170982E+06   0.170982E+06   0.170982E+06  -0.385782E-01   0.170468E+06   0.170174E+06   0.956092E+00
   0.183472E+00   0.166593E+06   0.160874E+06   0.388356E+01   0.327437E+01   0.000000E+00   0.165711E+06   0.165711E+06   0.165711E+06  -0.373889E-01   0.165208E+06   0.164954E+06   0.803807E+00
   0.188888E+00   0.161525E+06   0.156460E+06   0.355445E+01   0.299685E+01   0.000000E+00   0.160743E+06   0.160743E+06   0.160743E+06  -0.362681E-01   0.160252E+06   0.160030E+06   0.680689E+00
   0.194303E+00   0.156420E+06   0.151818E+06   0.325403E+01   0.274353E+01   0.000000E+00   0.155710E+06   0.155710E+06   0.155710E+06  -0.351325E-01   0.155232E+06   0.155031E+06   0.598274E+00
   0.199718E+00   0.151062E+06   0.146697E+06   0.297472E+01   0.250803E+01   0.000000E+00   0.150389E+06   0.150389E+06   0.150389E+06  -0.339318E-01   0.149927E+06   0.149735E+06   0.556761E+00
   0.205133E+00   0.145425E+06   0.141094E+06   0.271407E+01   0.228829E+01   0.000000E+00   0.144757E+06   0.144757E+06   0.144757E+06  -0.326611E-01   0.144313E+06   0.144120E+06   0.547181E+00
   0.210549E+00   0.139658E+06   0.135228E+06   0.247323E+01   0.208525E+01   0.000000E+00   0.138974E+06   0.138974E+06   0.138974E+06  -0.313564E-01   0.138551E+06   0.138349E+06   0.555408E+00
   0.215964E+00   0.133994E+06   0.129423E+06   0.225446E+01   0.190083E+01   0.000000E+00   0.133289E+06   0.133289E+06   0.133289E+06  -0.300736E-01   0.132885E+06   0.132674E+06   0.566653E+00
   0.221379E+00   0.128661E+06   0.123988E+06   0.205933E+01   0.173632E+01   0.000000E+00   0.127940E+06   0.127940E+06   0.127940E+06  -0.288668E-01   0.127555E+06   0.127338E+06   0.569162E+00
   0.226794E+00   0.123829E+06   0.119150E+06   0.188798E+01   0.159186E+01   0.000000E+00   0.123107E+06   0.123107E+06   0.123107E+06  -0.277763E-01   0.122738E+06   0.122520E+06   0.556390E+00
   0.232210E+00   0.119578E+06   0.115013E+06   0.173902E+01   0.146626E+01   0.000000E+00   0.118874E+06   0.118874E+06   0.118874E+06  -0.268212E-01   0.118518E+06   0.118306E+06   0.527471E+00
   0.237625E+00   0.115889E+06   0.111542E+06   0.160962E+01   0.135715E+01   0.000000E+00   0.115218E+06   0.115218E+06   0.115218E+06  -0.259963E-01   0.114872E+06   0.114672E+06   0.486229E+00
   0.243040E+00   0.112653E+06   0.108592E+06   0.149612E+01   0.126144E+01   0.000000E+00   0.112026E+06   0.112026E+06   0.112026E+06  -0.252762E-01   0.111688E+06   0.111504E+06   0.439250E+00
   0.248455E+00   0.109718E+06   0.105957E+06   0.139475E+01   0.117596E+01   0.000000E+00   0.109137E+06   0.109137E+06   0.109137E+06  -0.246244E-01   0.108807E+06   0.108638E+06   0.393651E+00
   0.253871E+00   0.106919E+06   0.103426E+06   0.130217E+01   0.109790E+01   0.000000E+00   0.106380E+06   0.106380E+06   0.106380E+06  -0.240023E-01   0.106056E+06   0.105901E+06   0.355181E+00
   0.259286E+00   0.104117E+06   0.100826E+06   0.121586E+01   0.102512E+01   0.000000E+00   0.103609E+06   0.103609E+06   0.103609E+06  -0.233771E-01   0.103293E+06   0.103147E+06   0.327061E+00
   0.264701E+00   0.101236E+06   0.980658E+05   0.113439E+01   0.956434E+00   0.000000E+00   0.100747E+06   0.100747E+06   0.100747E+06  -0.227312E-01   0.100439E+06   0.100298E+06   0.309678E+00
   0.270116E+00   0.982760E+05   0.951562E+05   0.105743E+01   0.891549E+00   0.000000E+00   0.977946E+05   0.977946E+05   0.977946E+05  -0.220651E-01   0.974964E+05   0.973561E+05   0.301017E+00
   0.275532E+00   0.952941E+05   0.921757E+05   0.985264E+00   0.830708E+00   0.000000E+00   0.948128E+05   0.948128E+05   0.948128E+05  -0.213924E-01   0.945246E+05   0.943831E+05   0.297603E+00
   0.280947E+00   0.923643E+05   0.892290E+05   0.918315E+00   0.774266E+00   0.000000E+00   0.918805E+05   0.918805E+05   0.918805E+05  -0.207308E-01   0.916021E+05   0.914588E+05   0.295610E+00
   0.286362E+00   0.895608E+05   0.864189E+05   0.856911E+00   0.722498E+00   0.000000E+00   0.890759E+05   0.890759E+05   0.890759E+05  -0.200980E-01   0.888069E+05   0.886627E+05   0.291852E+00
   0.291777E+00   0.869479E+05   0.838304E+05   0.801210E+00   0.675536E+00   0.000000E+00   0.864668E+05   0.864668E+05   0.864668E+05  -0.195093E-01   0.862061E+05   0.860629E+05   0.284411E+00
   0.297192E+00   0.845640E+05   0.815106E+05   0.751072E+00   0.633263E+00   0.000000E+00   0.840927E+05   0.840927E+05   0.840927E+05  -0.189736E-01   0.838393E+05   0.836994E+05   0.272833E+00
   0.302608E+00   0.824054E+05   0.794527E+05   0.705975E+00   0.595239E+00   0.000000E+00   0.819497E+05   0.819497E+05   0.819497E+05  -0.184901E-01   0.817025E+05   0.815678E+05   0.257931E+00
   0.308023E+00   0.804321E+05   0.776041E+05   0.665134E+00   0.560802E+00   0.000000E+00   0.799957E+05   0.799957E+05   0.799957E+05  -0.180492E-01   0.797539E+05   0.796256E+05   0.241338E+00
   0.313438E+00   0.785887E+05   0.758924E+05   0.627722E+00   0.529256E+00   0.000000E+00   0.781725E+05   0.781725E+05   0.781725E+05  -0.176379E-01   0.779357E+05   0.778140E+05   0.224934E+00
   0.318853E+00   0.768209E+05   0.742467E+05   0.593020E+00   0.499996E+00   0.000000E+00   0.764236E+05   0.764236E+05   0.764236E+05  -0.172433E-01   0.761916E+05   0.760759E+05   0.210334E+00
   0.324269E+00   0.750830E+05   0.726089E+05   0.560462E+00   0.472544E+00   0.000000E+00   0.747012E+05   0.747012E+05   0.747012E+05  -0.168546E-01   0.744740E+05   0.743630E+05   0.198537E+00
   0.329684E+00   0.733437E+05   0.709422E+05   0.529660E+00   0.446573E+00   0.000000E+00   0.729730E+05   0.729730E+05   0.729730E+05  -0.164647E-01   0.727511E+05   0.726431E+05   0.189789E+00
   0.335099E+00   0.715945E+05   0.692398E+05   0.500439E+00   0.421936E+00   0.000000E+00   0.712311E+05   0.712311E+05   0.712311E+05  -0.160717E-01   0.710145E+05   0.709083E+05   0.183673E+00
   0.340514E+00   0.698500E+05   0.675231E+05   0.472803E+00   0.398637E+00   0.000000E+00   0.694909E+05   0.694909E+05   0.694909E+05  -0.156790E-01   0.692799E+05   0.691745E+05   0.179322E+00
   0.345930E+00   0.681371E+05   0.658292E+05   0.446838E+00   0.376746E+00   0.000000E+00   0.677809E+05   0.677809E+05   0.677809E+05  -0.152932E-01   0.675755E+05   0.674706E+05   0.175708E+00
   0.351345E+00   0.664832E+05   0.641951E+05   0.422616E+00   0.356324E+00   0.000000E+00   0.661301E+05   0.661301E+05   0.661301E+05  -0.149208E-01   0.659299E+05   0.658257E+05   0.171911E+00
   0.356760E+00   0.649096E+05   0.626499E+05   0.400154E+00   0.337386E+00   0.000000E+00   0.645609E+05   0.645609E+05   0.645609E+05  -0.145667E-01   0.643657E+05   0.642627E+05   0.167320E+00
   0.362175E+00   0.634290E+05   0.612101E+05   0.379410E+00   0.319896E+00   0.000000E+00   0.630866E+05   0.630866E+05   0.630866E+05  -0.142341E-01   0.628959E+05   0.627948E+05   0.161708E+00
   0.367591E+00   0.620427E+05   0.598768E+05   0.360268E+00   0.303757E+00   0.000000E+00   0.617084E+05   0.617084E+05   0.617084E+05  -0.139231E-01   0.615218E+05   0.614234E+05   0.155214E+00
   0.373006E+00   0.607400E+05   0.586358E+05   0.342553E+00   0.288820E+00   0.000000E+00   0.604153E+05   0.604153E+05   0.604153E+05  -0.136313E-01   0.602324E+05   0.601370E+05   0.148229E+00
   0.378421E+00   0.595026E+05   0.574634E+05   0.326061E+00   0.274914E+00   0.000000E+00   0.591879E+05   0.591879E+05   0.591879E+05  -0.133544E-01   0.590086E+05   0.589164E+05   0.141250E+00
   0.383836E+00   0.583114E+05   0.563346E+05   0.310601E+00   0.261879E+00   0.000000E+00   0.580063E+05   0.580063E+05   0.580063E+05  -0.130878E-01   0.578304E+05   0.577411E+05   0.134743E+00
   0.389252E+00   0.571499E+05   0.552288E+05   0.296018E+00   0.249583E+00   0.000000E+00   0.568534E+05   0.568534E+05   0.568534E+05  -0.128277E-01   0.566809E+05   0.565942E+05   0.129030E+00
   0.394667E+00   0.560062E+05   0.541313E+05   0.282195E+00   0.237928E+00   0.000000E+00   0.557169E+05   0.557169E+05   0.557169E+05  -0.125713E-01   0.555477E+05   0.554631E+05   0.124236E+00
   0.400082E+00   0.548740E+05   0.530358E+05   0.269055E+00   0.226849E+00   0.000000E+00   0.545903E+05   0.545903E+05   0.545903E+05  -0.123171E-01   0.544246E+05   0.543416E+05   0.120292E+00
   0.405497E+00   0.537549E+05   0.519459E+05   0.256568E+00   0.216322E+00   0.000000E+00   0.534758E+05   0.534758E+05   0.534758E+05  -0.120656E-01   0.533135E+05   0.532317E+05   0.116990E+00
   0.410913E+00   0.526574E+05   0.508731E+05   0.244739E+00   0.206348E+00   0.000000E+00   0.523820E+05   0.523820E+05   0.523820E+05  -0.118188E-01   0.522232E+05   0.521423E+05   0.114052E+00
   0.416328E+00   0.515911E+05   0.498304E+05   0.233576E+00   0.196936E+00   0.000000E+00   0.513194E+05   0.513194E+05   0.513194E+05  -0.115791E-01   0.511639E+05   0.510840E+05   0.111210E+00
   0.421743E+00   0.505625E+05   0.488271E+05   0.223070E+00   0.188079E+00   0.000000E+00   0.502947E+05   0.502947E+05   0.502947E+05  -0.113479E-01   0.501424E+05   0.500636E+05   0.108262E+00
   0.427158E+00   0.495751E+05   0.478684E+05   0.213200E+00   0.179757E+00   0.000000E+00   0.493117E+05   0.493117E+05   0.493117E+05  -0.111261E-01   0.491624E+05   0.490850E+05   0.105107E+00
   0.432574E+00   0.486307E+05   0.469563E+05   0.203935E+00   0.171945E+00   0.000000E+00   0.483723E+05   0.483723E+05   0.483723E+05  -0.109141E-01   0.482258E+05   0.481499E+05   0.101748E+00
   0.437989E+00   0.477281E+05   0.460891E+05   0.195234E+00   0.164610E+00   0.000000E+00   0.474752E+05   0.474752E+05   0.474752E+05  -0.107117E-01   0.473314E+05   0.472571E+05   0.982699E-01
   0.443404E+00   0.468618E+05   0.452593E+05   0.187042E+00   0.157702E+00   0.000000E+00   0.466145E+05   0.466145E+05   0.466145E+05  -0.105175E-01   0.464733E+05   0.464007E+05   0.947994E-01
   0.448819E+00   0.460235E+05   0.444571E+05   0.179295E+00   0.151170E+00   0.000000E+00   0.457818E+05   0.457818E+05   0.457818E+05  -0.103296E-01   0.456430E+05   0.455721E+05   0.914679E-01
   0.454235E+00   0.452067E+05   0.436742E+05   0.171943E+00   0.144971E+00   0.000000E+00   0.449702E+05   0.449702E+05   0.449702E+05  -0.101465E-01   0.448338E+05   0.447646E+05   0.883779E-01
   0.459650E+00   0.444081E+05   0.429063E+05   0.164951E+00   0.139076E+00   0.000000E+00   0.441763E+05   0.441763E+05   0.441763E+05  -0.996740E-02   0.440423E+05   0.439745E+05   0.855827E-01
   0.465065E+00   0.436253E+05   0.421507E+05   0.158292E+00   0.133462E+00   0.000000E+00   0.433977E+05   0.433977E+05   0.433977E+05  -0.979172E-02   0.432661E+05   0.431994E+05   0.830815E-01
   0.470480E+00   0.428565E+05   0.414060E+05   0.151942E+00   0.128108E+00   0.000000E+00   0.426326E+05   0.426326E+05   0.426326E+05  -0.961909E-02   0.425033E+05   0.424377E+05   0.808281E-01
   0.475896E+00   0.421021E+05   0.406737E+05   0.145888E+00   0.123004E+00   0.000000E+00   0.418816E+05   0.418816E+05   0.418816E+05  -0.944965E-02   0.417547E+05   0.416900E+05   0.787498E-01
   0.481311E+00   0.413656E+05   0.399580E+05   0.140126E+00   0.118146E+00   0.000000E+00   0.411483E+05   0.411483E+05   0.411483E+05  -0.928420E-02   0.410236E+05   0.409599E+05   0.767686E-01
   0.486726E+00   0.406503E+05   0.392634E+05   0.134654E+00   0.113532E+00   0.000000E+00   0.404362E+05   0.404362E+05   0.404362E+05  -0.912353E-02   0.403137E+05   0.402509E+05   0.748193E-01
   0.492141E+00   0.399573E+05   0.385918E+05   0.129460E+00   0.109153E+00   0.000000E+00   0.397466E+05   0.397466E+05   0.397466E+05  -0.896792E-02   0.396261E+05   0.395642E+05   0.728606E-01
   0.497557E+00   0.392862E+05   0.379429E+05   0.124530E+00   0.104996E+00   0.000000E+00   0.390789E+05   0.390789E+05   0.390789E+05  -0.881727E-02   0.389605E+05   0.388996E+05   0.708794E-01
   0.502972E+00   0.386365E+05   0.373163E+05   0.119848E+00   0.101049E+00   0.000000E+00   0.384328E+05   0.384328E+05   0.384328E+05  -0.867149E-02   0.383163E+05   0.382565E+05   0.688886E-01
   0.508387E+00   0.380076E+05   0.367107E+05   0.115400E+00   0.972982E-01   0.000000E+00   0.378075E+05   0.378075E+05   0.378075E+05  -0.853041E-02   0.376929E+05   0.376342E+05   0.669179E-01
   0.513802E+00   0.373973E+05   0.361236E+05   0.111167E+00   0.937294E-01   0.000000E+00   0.372007E+05   0.372007E+05   0.372007E+05  -0.839351E-02   0.370880E+05   0.370303E+05   0.650025E-01
   0.519218E+00   0.368024E+05   0.355512E+05   0.107130E+00   0.903254E-01   0.000000E+00   0.366093E+05   0.366093E+05   0.366093E+05  -0.826007E-02   0.364984E+05   0.364418E+05   0.631729E-01
   0.524633E+00   0.362208E+05   0.349909E+05   0.103273E+00   0.870728E-01   0.000000E+00   0.360310E+05   0.360310E+05   0.360310E+05  -0.812959E-02   0.359218E+05   0.358661E+05   0.614486E-01
   0.530048E+00   0.356517E+05   0.344417E+05   0.995836E-01   0.839626E-01   0.000000E+00   0.354649E+05   0.354649E+05   0.354649E+05  -0.800186E-02   0.353574E+05   0.353027E+05   0.598353E-01
   0.535463E+00   0.350946E+05   0.339034E+05   0.960548E-01   0.809873E-01   0.000000E+00   0.349107E+05   0.349107E+05   0.349107E+05  -0.787682E-02   0.348049E+05   0.347510E+05   0.583249E-01
   0.540879E+00   0.345491E+05   0.333755E+05   0.926772E-01   0.781396E-01   0.000000E+00   0.343679E+05   0.343679E+05   0.343679E+05  -0.775435E-02   0.342637E+05   0.342106E+05   0.568993E-01
   0.546294E+00   0.340151E+05   0.328584E+05   0.894442E-01   0.754137E-01   0.000000E+00   0.338365E+05   0.338365E+05   0.338365E+05  -0.763446E-02   0.337340E+05   0.336816E+05   0.555363E-01
   0.551709E+00   0.334935E+05   0.323533E+05   0.863517E-01   0.728063E-01   0.000000E+00   0.333175E+05   0.333175E+05   0.333175E+05  -0.751735E-02   0.332165E+05   0.331649E+05   0.542151E-01
   0.557124E+00   0.329853E+05   0.318616E+05   0.833960E-01   0.703143E-01   0.000000E+00   0.328119E+05   0.328119E+05   0.328119E+05  -0.740327E-02   0.327124E+05   0.326616E+05   0.529204E-01
   0.562540E+00   0.324906E+05   0.313832E+05   0.805710E-01   0.679324E-01   0.000000E+00   0.323197E+05   0.323197E+05   0.323197E+05  -0.729220E-02   0.322217E+05   0.321716E+05   0.516439E-01
   0.567955E+00   0.320084E+05   0.309175E+05   0.778690E-01   0.656543E-01   0.000000E+00   0.318401E+05   0.318401E+05   0.318401E+05  -0.718400E-02   0.317436E+05   0.316942E+05   0.503847E-01
   0.573370E+00   0.315385E+05   0.304640E+05   0.752834E-01   0.634743E-01   0.000000E+00   0.313726E+05   0.313726E+05   0.313726E+05  -0.707853E-02   0.312776E+05   0.312289E+05   0.491478E-01
   0.578785E+00   0.310804E+05   0.300222E+05   0.728084E-01   0.613875E-01   0.000000E+00   0.309171E+05   0.309171E+05   0.309171E+05  -0.697574E-02   0.308233E+05   0.307755E+05   0.479417E-01
   0.630078E+00   0.272056E+05   0.262796E+05   0.537776E-01   0.453419E-01   0.000000E+00   0.270627E+05   0.270627E+05   0.270627E+05  -0.610609E-02   0.269807E+05   0.269388E+05   0.385399E-01
   0.769579E+00   0.198054E+05   0.191319E+05   0.262429E-01   0.221263E-01   0.000000E+00   0.197015E+05   0.197015E+05   0.197015E+05  -0.444519E-02   0.196417E+05   0.196113E+05   0.229411E-01
   0.939966E+00   0.143462E+05   0.138586E+05   0.127423E-01   0.107435E-01   0.000000E+00   0.142710E+05   0.142710E+05   0.142710E+05  -0.321993E-02   0.142277E+05   0.142057E+05   0.135998E-01
   0.114808E+01   0.103451E+05   0.999356E+04   0.615928E-02   0.519311E-02   0.000000E+00   0.102909E+05   0.102909E+05   0.102909E+05  -0.232191E-02   0.102597E+05   0.102438E+05   0.802839E-02
   0.140226E+01   0.742950E+04   0.717706E+04   0.296508E-02   0.249997E-02   0.000000E+00   0.739054E+04   0.739054E+04   0.739054E+04  -0.166751E-02   0.736814E+04   0.735671E+04   0.472135E-02
   0.171273E+01   0.531568E+04   0.513508E+04   0.142206E-02   0.119899E-02   0.000000E+00   0.528781E+04   0.528781E+04   0.528781E+04  -0.119307E-02   0.527177E+04   0.526359E+04   0.276715E-02
   0.209193E+01   0.379030E+04   0.366154E+04   0.679697E-03   0.573078E-03   0.000000E+00   0.377043E+04   0.377043E+04   0.377043E+04  -0.850713E-03   0.375900E+04   0.375316E+04   0.161705E-02
   0.255509E+01   0.269421E+04   0.260269E+04   0.323858E-03   0.273057E-03   0.000000E+00   0.268009E+04   0.268009E+04   0.268009E+04  -0.604701E-03   0.267196E+04   0.266780E+04   0.942646E-03
   0.312080E+01   0.190962E+04   0.184475E+04   0.153869E-03   0.129733E-03   0.000000E+00   0.189961E+04   0.189961E+04   0.189961E+04  -0.428604E-03   0.189385E+04   0.189089E+04   0.548474E-03
   0.381175E+01   0.134995E+04   0.130409E+04   0.729129E-04   0.614757E-04   0.000000E+00   0.134287E+04   0.134287E+04   0.134287E+04  -0.302989E-03   0.133880E+04   0.133671E+04   0.318743E-03
   0.465568E+01   0.951999E+03   0.919649E+03   0.344670E-04   0.290605E-04   0.000000E+00   0.947007E+03   0.947007E+03   0.947007E+03  -0.213671E-03   0.944136E+03   0.942649E+03   0.185175E-03
   0.568646E+01   0.669857E+03   0.647085E+03   0.162566E-04   0.137066E-04   0.000000E+00   0.666342E+03   0.666342E+03   0.666342E+03  -0.150345E-03   0.664323E+03   0.663267E+03   0.107667E-03
   0.694546E+01   0.470357E+03   0.454357E+03   0.765160E-05   0.645140E-05   0.000000E+00   0.467887E+03   0.467887E+03   0.467887E+03  -0.105568E-03   0.466470E+03   0.465718E+03   0.627523E-04
   0.848320E+01   0.329640E+03   0.318416E+03   0.359452E-05   0.303071E-05   0.000000E+00   0.327907E+03   0.327907E+03   0.327907E+03  -0.739849E-04   0.326915E+03   0.326377E+03   0.367417E-04
   0.103614E+02   0.230609E+03   0.222746E+03   0.168559E-05   0.142121E-05   0.000000E+00   0.229396E+03   0.229396E+03   0.229396E+03  -0.517580E-04   0.228702E+03   0.228314E+03   0.216741E-04
   0.126554E+02   0.161062E+03   0.155558E+03   0.789112E-06   0.665349E-06   0.000000E+00   0.160213E+03   0.160213E+03   0.160213E+03  -0.361484E-04   0.159729E+03   0.159446E+03   0.129314E-04
   0.154574E+02   0.112314E+03   0.108463E+03   0.368845E-06   0.311001E-06   0.000000E+00   0.111720E+03   0.111720E+03   0.111720E+03  -0.252071E-04   0.111383E+03   0.111174E+03   0.784126E-05
   0.188797E+02   0.782071E+02   0.755118E+02   0.172150E-06   0.145156E-06   0.000000E+00   0.777911E+02   0.777911E+02   0.777911E+02  -0.175518E-04   0.775572E+02   0.773989E+02   0.486021E-05
   0.230597E+02   0.543830E+02   0.524947E+02   0.802351E-07   0.676558E-07   0.000000E+00   0.540916E+02   0.540916E+02   0.540916E+02  -0.122045E-04   0.539296E+02   0.538063E+02   0.309813E-05
   0.281652E+02   0.377675E+02   0.364416E+02   0.373455E-07   0.314920E-07   0.000000E+00   0.375629E+02   0.375629E+02   0.375629E+02  -0.847522E-05   0.374511E+02   0.373519E+02   0.204226E-05
   0.344011E+02   0.261962E+02   0.252614E+02   0.173598E-07   0.146399E-07   0.000000E+00   0.260519E+02   0.260519E+02   0.260519E+02  -0.587803E-05   0.259752E+02   0.258922E+02   0.139736E-05
   0.420176E+02   0.181486E+02   0.174854E+02   0.805919E-08   0.679721E-08   0.000000E+00   0.180462E+02   0.180462E+02   0.180462E+02  -0.407173E-05   0.179938E+02   0.179218E+02   0.993339E-06
   0.513204E+02   0.125587E+02   0.120837E+02   0.373648E-08   0.315189E-08   0.000000E+00   0.124854E+02   0.124854E+02   0.124854E+02  -0.281704E-05   0.124499E+02   0.123851E+02   0.732048E-06
   0.626829E+02   0.868049E+01   0.833564E+01   0.172994E-08   0.145963E-08   0.000000E+00   0.862727E+01   0.862727E+01   0.862727E+01  -0.194655E-05   0.860356E+01   0.854335E+01   0.556664E-06
   0.765610E+02   0.599283E+01   0.573781E+01   0.799717E-09   0.674996E-09   0.000000E+00   0.595347E+01   0.595347E+01   0.595347E+01  -0.134327E-05   0.593793E+01   0.588059E+01   0.434084E-06
   0.935118E+02   0.413215E+01   0.393902E+01   0.369039E-09   0.311648E-09   0.000000E+00   0.410234E+01   0.410234E+01   0.410234E+01  -0.925601E-06   0.409248E+01   0.403683E+01   0.344849E-06
   0.114216E+03   0.284524E+01   0.269469E+01   0.169933E-09   0.143617E-09   0.000000E+00   0.282201E+01   0.282201E+01   0.282201E+01  -0.636722E-06   0.281608E+01   0.276142E+01   0.277355E-06
