#           k/h    P           
    0.10000E-03    0.12565E+02
    0.10202E-03    0.12811E+02
    0.10408E-03    0.13060E+02
    0.10618E-03    0.13315E+02
    0.10833E-03    0.13575E+02
    0.11052E-03    0.13839E+02
    0.11275E-03    0.14109E+02
    0.11503E-03    0.14384E+02
    0.11735E-03    0.14665E+02
    0.11972E-03    0.14951E+02
    0.12214E-03    0.15242E+02
    0.12461E-03    0.15540E+02
    0.12712E-03    0.15843E+02
    0.12969E-03    0.16151E+02
    0.13231E-03    0.16466E+02
    0.13499E-03    0.16787E+02
    0.13771E-03    0.17115E+02
    0.14049E-03    0.17448E+02
    0.14333E-03    0.17788E+02
    0.14623E-03    0.18135E+02
    0.14918E-03    0.18489E+02
    0.15220E-03    0.18849E+02
    0.15527E-03    0.19217E+02
    0.15841E-03    0.19591E+02
    0.16161E-03    0.19973E+02
    0.16487E-03    0.20362E+02
    0.16820E-03    0.20759E+02
    0.17160E-03    0.21164E+02
    0.17507E-03    0.21576E+02
    0.17860E-03    0.21997E+02
    0.18221E-03    0.22425E+02
    0.18589E-03    0.22862E+02
    0.18965E-03    0.23308E+02
    0.19348E-03    0.23762E+02
    0.19739E-03    0.24225E+02
    0.20138E-03    0.24697E+02
    0.20544E-03    0.25178E+02
    0.20959E-03    0.25669E+02
    0.21383E-03    0.26169E+02
    0.21815E-03    0.26678E+02
    0.22255E-03    0.27198E+02
    0.22705E-03    0.27728E+02
    0.23164E-03    0.28268E+02
    0.23632E-03    0.28818E+02
    0.24109E-03    0.29379E+02
    0.24596E-03    0.29951E+02
    0.25093E-03    0.30534E+02
    0.25600E-03    0.31129E+02
    0.26117E-03    0.31735E+02
    0.26645E-03    0.32352E+02
    0.27183E-03    0.32982E+02
    0.27732E-03    0.33624E+02
    0.28292E-03    0.34278E+02
    0.28864E-03    0.34945E+02
    0.29447E-03    0.35625E+02
    0.30042E-03    0.36318E+02
    0.30649E-03    0.37024E+02
    0.31268E-03    0.37744E+02
    0.31899E-03    0.38478E+02
    0.32544E-03    0.39226E+02
    0.33201E-03    0.39989E+02
    0.33872E-03    0.40766E+02
    0.34556E-03    0.41558E+02
    0.35254E-03    0.42366E+02
    0.35966E-03    0.43189E+02
    0.36693E-03    0.44028E+02
    0.37434E-03    0.44883E+02
    0.38190E-03    0.45755E+02
    0.38962E-03    0.46643E+02
    0.39749E-03    0.47548E+02
    0.40552E-03    0.48471E+02
    0.41371E-03    0.49412E+02
    0.42207E-03    0.50370E+02
    0.43060E-03    0.51347E+02
    0.43929E-03    0.52343E+02
    0.44817E-03    0.53358E+02
    0.45722E-03    0.54392E+02
    0.46646E-03    0.55446E+02
    0.47588E-03    0.56520E+02
    0.48550E-03    0.57614E+02
    0.49530E-03    0.58729E+02
    0.50531E-03    0.59866E+02
    0.51552E-03    0.61024E+02
    0.52593E-03    0.62205E+02
    0.53656E-03    0.63407E+02
    0.54739E-03    0.64633E+02
    0.55845E-03    0.65882E+02
    0.56973E-03    0.67154E+02
    0.58124E-03    0.68450E+02
    0.59299E-03    0.69771E+02
    0.60496E-03    0.71117E+02
    0.61719E-03    0.72488E+02
    0.62965E-03    0.73885E+02
    0.64237E-03    0.75309E+02
    0.65535E-03    0.76758E+02
    0.66859E-03    0.78236E+02
    0.68210E-03    0.79740E+02
    0.69588E-03    0.81273E+02
    0.70993E-03    0.82835E+02
    0.72427E-03    0.84425E+02
    0.73891E-03    0.86045E+02
    0.75383E-03    0.87695E+02
    0.76906E-03    0.89376E+02
    0.78460E-03    0.91087E+02
    0.80045E-03    0.92830E+02
    0.81662E-03    0.94605E+02
    0.83311E-03    0.96413E+02
    0.84994E-03    0.98254E+02
    0.86711E-03    0.10013E+03
    0.88463E-03    0.10204E+03
    0.90250E-03    0.10398E+03
    0.92073E-03    0.10596E+03
    0.93933E-03    0.10797E+03
    0.95831E-03    0.11002E+03
    0.97767E-03    0.11211E+03
    0.99742E-03    0.11424E+03
    0.10176E-02    0.11640E+03
    0.10381E-02    0.11860E+03
    0.10591E-02    0.12084E+03
    0.10805E-02    0.12312E+03
    0.11023E-02    0.12544E+03
    0.11246E-02    0.12780E+03
    0.11473E-02    0.13021E+03
    0.11705E-02    0.13265E+03
    0.11941E-02    0.13514E+03
    0.12182E-02    0.13767E+03
    0.12429E-02    0.14024E+03
    0.12680E-02    0.14286E+03
    0.12936E-02    0.14552E+03
    0.13197E-02    0.14823E+03
    0.13464E-02    0.15098E+03
    0.13736E-02    0.15378E+03
    0.14013E-02    0.15663E+03
    0.14296E-02    0.15953E+03
    0.14585E-02    0.16247E+03
    0.14880E-02    0.16546E+03
    0.15180E-02    0.16850E+03
    0.15487E-02    0.17159E+03
    0.15800E-02    0.17473E+03
    0.16119E-02    0.17792E+03
    0.16445E-02    0.18117E+03
    0.16777E-02    0.18446E+03
    0.17116E-02    0.18781E+03
    0.17462E-02    0.19121E+03
    0.17814E-02    0.19466E+03
    0.18174E-02    0.19817E+03
    0.18541E-02    0.20173E+03
    0.18916E-02    0.20535E+03
    0.19298E-02    0.20902E+03
    0.19688E-02    0.21275E+03
    0.20086E-02    0.21653E+03
    0.20491E-02    0.22037E+03
    0.20905E-02    0.22427E+03
    0.21328E-02    0.22823E+03
    0.21758E-02    0.23224E+03
    0.22198E-02    0.23631E+03
    0.22646E-02    0.24044E+03
    0.23104E-02    0.24463E+03
    0.23571E-02    0.24888E+03
    0.24047E-02    0.25318E+03
    0.24533E-02    0.25755E+03
    0.25028E-02    0.26197E+03
    0.25534E-02    0.26646E+03
    0.26050E-02    0.27101E+03
    0.26576E-02    0.27561E+03
    0.27113E-02    0.28028E+03
    0.27660E-02    0.28501E+03
    0.28219E-02    0.28979E+03
    0.28789E-02    0.29464E+03
    0.29371E-02    0.29955E+03
    0.29964E-02    0.30451E+03
    0.30569E-02    0.30954E+03
    0.31187E-02    0.31463E+03
    0.31817E-02    0.31978E+03
    0.32460E-02    0.32498E+03
    0.33115E-02    0.33025E+03
    0.33784E-02    0.33557E+03
    0.34467E-02    0.34095E+03
    0.35163E-02    0.34639E+03
    0.35874E-02    0.35189E+03
    0.36598E-02    0.35744E+03
    0.37338E-02    0.36305E+03
    0.38092E-02    0.36871E+03
    0.38861E-02    0.37442E+03
    0.39646E-02    0.38019E+03
    0.40447E-02    0.38601E+03
    0.41264E-02    0.39189E+03
    0.42098E-02    0.39781E+03
    0.42948E-02    0.40378E+03
    0.43816E-02    0.40980E+03
    0.44701E-02    0.41586E+03
    0.45604E-02    0.42197E+03
    0.46525E-02    0.42813E+03
    0.47465E-02    0.43432E+03
    0.48424E-02    0.44056E+03
    0.49402E-02    0.44683E+03
    0.50400E-02    0.45314E+03
    0.51419E-02    0.45948E+03
    0.52457E-02    0.46586E+03
    0.53517E-02    0.47226E+03
    0.54598E-02    0.47869E+03
    0.55701E-02    0.48515E+03
    0.56826E-02    0.49163E+03
    0.57974E-02    0.49813E+03
    0.59145E-02    0.50465E+03
    0.60340E-02    0.51118E+03
    0.61559E-02    0.51773E+03
    0.62803E-02    0.52428E+03
    0.64072E-02    0.53084E+03
    0.65366E-02    0.53740E+03
    0.66686E-02    0.54395E+03
    0.68033E-02    0.55050E+03
    0.69408E-02    0.55705E+03
    0.70810E-02    0.56357E+03
    0.72240E-02    0.57009E+03
    0.73700E-02    0.57658E+03
    0.75189E-02    0.58304E+03
    0.76708E-02    0.58947E+03
    0.78257E-02    0.59587E+03
    0.79838E-02    0.60223E+03
    0.81451E-02    0.60855E+03
    0.83096E-02    0.61481E+03
    0.84775E-02    0.62102E+03
    0.86488E-02    0.62717E+03
    0.88235E-02    0.63326E+03
    0.90017E-02    0.63927E+03
    0.91836E-02    0.64520E+03
    0.93691E-02    0.65105E+03
    0.95583E-02    0.65681E+03
    0.97514E-02    0.66248E+03
    0.99484E-02    0.66804E+03
    0.10149E-01    0.67349E+03
    0.10354E-01    0.67883E+03
    0.10564E-01    0.68404E+03
    0.10777E-01    0.68912E+03
    0.10995E-01    0.69407E+03
    0.11217E-01    0.69887E+03
    0.11443E-01    0.70352E+03
    0.11675E-01    0.70801E+03
    0.11910E-01    0.71233E+03
    0.12151E-01    0.71648E+03
    0.12397E-01    0.72044E+03
    0.12647E-01    0.72421E+03
    0.12902E-01    0.72778E+03
    0.13163E-01    0.73114E+03
    0.13429E-01    0.73429E+03
    0.13700E-01    0.73721E+03
    0.13977E-01    0.73990E+03
    0.14259E-01    0.74235E+03
    0.14547E-01    0.74455E+03
    0.14841E-01    0.74649E+03
    0.15141E-01    0.74817E+03
    0.15447E-01    0.74957E+03
    0.15759E-01    0.75069E+03
    0.16077E-01    0.75153E+03
    0.16402E-01    0.75206E+03
    0.16734E-01    0.75229E+03
    0.17072E-01    0.75221E+03
    0.17416E-01    0.75182E+03
    0.17768E-01    0.75109E+03
    0.18127E-01    0.75004E+03
    0.18493E-01    0.74865E+03
    0.18867E-01    0.74693E+03
    0.19248E-01    0.74485E+03
    0.19637E-01    0.74243E+03
    0.20034E-01    0.73965E+03
    0.20438E-01    0.73652E+03
    0.20851E-01    0.73303E+03
    0.21272E-01    0.72918E+03
    0.21702E-01    0.72497E+03
    0.22141E-01    0.72041E+03
    0.22588E-01    0.71548E+03
    0.23044E-01    0.71021E+03
    0.23510E-01    0.70459E+03
    0.23985E-01    0.69862E+03
    0.24469E-01    0.69231E+03
    0.24964E-01    0.68568E+03
    0.25468E-01    0.67872E+03
    0.25982E-01    0.67145E+03
    0.26507E-01    0.66388E+03
    0.27043E-01    0.65603E+03
    0.27589E-01    0.64790E+03
    0.28146E-01    0.63951E+03
    0.28715E-01    0.63088E+03
    0.29295E-01    0.62203E+03
    0.29887E-01    0.61297E+03
    0.30490E-01    0.60373E+03
    0.31106E-01    0.59434E+03
    0.31735E-01    0.58480E+03
    0.32376E-01    0.57515E+03
    0.33030E-01    0.56541E+03
    0.33697E-01    0.55561E+03
    0.34378E-01    0.54577E+03
    0.35072E-01    0.53592E+03
    0.35781E-01    0.52608E+03
    0.36504E-01    0.51629E+03
    0.37241E-01    0.50656E+03
    0.37993E-01    0.49693E+03
    0.38761E-01    0.48743E+03
    0.39544E-01    0.47809E+03
    0.40343E-01    0.46892E+03
    0.41158E-01    0.45995E+03
    0.41989E-01    0.45118E+03
    0.42838E-01    0.44263E+03
    0.43703E-01    0.43429E+03
    0.44586E-01    0.42620E+03
    0.45486E-01    0.41838E+03
    0.46405E-01    0.41086E+03
    0.47343E-01    0.40366E+03
    0.48299E-01    0.39682E+03
    0.49275E-01    0.39033E+03
    0.50270E-01    0.38415E+03
    0.51286E-01    0.37825E+03
    0.52322E-01    0.37260E+03
    0.53379E-01    0.36718E+03
    0.54457E-01    0.36196E+03
    0.55557E-01    0.35694E+03
    0.56680E-01    0.35210E+03
    0.57825E-01    0.34742E+03
    0.58993E-01    0.34286E+03
    0.60184E-01    0.33837E+03
    0.61400E-01    0.33390E+03
    0.62641E-01    0.32940E+03
    0.63906E-01    0.32483E+03
    0.65197E-01    0.32015E+03
    0.66514E-01    0.31530E+03
    0.67858E-01    0.31026E+03
    0.69229E-01    0.30496E+03
    0.70627E-01    0.29939E+03
    0.72054E-01    0.29351E+03
    0.73510E-01    0.28731E+03
    0.74994E-01    0.28078E+03
    0.76509E-01    0.27392E+03
    0.78055E-01    0.26675E+03
    0.79632E-01    0.25931E+03
    0.81241E-01    0.25163E+03
    0.82882E-01    0.24376E+03
    0.84556E-01    0.23577E+03
    0.86264E-01    0.22772E+03
    0.88007E-01    0.21969E+03
    0.89785E-01    0.21174E+03
    0.91598E-01    0.20395E+03
    0.93449E-01    0.19640E+03
    0.95337E-01    0.18916E+03
    0.97263E-01    0.18230E+03
    0.99227E-01    0.17588E+03
    0.10123E+00    0.16995E+03
    0.10328E+00    0.16456E+03
    0.10536E+00    0.15971E+03
    0.10749E+00    0.15539E+03
    0.10966E+00    0.15157E+03
    0.11188E+00    0.14820E+03
    0.11414E+00    0.14520E+03
    0.11644E+00    0.14249E+03
    0.11880E+00    0.13997E+03
    0.12120E+00    0.13754E+03
    0.12365E+00    0.13510E+03
    0.12614E+00    0.13256E+03
    0.12869E+00    0.12983E+03
    0.13129E+00    0.12684E+03
    0.13394E+00    0.12355E+03
    0.13665E+00    0.11992E+03
    0.13941E+00    0.11597E+03
    0.14223E+00    0.11175E+03
    0.14510E+00    0.10734E+03
    0.14803E+00    0.10283E+03
    0.15102E+00    0.98328E+02
    0.15407E+00    0.93934E+02
    0.15718E+00    0.89760E+02
    0.16036E+00    0.85903E+02
    0.16360E+00    0.82442E+02
    0.16690E+00    0.79416E+02
    0.17028E+00    0.76831E+02
    0.17371E+00    0.74638E+02
    0.17722E+00    0.72761E+02
    0.18080E+00    0.71101E+02
    0.18446E+00    0.69549E+02
    0.18818E+00    0.68001E+02
    0.19198E+00    0.66357E+02
    0.19586E+00    0.64535E+02
    0.19982E+00    0.62487E+02
    0.20386E+00    0.60212E+02
    0.20797E+00    0.57761E+02
    0.21218E+00    0.55222E+02
    0.21646E+00    0.52696E+02
    0.22083E+00    0.50283E+02
    0.22530E+00    0.48066E+02
    0.22985E+00    0.46101E+02
    0.23449E+00    0.44406E+02
    0.23923E+00    0.42958E+02
    0.24406E+00    0.41699E+02
    0.24899E+00    0.40551E+02
    0.25402E+00    0.39422E+02
    0.25915E+00    0.38230E+02
    0.26439E+00    0.36926E+02
    0.26973E+00    0.35509E+02
    0.27518E+00    0.34019E+02
    0.28074E+00    0.32516E+02
    0.28641E+00    0.31066E+02
    0.29219E+00    0.29727E+02
    0.29810E+00    0.28538E+02
    0.30412E+00    0.27497E+02
    0.31026E+00    0.26566E+02
    0.31653E+00    0.25693E+02
    0.32292E+00    0.24828E+02
    0.32945E+00    0.23930E+02
    0.33610E+00    0.22988E+02
    0.34289E+00    0.22022E+02
    0.34982E+00    0.21071E+02
    0.35689E+00    0.20172E+02
    0.36409E+00    0.19348E+02
    0.37145E+00    0.18602E+02
    0.37895E+00    0.17914E+02
    0.38661E+00    0.17253E+02
    0.39442E+00    0.16596E+02
    0.40239E+00    0.15931E+02
    0.41052E+00    0.15265E+02
    0.41881E+00    0.14618E+02
    0.42727E+00    0.14007E+02
    0.43590E+00    0.13438E+02
    0.44471E+00    0.12907E+02
    0.45369E+00    0.12399E+02
    0.46286E+00    0.11901E+02
    0.47221E+00    0.11411E+02
    0.48174E+00    0.10930E+02
    0.49148E+00    0.10470E+02
    0.50141E+00    0.10034E+02
    0.51153E+00    0.96223E+01
    0.52187E+00    0.92279E+01
    0.53241E+00    0.88453E+01
    0.54317E+00    0.84734E+01
    0.55414E+00    0.81141E+01
    0.56533E+00    0.77711E+01
    0.57675E+00    0.74439E+01
    0.58840E+00    0.71304E+01
    0.60029E+00    0.68284E+01
    0.61242E+00    0.65379E+01
    0.62479E+00    0.62588E+01
    0.63741E+00    0.59910E+01
    0.65029E+00    0.57342E+01
    0.66342E+00    0.54880E+01
    0.67683E+00    0.52518E+01
    0.69050E+00    0.50253E+01
    0.70445E+00    0.48082E+01
    0.71868E+00    0.46000E+01
    0.73320E+00    0.44004E+01
    0.74801E+00    0.42090E+01
    0.76312E+00    0.40255E+01
    0.77854E+00    0.38497E+01
    0.79426E+00    0.36811E+01
    0.81031E+00    0.35195E+01
    0.82668E+00    0.33647E+01
    0.84338E+00    0.32163E+01
    0.86041E+00    0.30742E+01
    0.87780E+00    0.29381E+01
    0.89553E+00    0.28077E+01
    0.91362E+00    0.26829E+01
    0.93208E+00    0.25634E+01
    0.95091E+00    0.24490E+01
    0.97011E+00    0.23395E+01
    0.98971E+00    0.22347E+01
    0.10097E+01    0.21345E+01
    0.10301E+01    0.20385E+01
    0.10509E+01    0.19467E+01
    0.10721E+01    0.18589E+01
    0.10938E+01    0.17748E+01
    0.11159E+01    0.16945E+01
    0.11384E+01    0.16176E+01
    0.11614E+01    0.15441E+01
    0.11849E+01    0.14739E+01
    0.12088E+01    0.14067E+01
    0.12333E+01    0.13424E+01
    0.12582E+01    0.12810E+01
    0.12836E+01    0.12223E+01
    0.13095E+01    0.11662E+01
    0.13360E+01    0.11126E+01
    0.13630E+01    0.10614E+01
    0.13905E+01    0.10125E+01
    0.14186E+01    0.96570E+00
    0.14472E+01    0.92103E+00
    0.14765E+01    0.87837E+00
    0.15063E+01    0.83762E+00
    0.15367E+01    0.79870E+00
    0.15678E+01    0.76153E+00
    0.15994E+01    0.72605E+00
    0.16318E+01    0.69217E+00
    0.16647E+01    0.65982E+00
    0.16984E+01    0.62894E+00
    0.17327E+01    0.59947E+00
    0.17677E+01    0.57134E+00
    0.18034E+01    0.54449E+00
    0.18398E+01    0.51887E+00
    0.18770E+01    0.49442E+00
    0.19149E+01    0.47109E+00
    0.19536E+01    0.44884E+00
    0.19930E+01    0.42760E+00
    0.20333E+01    0.40735E+00
    0.20744E+01    0.38803E+00
    0.21163E+01    0.36961E+00
    0.21590E+01    0.35203E+00
    0.22026E+01    0.33528E+00
    0.22471E+01    0.31930E+00
    0.22925E+01    0.30406E+00
    0.23388E+01    0.28953E+00
    0.23861E+01    0.27568E+00
    0.24343E+01    0.26248E+00
    0.24835E+01    0.24990E+00
    0.25336E+01    0.23790E+00
    0.25848E+01    0.22647E+00
    0.26370E+01    0.21558E+00
    0.26903E+01    0.20519E+00
    0.27447E+01    0.19530E+00
    0.28001E+01    0.18587E+00
    0.28567E+01    0.17689E+00
    0.29144E+01    0.16833E+00
    0.29733E+01    0.16018E+00
    0.30333E+01    0.15242E+00
    0.30946E+01    0.14502E+00
    0.31571E+01    0.13798E+00
    0.32209E+01    0.13127E+00
    0.32860E+01    0.12488E+00
    0.33523E+01    0.11879E+00
    0.34201E+01    0.11300E+00
    0.34892E+01    0.10748E+00
    0.35596E+01    0.10223E+00
    0.36316E+01    0.97230E-01
    0.37049E+01    0.92470E-01
    0.37798E+01    0.87938E-01
    0.38561E+01    0.83624E-01
    0.39340E+01    0.79518E-01
    0.40135E+01    0.75610E-01
    0.40946E+01    0.71890E-01
    0.41773E+01    0.68351E-01
    0.42617E+01    0.64982E-01
    0.43478E+01    0.61777E-01
    0.44356E+01    0.58727E-01
    0.45252E+01    0.55825E-01
    0.46166E+01    0.53064E-01
    0.47099E+01    0.50438E-01
    0.48050E+01    0.47939E-01
    0.49021E+01    0.45562E-01
    0.50011E+01    0.43301E-01
    0.51021E+01    0.41150E-01
    0.52052E+01    0.39105E-01
    0.53104E+01    0.37159E-01
    0.54176E+01    0.35309E-01
    0.55271E+01    0.33550E-01
    0.56387E+01    0.31877E-01
    0.57526E+01    0.30286E-01
    0.58689E+01    0.28773E-01
    0.59874E+01    0.27335E-01
    0.61084E+01    0.25967E-01
    0.62318E+01    0.24667E-01
    0.63577E+01    0.23432E-01
    0.64861E+01    0.22257E-01
    0.66171E+01    0.21140E-01
    0.67508E+01    0.20079E-01
    0.68872E+01    0.19070E-01
    0.70263E+01    0.18111E-01
    0.71682E+01    0.17199E-01
    0.73130E+01    0.16333E-01
    0.74608E+01    0.15510E-01
    0.76115E+01    0.14728E-01
    0.77653E+01    0.13985E-01
    0.79221E+01    0.13278E-01
    0.80822E+01    0.12607E-01
    0.82454E+01    0.11970E-01
    0.84120E+01    0.11364E-01
    0.85819E+01    0.10789E-01
    0.87553E+01    0.10242E-01
    0.89322E+01    0.97226E-02
    0.91126E+01    0.92293E-02
    0.92967E+01    0.87607E-02
    0.94845E+01    0.83156E-02
    0.96761E+01    0.78929E-02
    0.98716E+01    0.74914E-02
    0.10071E+02    0.71100E-02
    0.10274E+02    0.67479E-02
    0.10482E+02    0.64040E-02
    0.10694E+02    0.60774E-02
    0.10910E+02    0.57673E-02
    0.11130E+02    0.54728E-02
    0.11355E+02    0.51932E-02
    0.11584E+02    0.49277E-02
    0.11818E+02    0.46757E-02
    0.12057E+02    0.44364E-02
    0.12301E+02    0.42092E-02
    0.12549E+02    0.39935E-02
    0.12803E+02    0.37887E-02
    0.13061E+02    0.35944E-02
    0.13325E+02    0.34099E-02
    0.13594E+02    0.32348E-02
    0.13869E+02    0.30685E-02
    0.14149E+02    0.29108E-02
    0.14435E+02    0.27610E-02
    0.14727E+02    0.26189E-02
    0.15024E+02    0.24840E-02
    0.15328E+02    0.23560E-02
    0.15637E+02    0.22345E-02
    0.15953E+02    0.21193E-02
    0.16275E+02    0.20099E-02
    0.16604E+02    0.19061E-02
    0.16940E+02    0.18076E-02
    0.17282E+02    0.17142E-02
    0.17631E+02    0.16255E-02
    0.17987E+02    0.15414E-02
    0.18351E+02    0.14616E-02
    0.18721E+02    0.13859E-02
    0.19099E+02    0.13141E-02
    0.19485E+02    0.12459E-02
    0.19879E+02    0.11813E-02
    0.20280E+02    0.11200E-02
    0.20690E+02    0.10618E-02
    0.21108E+02    0.10066E-02
    0.21535E+02    0.95432E-03
    0.21970E+02    0.90469E-03
    0.22413E+02    0.85761E-03
    0.22866E+02    0.81297E-03
    0.23328E+02    0.77063E-03
    0.23799E+02    0.73047E-03
    0.24280E+02    0.69239E-03
    0.24771E+02    0.65628E-03
    0.25271E+02    0.62203E-03
    0.25782E+02    0.58956E-03
    0.26302E+02    0.55876E-03
    0.26834E+02    0.52957E-03
    0.27376E+02    0.50188E-03
    0.27929E+02    0.47563E-03
    0.28493E+02    0.45074E-03
    0.29069E+02    0.42715E-03
    0.29656E+02    0.40477E-03
    0.30255E+02    0.38356E-03
    0.30866E+02    0.36346E-03
    0.31490E+02    0.34439E-03
    0.32126E+02    0.32632E-03
    0.32775E+02    0.30919E-03
    0.33437E+02    0.29296E-03
    0.34112E+02    0.27756E-03
    0.34801E+02    0.26297E-03
    0.35504E+02    0.24915E-03
    0.36222E+02    0.23604E-03
    0.36953E+02    0.22361E-03
    0.37700E+02    0.21184E-03
    0.38462E+02    0.20068E-03
    0.39239E+02    0.19010E-03
    0.40031E+02    0.18008E-03
    0.40840E+02    0.17058E-03
    0.41665E+02    0.16158E-03
    0.42507E+02    0.15305E-03
    0.43365E+02    0.14496E-03
    0.44241E+02    0.13730E-03
    0.45135E+02    0.13004E-03
    0.46047E+02    0.12316E-03
    0.46977E+02    0.11665E-03
    0.47926E+02    0.11047E-03
    0.48894E+02    0.10462E-03
    0.49882E+02    0.99076E-04
    0.50890E+02    0.93824E-04
    0.51918E+02    0.88848E-04
    0.52966E+02    0.84134E-04
    0.54036E+02    0.79668E-04
    0.55128E+02    0.75437E-04
    0.56242E+02    0.71429E-04
    0.57378E+02    0.67632E-04
    0.58537E+02    0.64035E-04
    0.59720E+02    0.60628E-04
    0.60926E+02    0.57400E-04
    0.62157E+02    0.54343E-04
    0.63412E+02    0.51447E-04
    0.64693E+02    0.48705E-04
    0.66000E+02    0.46107E-04
    0.67334E+02    0.43646E-04
    0.68694E+02    0.41316E-04
    0.70082E+02    0.39109E-04
    0.71497E+02    0.37019E-04
    0.72942E+02    0.35040E-04
    0.74415E+02    0.33165E-04
    0.75918E+02    0.31390E-04
    0.77452E+02    0.29709E-04
    0.79017E+02    0.28118E-04
    0.80613E+02    0.26611E-04
    0.82241E+02    0.25184E-04
    0.83903E+02    0.23832E-04
    0.85598E+02    0.22552E-04
    0.87327E+02    0.21341E-04
    0.89091E+02    0.20193E-04
    0.90891E+02    0.19106E-04
    0.92727E+02    0.18078E-04
    0.94600E+02    0.17103E-04
    0.96511E+02    0.16181E-04
    0.98461E+02    0.15308E-04
    0.10045E+03    0.14481E-04
    0.10248E+03    0.13698E-04
    0.10455E+03    0.12958E-04
    0.10666E+03    0.12257E-04
    0.10882E+03    0.11594E-04
    0.11101E+03    0.10967E-04
    0.11326E+03    0.10373E-04
