#           k/h    P           
    0.10000E-03    0.25909E+03
    0.10202E-03    0.26414E+03
    0.10408E-03    0.26929E+03
    0.10618E-03    0.27454E+03
    0.10833E-03    0.27989E+03
    0.11052E-03    0.28535E+03
    0.11275E-03    0.29091E+03
    0.11503E-03    0.29658E+03
    0.11735E-03    0.30236E+03
    0.11972E-03    0.30826E+03
    0.12214E-03    0.31427E+03
    0.12461E-03    0.32039E+03
    0.12712E-03    0.32664E+03
    0.12969E-03    0.33301E+03
    0.13231E-03    0.33950E+03
    0.13499E-03    0.34611E+03
    0.13771E-03    0.35286E+03
    0.14049E-03    0.35974E+03
    0.14333E-03    0.36675E+03
    0.14623E-03    0.37390E+03
    0.14918E-03    0.38118E+03
    0.15220E-03    0.38861E+03
    0.15527E-03    0.39618E+03
    0.15841E-03    0.40390E+03
    0.16161E-03    0.41177E+03
    0.16487E-03    0.41979E+03
    0.16820E-03    0.42797E+03
    0.17160E-03    0.43631E+03
    0.17507E-03    0.44481E+03
    0.17860E-03    0.45347E+03
    0.18221E-03    0.46231E+03
    0.18589E-03    0.47131E+03
    0.18965E-03    0.48049E+03
    0.19348E-03    0.48984E+03
    0.19739E-03    0.49938E+03
    0.20138E-03    0.50911E+03
    0.20544E-03    0.51902E+03
    0.20959E-03    0.52912E+03
    0.21383E-03    0.53942E+03
    0.21815E-03    0.54992E+03
    0.22255E-03    0.56063E+03
    0.22705E-03    0.57154E+03
    0.23164E-03    0.58266E+03
    0.23632E-03    0.59399E+03
    0.24109E-03    0.60555E+03
    0.24596E-03    0.61733E+03
    0.25093E-03    0.62934E+03
    0.25600E-03    0.64158E+03
    0.26117E-03    0.65406E+03
    0.26645E-03    0.66677E+03
    0.27183E-03    0.67974E+03
    0.27732E-03    0.69295E+03
    0.28292E-03    0.70642E+03
    0.28864E-03    0.72015E+03
    0.29447E-03    0.73414E+03
    0.30042E-03    0.74840E+03
    0.30649E-03    0.76294E+03
    0.31268E-03    0.77775E+03
    0.31899E-03    0.79286E+03
    0.32544E-03    0.80825E+03
    0.33201E-03    0.82394E+03
    0.33872E-03    0.83993E+03
    0.34556E-03    0.85622E+03
    0.35254E-03    0.87283E+03
    0.35966E-03    0.88976E+03
    0.36693E-03    0.90701E+03
    0.37434E-03    0.92460E+03
    0.38190E-03    0.94252E+03
    0.38962E-03    0.96078E+03
    0.39749E-03    0.97939E+03
    0.40552E-03    0.99836E+03
    0.41371E-03    0.10177E+04
    0.42207E-03    0.10374E+04
    0.43060E-03    0.10575E+04
    0.43929E-03    0.10779E+04
    0.44817E-03    0.10988E+04
    0.45722E-03    0.11200E+04
    0.46646E-03    0.11416E+04
    0.47588E-03    0.11637E+04
    0.48550E-03    0.11862E+04
    0.49530E-03    0.12091E+04
    0.50531E-03    0.12324E+04
    0.51552E-03    0.12562E+04
    0.52593E-03    0.12804E+04
    0.53656E-03    0.13050E+04
    0.54739E-03    0.13302E+04
    0.55845E-03    0.13558E+04
    0.56973E-03    0.13819E+04
    0.58124E-03    0.14085E+04
    0.59299E-03    0.14355E+04
    0.60496E-03    0.14631E+04
    0.61719E-03    0.14912E+04
    0.62965E-03    0.15198E+04
    0.64237E-03    0.15490E+04
    0.65535E-03    0.15787E+04
    0.66859E-03    0.16089E+04
    0.68210E-03    0.16398E+04
    0.69588E-03    0.16711E+04
    0.70993E-03    0.17031E+04
    0.72427E-03    0.17356E+04
    0.73891E-03    0.17688E+04
    0.75383E-03    0.18025E+04
    0.76906E-03    0.18369E+04
    0.78460E-03    0.18719E+04
    0.80045E-03    0.19075E+04
    0.81662E-03    0.19438E+04
    0.83311E-03    0.19808E+04
    0.84994E-03    0.20184E+04
    0.86711E-03    0.20567E+04
    0.88463E-03    0.20957E+04
    0.90250E-03    0.21354E+04
    0.92073E-03    0.21758E+04
    0.93933E-03    0.22169E+04
    0.95831E-03    0.22588E+04
    0.97767E-03    0.23014E+04
    0.99742E-03    0.23448E+04
    0.10176E-02    0.23889E+04
    0.10381E-02    0.24338E+04
    0.10591E-02    0.24796E+04
    0.10805E-02    0.25261E+04
    0.11023E-02    0.25734E+04
    0.11246E-02    0.26216E+04
    0.11473E-02    0.26706E+04
    0.11705E-02    0.27204E+04
    0.11941E-02    0.27712E+04
    0.12182E-02    0.28227E+04
    0.12429E-02    0.28752E+04
    0.12680E-02    0.29286E+04
    0.12936E-02    0.29829E+04
    0.13197E-02    0.30381E+04
    0.13464E-02    0.30943E+04
    0.13736E-02    0.31513E+04
    0.14013E-02    0.32094E+04
    0.14296E-02    0.32684E+04
    0.14585E-02    0.33284E+04
    0.14880E-02    0.33894E+04
    0.15180E-02    0.34514E+04
    0.15487E-02    0.35144E+04
    0.15800E-02    0.35785E+04
    0.16119E-02    0.36436E+04
    0.16445E-02    0.37097E+04
    0.16777E-02    0.37769E+04
    0.17116E-02    0.38452E+04
    0.17462E-02    0.39145E+04
    0.17814E-02    0.39850E+04
    0.18174E-02    0.40565E+04
    0.18541E-02    0.41292E+04
    0.18916E-02    0.42029E+04
    0.19298E-02    0.42779E+04
    0.19688E-02    0.43539E+04
    0.20086E-02    0.44311E+04
    0.20491E-02    0.45095E+04
    0.20905E-02    0.45890E+04
    0.21328E-02    0.46697E+04
    0.21758E-02    0.47516E+04
    0.22198E-02    0.48347E+04
    0.22646E-02    0.49190E+04
    0.23104E-02    0.50045E+04
    0.23571E-02    0.50912E+04
    0.24047E-02    0.51791E+04
    0.24533E-02    0.52682E+04
    0.25028E-02    0.53586E+04
    0.25534E-02    0.54501E+04
    0.26050E-02    0.55429E+04
    0.26576E-02    0.56370E+04
    0.27113E-02    0.57322E+04
    0.27660E-02    0.58287E+04
    0.28219E-02    0.59265E+04
    0.28789E-02    0.60254E+04
    0.29371E-02    0.61256E+04
    0.29964E-02    0.62270E+04
    0.30569E-02    0.63297E+04
    0.31187E-02    0.64336E+04
    0.31817E-02    0.65387E+04
    0.32460E-02    0.66449E+04
    0.33115E-02    0.67524E+04
    0.33784E-02    0.68611E+04
    0.34467E-02    0.69710E+04
    0.35163E-02    0.70821E+04
    0.35874E-02    0.71943E+04
    0.36598E-02    0.73077E+04
    0.37338E-02    0.74222E+04
    0.38092E-02    0.75378E+04
    0.38861E-02    0.76546E+04
    0.39646E-02    0.77724E+04
    0.40447E-02    0.78913E+04
    0.41264E-02    0.80112E+04
    0.42098E-02    0.81322E+04
    0.42948E-02    0.82541E+04
    0.43816E-02    0.83770E+04
    0.44701E-02    0.85009E+04
    0.45604E-02    0.86257E+04
    0.46525E-02    0.87514E+04
    0.47465E-02    0.88779E+04
    0.48424E-02    0.90053E+04
    0.49402E-02    0.91334E+04
    0.50400E-02    0.92622E+04
    0.51419E-02    0.93918E+04
    0.52457E-02    0.95220E+04
    0.53517E-02    0.96529E+04
    0.54598E-02    0.97843E+04
    0.55701E-02    0.99162E+04
    0.56826E-02    0.10049E+05
    0.57974E-02    0.10181E+05
    0.59145E-02    0.10314E+05
    0.60340E-02    0.10448E+05
    0.61559E-02    0.10582E+05
    0.62803E-02    0.10715E+05
    0.64072E-02    0.10849E+05
    0.65366E-02    0.10983E+05
    0.66686E-02    0.11117E+05
    0.68033E-02    0.11251E+05
    0.69408E-02    0.11385E+05
    0.70810E-02    0.11518E+05
    0.72240E-02    0.11651E+05
    0.73700E-02    0.11784E+05
    0.75189E-02    0.11916E+05
    0.76708E-02    0.12047E+05
    0.78257E-02    0.12178E+05
    0.79838E-02    0.12308E+05
    0.81451E-02    0.12437E+05
    0.83096E-02    0.12565E+05
    0.84775E-02    0.12692E+05
    0.86488E-02    0.12817E+05
    0.88235E-02    0.12942E+05
    0.90017E-02    0.13064E+05
    0.91836E-02    0.13186E+05
    0.93691E-02    0.13305E+05
    0.95583E-02    0.13423E+05
    0.97514E-02    0.13539E+05
    0.99484E-02    0.13652E+05
    0.10149E-01    0.13764E+05
    0.10354E-01    0.13873E+05
    0.10564E-01    0.13979E+05
    0.10777E-01    0.14083E+05
    0.10995E-01    0.14184E+05
    0.11217E-01    0.14282E+05
    0.11443E-01    0.14377E+05
    0.11675E-01    0.14469E+05
    0.11910E-01    0.14557E+05
    0.12151E-01    0.14642E+05
    0.12397E-01    0.14723E+05
    0.12647E-01    0.14800E+05
    0.12902E-01    0.14873E+05
    0.13163E-01    0.14941E+05
    0.13429E-01    0.15006E+05
    0.13700E-01    0.15065E+05
    0.13977E-01    0.15120E+05
    0.14259E-01    0.15170E+05
    0.14547E-01    0.15215E+05
    0.14841E-01    0.15255E+05
    0.15141E-01    0.15289E+05
    0.15447E-01    0.15318E+05
    0.15759E-01    0.15341E+05
    0.16077E-01    0.15358E+05
    0.16402E-01    0.15369E+05
    0.16734E-01    0.15373E+05
    0.17072E-01    0.15372E+05
    0.17416E-01    0.15364E+05
    0.17768E-01    0.15349E+05
    0.18127E-01    0.15327E+05
    0.18493E-01    0.15299E+05
    0.18867E-01    0.15264E+05
    0.19248E-01    0.15221E+05
    0.19637E-01    0.15172E+05
    0.20034E-01    0.15115E+05
    0.20438E-01    0.15051E+05
    0.20851E-01    0.14980E+05
    0.21272E-01    0.14901E+05
    0.21702E-01    0.14815E+05
    0.22141E-01    0.14722E+05
    0.22588E-01    0.14621E+05
    0.23044E-01    0.14513E+05
    0.23510E-01    0.14398E+05
    0.23985E-01    0.14276E+05
    0.24469E-01    0.14148E+05
    0.24964E-01    0.14012E+05
    0.25468E-01    0.13870E+05
    0.25982E-01    0.13721E+05
    0.26507E-01    0.13567E+05
    0.27043E-01    0.13406E+05
    0.27589E-01    0.13240E+05
    0.28146E-01    0.13068E+05
    0.28715E-01    0.12892E+05
    0.29295E-01    0.12711E+05
    0.29887E-01    0.12526E+05
    0.30490E-01    0.12337E+05
    0.31106E-01    0.12145E+05
    0.31735E-01    0.11950E+05
    0.32376E-01    0.11753E+05
    0.33030E-01    0.11554E+05
    0.33697E-01    0.11354E+05
    0.34378E-01    0.11153E+05
    0.35072E-01    0.10952E+05
    0.35781E-01    0.10751E+05
    0.36504E-01    0.10550E+05
    0.37241E-01    0.10351E+05
    0.37993E-01    0.10155E+05
    0.38761E-01    0.99606E+04
    0.39544E-01    0.97697E+04
    0.40343E-01    0.95824E+04
    0.41158E-01    0.93991E+04
    0.41989E-01    0.92199E+04
    0.42838E-01    0.90450E+04
    0.43703E-01    0.88748E+04
    0.44586E-01    0.87094E+04
    0.45486E-01    0.85496E+04
    0.46405E-01    0.83959E+04
    0.47343E-01    0.82488E+04
    0.48299E-01    0.81090E+04
    0.49275E-01    0.79763E+04
    0.50270E-01    0.78500E+04
    0.51286E-01    0.77295E+04
    0.52322E-01    0.76141E+04
    0.53379E-01    0.75032E+04
    0.54457E-01    0.73966E+04
    0.55557E-01    0.72940E+04
    0.56680E-01    0.71951E+04
    0.57825E-01    0.70995E+04
    0.58993E-01    0.70064E+04
    0.60184E-01    0.69146E+04
    0.61400E-01    0.68232E+04
    0.62641E-01    0.67313E+04
    0.63906E-01    0.66379E+04
    0.65197E-01    0.65422E+04
    0.66514E-01    0.64432E+04
    0.67858E-01    0.63400E+04
    0.69229E-01    0.62319E+04
    0.70627E-01    0.61180E+04
    0.72054E-01    0.59979E+04
    0.73510E-01    0.58712E+04
    0.74994E-01    0.57377E+04
    0.76509E-01    0.55975E+04
    0.78055E-01    0.54511E+04
    0.79632E-01    0.52989E+04
    0.81241E-01    0.51419E+04
    0.82882E-01    0.49812E+04
    0.84556E-01    0.48179E+04
    0.86264E-01    0.46535E+04
    0.88007E-01    0.44893E+04
    0.89785E-01    0.43269E+04
    0.91598E-01    0.41677E+04
    0.93449E-01    0.40134E+04
    0.95337E-01    0.38654E+04
    0.97263E-01    0.37252E+04
    0.99227E-01    0.35940E+04
    0.10123E+00    0.34729E+04
    0.10328E+00    0.33627E+04
    0.10536E+00    0.32636E+04
    0.10749E+00    0.31753E+04
    0.10966E+00    0.30974E+04
    0.11188E+00    0.30285E+04
    0.11414E+00    0.29672E+04
    0.11644E+00    0.29118E+04
    0.11880E+00    0.28603E+04
    0.12120E+00    0.28106E+04
    0.12365E+00    0.27608E+04
    0.12614E+00    0.27089E+04
    0.12869E+00    0.26531E+04
    0.13129E+00    0.25920E+04
    0.13394E+00    0.25246E+04
    0.13665E+00    0.24505E+04
    0.13941E+00    0.23698E+04
    0.14223E+00    0.22837E+04
    0.14510E+00    0.21936E+04
    0.14803E+00    0.21014E+04
    0.15102E+00    0.20093E+04
    0.15407E+00    0.19195E+04
    0.15718E+00    0.18342E+04
    0.16036E+00    0.17554E+04
    0.16360E+00    0.16847E+04
    0.16690E+00    0.16229E+04
    0.17028E+00    0.15700E+04
    0.17371E+00    0.15252E+04
    0.17722E+00    0.14869E+04
    0.18080E+00    0.14529E+04
    0.18446E+00    0.14212E+04
    0.18818E+00    0.13896E+04
    0.19198E+00    0.13560E+04
    0.19586E+00    0.13188E+04
    0.19982E+00    0.12769E+04
    0.20386E+00    0.12304E+04
    0.20797E+00    0.11803E+04
    0.21218E+00    0.11284E+04
    0.21646E+00    0.10768E+04
    0.22083E+00    0.10275E+04
    0.22530E+00    0.98222E+03
    0.22985E+00    0.94207E+03
    0.23449E+00    0.90743E+03
    0.23923E+00    0.87783E+03
    0.24406E+00    0.85212E+03
    0.24899E+00    0.82865E+03
    0.25402E+00    0.80558E+03
    0.25915E+00    0.78123E+03
    0.26439E+00    0.75458E+03
    0.26973E+00    0.72561E+03
    0.27518E+00    0.69516E+03
    0.28074E+00    0.66446E+03
    0.28641E+00    0.63482E+03
    0.29219E+00    0.60747E+03
    0.29810E+00    0.58317E+03
    0.30412E+00    0.56189E+03
    0.31026E+00    0.54286E+03
    0.31653E+00    0.52504E+03
    0.32292E+00    0.50735E+03
    0.32945E+00    0.48901E+03
    0.33610E+00    0.46975E+03
    0.34289E+00    0.45001E+03
    0.34982E+00    0.43058E+03
    0.35689E+00    0.41221E+03
    0.36409E+00    0.39538E+03
    0.37145E+00    0.38014E+03
    0.37895E+00    0.36606E+03
    0.38661E+00    0.35256E+03
    0.39442E+00    0.33914E+03
    0.40239E+00    0.32555E+03
    0.41052E+00    0.31193E+03
    0.41881E+00    0.29872E+03
    0.42727E+00    0.28623E+03
    0.43590E+00    0.27461E+03
    0.44471E+00    0.26376E+03
    0.45369E+00    0.25336E+03
    0.46286E+00    0.24320E+03
    0.47221E+00    0.23317E+03
    0.48174E+00    0.22335E+03
    0.49148E+00    0.21395E+03
    0.50141E+00    0.20505E+03
    0.51153E+00    0.19663E+03
    0.52187E+00    0.18857E+03
    0.53241E+00    0.18075E+03
    0.54317E+00    0.17315E+03
    0.55414E+00    0.16581E+03
    0.56533E+00    0.15880E+03
    0.57675E+00    0.15212E+03
    0.58840E+00    0.14571E+03
    0.60029E+00    0.13954E+03
    0.61242E+00    0.13360E+03
    0.62479E+00    0.12790E+03
    0.63741E+00    0.12243E+03
    0.65029E+00    0.11718E+03
    0.66342E+00    0.11215E+03
    0.67683E+00    0.10732E+03
    0.69050E+00    0.10269E+03
    0.70445E+00    0.98255E+02
    0.71868E+00    0.94001E+02
    0.73320E+00    0.89921E+02
    0.74801E+00    0.86011E+02
    0.76312E+00    0.82261E+02
    0.77854E+00    0.78667E+02
    0.79426E+00    0.75222E+02
    0.81031E+00    0.71920E+02
    0.82668E+00    0.68756E+02
    0.84338E+00    0.65725E+02
    0.86041E+00    0.62821E+02
    0.87780E+00    0.60039E+02
    0.89553E+00    0.57376E+02
    0.91362E+00    0.54825E+02
    0.93208E+00    0.52383E+02
    0.95091E+00    0.50046E+02
    0.97011E+00    0.47808E+02
    0.98971E+00    0.45667E+02
    0.10097E+01    0.43617E+02
    0.10301E+01    0.41657E+02
    0.10509E+01    0.39780E+02
    0.10721E+01    0.37986E+02
    0.10938E+01    0.36269E+02
    0.11159E+01    0.34627E+02
    0.11384E+01    0.33056E+02
    0.11614E+01    0.31554E+02
    0.11849E+01    0.30118E+02
    0.12088E+01    0.28745E+02
    0.12333E+01    0.27432E+02
    0.12582E+01    0.26177E+02
    0.12836E+01    0.24978E+02
    0.13095E+01    0.23832E+02
    0.13360E+01    0.22736E+02
    0.13630E+01    0.21689E+02
    0.13905E+01    0.20689E+02
    0.14186E+01    0.19734E+02
    0.14472E+01    0.18821E+02
    0.14765E+01    0.17949E+02
    0.15063E+01    0.17117E+02
    0.15367E+01    0.16321E+02
    0.15678E+01    0.15562E+02
    0.15994E+01    0.14837E+02
    0.16318E+01    0.14144E+02
    0.16647E+01    0.13483E+02
    0.16984E+01    0.12852E+02
    0.17327E+01    0.12250E+02
    0.17677E+01    0.11675E+02
    0.18034E+01    0.11126E+02
    0.18398E+01    0.10603E+02
    0.18770E+01    0.10103E+02
    0.19149E+01    0.96266E+01
    0.19536E+01    0.91718E+01
    0.19930E+01    0.87380E+01
    0.20333E+01    0.83241E+01
    0.20744E+01    0.79293E+01
    0.21163E+01    0.75528E+01
    0.21590E+01    0.71937E+01
    0.22026E+01    0.68513E+01
    0.22471E+01    0.65247E+01
    0.22925E+01    0.62134E+01
    0.23388E+01    0.59165E+01
    0.23861E+01    0.56335E+01
    0.24343E+01    0.53637E+01
    0.24835E+01    0.51066E+01
    0.25336E+01    0.48615E+01
    0.25848E+01    0.46278E+01
    0.26370E+01    0.44052E+01
    0.26903E+01    0.41930E+01
    0.27447E+01    0.39909E+01
    0.28001E+01    0.37982E+01
    0.28567E+01    0.36147E+01
    0.29144E+01    0.34399E+01
    0.29733E+01    0.32733E+01
    0.30333E+01    0.31146E+01
    0.30946E+01    0.29635E+01
    0.31571E+01    0.28195E+01
    0.32209E+01    0.26824E+01
    0.32860E+01    0.25518E+01
    0.33523E+01    0.24275E+01
    0.34201E+01    0.23091E+01
    0.34892E+01    0.21964E+01
    0.35596E+01    0.20890E+01
    0.36316E+01    0.19868E+01
    0.37049E+01    0.18896E+01
    0.37798E+01    0.17970E+01
    0.38561E+01    0.17088E+01
    0.39340E+01    0.16249E+01
    0.40135E+01    0.15450E+01
    0.40946E+01    0.14690E+01
    0.41773E+01    0.13967E+01
    0.42617E+01    0.13279E+01
    0.43478E+01    0.12624E+01
    0.44356E+01    0.12000E+01
    0.45252E+01    0.11407E+01
    0.46166E+01    0.10843E+01
    0.47099E+01    0.10307E+01
    0.48050E+01    0.97959E+00
    0.49021E+01    0.93102E+00
    0.50011E+01    0.88481E+00
    0.51021E+01    0.84087E+00
    0.52052E+01    0.79907E+00
    0.53104E+01    0.75931E+00
    0.54176E+01    0.72151E+00
    0.55271E+01    0.68555E+00
    0.56387E+01    0.65137E+00
    0.57526E+01    0.61886E+00
    0.58689E+01    0.58794E+00
    0.59874E+01    0.55855E+00
    0.61084E+01    0.53061E+00
    0.62318E+01    0.50405E+00
    0.63577E+01    0.47879E+00
    0.64861E+01    0.45479E+00
    0.66171E+01    0.43197E+00
    0.67508E+01    0.41027E+00
    0.68872E+01    0.38966E+00
    0.70263E+01    0.37006E+00
    0.71682E+01    0.35144E+00
    0.73130E+01    0.33374E+00
    0.74608E+01    0.31692E+00
    0.76115E+01    0.30094E+00
    0.77653E+01    0.28575E+00
    0.79221E+01    0.27132E+00
    0.80822E+01    0.25760E+00
    0.82454E+01    0.24458E+00
    0.84120E+01    0.23220E+00
    0.85819E+01    0.22044E+00
    0.87553E+01    0.20927E+00
    0.89322E+01    0.19866E+00
    0.91126E+01    0.18858E+00
    0.92967E+01    0.17900E+00
    0.94845E+01    0.16991E+00
    0.96761E+01    0.16127E+00
    0.98716E+01    0.15306E+00
    0.10071E+02    0.14527E+00
    0.10274E+02    0.13787E+00
    0.10482E+02    0.13084E+00
    0.10694E+02    0.12417E+00
    0.10910E+02    0.11783E+00
    0.11130E+02    0.11182E+00
    0.11355E+02    0.10610E+00
    0.11584E+02    0.10068E+00
    0.11818E+02    0.95527E-01
    0.12057E+02    0.90637E-01
    0.12301E+02    0.85994E-01
    0.12549E+02    0.81587E-01
    0.12803E+02    0.77403E-01
    0.13061E+02    0.73432E-01
    0.13325E+02    0.69662E-01
    0.13594E+02    0.66083E-01
    0.13869E+02    0.62687E-01
    0.14149E+02    0.59463E-01
    0.14435E+02    0.56403E-01
    0.14727E+02    0.53499E-01
    0.15024E+02    0.50743E-01
    0.15328E+02    0.48128E-01
    0.15637E+02    0.45646E-01
    0.15953E+02    0.43291E-01
    0.16275E+02    0.41056E-01
    0.16604E+02    0.38935E-01
    0.16940E+02    0.36923E-01
    0.17282E+02    0.35013E-01
    0.17631E+02    0.33202E-01
    0.17987E+02    0.31483E-01
    0.18351E+02    0.29853E-01
    0.18721E+02    0.28306E-01
    0.19099E+02    0.26838E-01
    0.19485E+02    0.25446E-01
    0.19879E+02    0.24125E-01
    0.20280E+02    0.22872E-01
    0.20690E+02    0.21684E-01
    0.21108E+02    0.20557E-01
    0.21535E+02    0.19488E-01
    0.21970E+02    0.18474E-01
    0.22413E+02    0.17512E-01
    0.22866E+02    0.16600E-01
    0.23328E+02    0.15735E-01
    0.23799E+02    0.14914E-01
    0.24280E+02    0.14136E-01
    0.24771E+02    0.13399E-01
    0.25271E+02    0.12699E-01
    0.25782E+02    0.12036E-01
    0.26302E+02    0.11406E-01
    0.26834E+02    0.10810E-01
    0.27376E+02    0.10244E-01
    0.27929E+02    0.97081E-02
    0.28493E+02    0.91997E-02
    0.29069E+02    0.87176E-02
    0.29656E+02    0.82606E-02
    0.30255E+02    0.78274E-02
    0.30866E+02    0.74166E-02
    0.31490E+02    0.70272E-02
    0.32126E+02    0.66581E-02
    0.32775E+02    0.63082E-02
    0.33437E+02    0.59765E-02
    0.34112E+02    0.56621E-02
    0.34801E+02    0.53641E-02
    0.35504E+02    0.50817E-02
    0.36222E+02    0.48139E-02
    0.36953E+02    0.45602E-02
    0.37700E+02    0.43197E-02
    0.38462E+02    0.40918E-02
    0.39239E+02    0.38758E-02
    0.40031E+02    0.36711E-02
    0.40840E+02    0.34771E-02
    0.41665E+02    0.32932E-02
    0.42507E+02    0.31190E-02
    0.43365E+02    0.29540E-02
    0.44241E+02    0.27975E-02
    0.45135E+02    0.26493E-02
    0.46047E+02    0.25089E-02
    0.46977E+02    0.23758E-02
    0.47926E+02    0.22497E-02
    0.48894E+02    0.21303E-02
    0.49882E+02    0.20171E-02
    0.50890E+02    0.19099E-02
    0.51918E+02    0.18083E-02
    0.52966E+02    0.17121E-02
    0.54036E+02    0.16209E-02
    0.55128E+02    0.15346E-02
    0.56242E+02    0.14528E-02
    0.57378E+02    0.13753E-02
    0.58537E+02    0.13019E-02
    0.59720E+02    0.12324E-02
    0.60926E+02    0.11665E-02
    0.62157E+02    0.11041E-02
    0.63412E+02    0.10451E-02
    0.64693E+02    0.98910E-03
    0.66000E+02    0.93611E-03
    0.67334E+02    0.88592E-03
    0.68694E+02    0.83839E-03
    0.70082E+02    0.79338E-03
    0.71497E+02    0.75076E-03
    0.72942E+02    0.71040E-03
    0.74415E+02    0.67218E-03
    0.75918E+02    0.63600E-03
    0.77452E+02    0.60174E-03
    0.79017E+02    0.56931E-03
    0.80613E+02    0.53859E-03
    0.82241E+02    0.50952E-03
    0.83903E+02    0.48198E-03
    0.85598E+02    0.45591E-03
    0.87327E+02    0.43123E-03
    0.89091E+02    0.40785E-03
    0.90891E+02    0.38572E-03
    0.92727E+02    0.36477E-03
    0.94600E+02    0.34493E-03
    0.96511E+02    0.32614E-03
    0.98461E+02    0.30836E-03
    0.10045E+03    0.29153E-03
    0.10248E+03    0.27561E-03
    0.10455E+03    0.26055E-03
    0.10666E+03    0.24630E-03
    0.10882E+03    0.23283E-03
    0.11101E+03    0.22009E-03
    0.11326E+03    0.20804E-03
