#          k/h    CDM            baryon         photon         nu             mass_nu        total          no_nu          total_de       Weyl           v_CDM          v_b            v_b-v_c     
   0.105234E-04   0.191430E+07   0.191430E+07   0.255229E+07   0.255228E+07   0.000000E+00   0.191430E+07   0.191430E+07   0.192404E+07  -0.600722E+00   0.191089E+07   0.191089E+07   0.488812E+00
   0.116201E-04   0.191430E+07   0.191430E+07   0.255226E+07   0.255226E+07   0.000000E+00   0.191430E+07   0.191430E+07   0.192404E+07  -0.600722E+00   0.191089E+07   0.191089E+07   0.539753E+00
   0.128311E-04   0.191430E+07   0.191430E+07   0.255223E+07   0.255223E+07   0.000000E+00   0.191430E+07   0.191430E+07   0.192404E+07  -0.600722E+00   0.191089E+07   0.191089E+07   0.596001E+00
   0.141684E-04   0.191430E+07   0.191430E+07   0.255219E+07   0.255219E+07   0.000000E+00   0.191430E+07   0.191430E+07   0.192403E+07  -0.600722E+00   0.191089E+07   0.191089E+07   0.658109E+00
   0.156450E-04   0.191430E+07   0.191430E+07   0.255215E+07   0.255214E+07   0.000000E+00   0.191430E+07   0.191430E+07   0.192403E+07  -0.600722E+00   0.191089E+07   0.191089E+07   0.726689E+00
   0.172755E-04   0.191430E+07   0.191430E+07   0.255209E+07   0.255209E+07   0.000000E+00   0.191430E+07   0.191430E+07   0.192403E+07  -0.600721E+00   0.191089E+07   0.191089E+07   0.802414E+00
   0.190759E-04   0.191430E+07   0.191430E+07   0.255203E+07   0.255202E+07   0.000000E+00   0.191430E+07   0.191430E+07   0.192403E+07  -0.600721E+00   0.191089E+07   0.191089E+07   0.886026E+00
   0.210640E-04   0.191430E+07   0.191430E+07   0.255194E+07   0.255194E+07   0.000000E+00   0.191430E+07   0.191430E+07   0.192403E+07  -0.600720E+00   0.191088E+07   0.191088E+07   0.978348E+00
   0.232593E-04   0.191429E+07   0.191429E+07   0.255184E+07   0.255183E+07   0.000000E+00   0.191429E+07   0.191429E+07   0.192403E+07  -0.600720E+00   0.191088E+07   0.191088E+07   0.108029E+01
   0.256833E-04   0.191429E+07   0.191429E+07   0.255172E+07   0.255171E+07   0.000000E+00   0.191429E+07   0.191429E+07   0.192403E+07  -0.600719E+00   0.191088E+07   0.191088E+07   0.119284E+01
   0.283600E-04   0.191429E+07   0.191429E+07   0.255157E+07   0.255156E+07   0.000000E+00   0.191429E+07   0.191429E+07   0.192403E+07  -0.600718E+00   0.191088E+07   0.191088E+07   0.131711E+01
   0.313157E-04   0.191429E+07   0.191429E+07   0.255139E+07   0.255137E+07   0.000000E+00   0.191429E+07   0.191429E+07   0.192402E+07  -0.600718E+00   0.191088E+07   0.191088E+07   0.145431E+01
   0.345794E-04   0.191429E+07   0.191429E+07   0.255117E+07   0.255115E+07   0.000000E+00   0.191429E+07   0.191429E+07   0.192402E+07  -0.600716E+00   0.191088E+07   0.191088E+07   0.160580E+01
   0.381832E-04   0.191428E+07   0.191428E+07   0.255090E+07   0.255087E+07   0.000000E+00   0.191428E+07   0.191428E+07   0.192401E+07  -0.600715E+00   0.191087E+07   0.191087E+07   0.177304E+01
   0.421626E-04   0.191428E+07   0.191428E+07   0.255057E+07   0.255054E+07   0.000000E+00   0.191428E+07   0.191428E+07   0.192401E+07  -0.600713E+00   0.191087E+07   0.191087E+07   0.195767E+01
   0.465567E-04   0.191427E+07   0.191427E+07   0.255016E+07   0.255013E+07   0.000000E+00   0.191427E+07   0.191427E+07   0.192400E+07  -0.600711E+00   0.191086E+07   0.191086E+07   0.216150E+01
   0.514088E-04   0.191427E+07   0.191427E+07   0.254967E+07   0.254963E+07   0.000000E+00   0.191427E+07   0.191427E+07   0.192400E+07  -0.600709E+00   0.191086E+07   0.191086E+07   0.238650E+01
   0.567666E-04   0.191426E+07   0.191426E+07   0.254907E+07   0.254902E+07   0.000000E+00   0.191426E+07   0.191426E+07   0.192399E+07  -0.600706E+00   0.191085E+07   0.191085E+07   0.263485E+01
   0.626827E-04   0.191425E+07   0.191425E+07   0.254834E+07   0.254828E+07   0.000000E+00   0.191425E+07   0.191425E+07   0.192397E+07  -0.600702E+00   0.191084E+07   0.191084E+07   0.290895E+01
   0.692154E-04   0.191424E+07   0.191424E+07   0.254746E+07   0.254738E+07   0.000000E+00   0.191424E+07   0.191424E+07   0.192396E+07  -0.600697E+00   0.191083E+07   0.191083E+07   0.321146E+01
   0.764290E-04   0.191423E+07   0.191423E+07   0.254637E+07   0.254628E+07   0.000000E+00   0.191423E+07   0.191423E+07   0.192394E+07  -0.600691E+00   0.191082E+07   0.191082E+07   0.354526E+01
   0.843944E-04   0.191421E+07   0.191421E+07   0.254505E+07   0.254494E+07   0.000000E+00   0.191421E+07   0.191421E+07   0.192392E+07  -0.600685E+00   0.191080E+07   0.191080E+07   0.391354E+01
   0.931898E-04   0.191419E+07   0.191419E+07   0.254344E+07   0.254331E+07   0.000000E+00   0.191419E+07   0.191419E+07   0.192390E+07  -0.600676E+00   0.191079E+07   0.191078E+07   0.431978E+01
   0.102902E-03   0.191417E+07   0.191417E+07   0.254148E+07   0.254132E+07   0.000000E+00   0.191417E+07   0.191417E+07   0.192387E+07  -0.600666E+00   0.191076E+07   0.191076E+07   0.476780E+01
   0.113626E-03   0.191414E+07   0.191414E+07   0.253909E+07   0.253889E+07   0.000000E+00   0.191414E+07   0.191414E+07   0.192383E+07  -0.600653E+00   0.191073E+07   0.191073E+07   0.526176E+01
   0.125468E-03   0.191411E+07   0.191411E+07   0.253618E+07   0.253594E+07   0.000000E+00   0.191411E+07   0.191411E+07   0.192378E+07  -0.600638E+00   0.191070E+07   0.191070E+07   0.580619E+01
   0.138544E-03   0.191407E+07   0.191406E+07   0.253264E+07   0.253234E+07   0.000000E+00   0.191406E+07   0.191406E+07   0.192373E+07  -0.600620E+00   0.191066E+07   0.191066E+07   0.640599E+01
   0.152983E-03   0.191401E+07   0.191401E+07   0.252832E+07   0.252796E+07   0.000000E+00   0.191401E+07   0.191401E+07   0.192366E+07  -0.600597E+00   0.191061E+07   0.191061E+07   0.706648E+01
   0.168927E-03   0.191395E+07   0.191395E+07   0.252307E+07   0.252263E+07   0.000000E+00   0.191395E+07   0.191395E+07   0.192357E+07  -0.600570E+00   0.191055E+07   0.191054E+07   0.779333E+01
   0.186533E-03   0.191387E+07   0.191387E+07   0.251668E+07   0.251614E+07   0.000000E+00   0.191387E+07   0.191387E+07   0.192347E+07  -0.600536E+00   0.191047E+07   0.191047E+07   0.859263E+01
   0.205973E-03   0.191378E+07   0.191378E+07   0.250891E+07   0.250826E+07   0.000000E+00   0.191378E+07   0.191378E+07   0.192335E+07  -0.600495E+00   0.191038E+07   0.191038E+07   0.947080E+01
   0.227439E-03   0.191367E+07   0.191366E+07   0.249946E+07   0.249867E+07   0.000000E+00   0.191367E+07   0.191367E+07   0.192320E+07  -0.600446E+00   0.191027E+07   0.191026E+07   0.104345E+02
   0.251143E-03   0.191353E+07   0.191352E+07   0.248799E+07   0.248703E+07   0.000000E+00   0.191353E+07   0.191353E+07   0.192302E+07  -0.600385E+00   0.191013E+07   0.191013E+07   0.114907E+02
   0.277316E-03   0.191336E+07   0.191335E+07   0.247407E+07   0.247290E+07   0.000000E+00   0.191336E+07   0.191336E+07   0.192279E+07  -0.600311E+00   0.190997E+07   0.190996E+07   0.126463E+02
   0.306218E-03   0.191315E+07   0.191314E+07   0.245719E+07   0.245578E+07   0.000000E+00   0.191315E+07   0.191315E+07   0.192252E+07  -0.600222E+00   0.190976E+07   0.190976E+07   0.139080E+02
   0.338132E-03   0.191290E+07   0.191289E+07   0.243676E+07   0.243505E+07   0.000000E+00   0.191290E+07   0.191290E+07   0.192219E+07  -0.600112E+00   0.190952E+07   0.190951E+07   0.152820E+02
   0.373371E-03   0.191260E+07   0.191258E+07   0.241205E+07   0.241000E+07   0.000000E+00   0.191259E+07   0.191259E+07   0.192179E+07  -0.599980E+00   0.190922E+07   0.190921E+07   0.167738E+02
   0.412284E-03   0.191222E+07   0.191221E+07   0.238224E+07   0.237978E+07   0.000000E+00   0.191222E+07   0.191222E+07   0.192131E+07  -0.599819E+00   0.190886E+07   0.190884E+07   0.183872E+02
   0.455251E-03   0.191177E+07   0.191175E+07   0.234636E+07   0.234342E+07   0.000000E+00   0.191177E+07   0.191177E+07   0.192072E+07  -0.599623E+00   0.190841E+07   0.190840E+07   0.201236E+02
   0.502697E-03   0.191122E+07   0.191120E+07   0.230328E+07   0.229978E+07   0.000000E+00   0.191122E+07   0.191122E+07   0.192000E+07  -0.599386E+00   0.190787E+07   0.190786E+07   0.219815E+02
   0.555088E-03   0.191056E+07   0.191052E+07   0.225176E+07   0.224760E+07   0.000000E+00   0.191055E+07   0.191055E+07   0.191914E+07  -0.599100E+00   0.190722E+07   0.190720E+07   0.239545E+02
   0.612938E-03   0.190975E+07   0.190971E+07   0.219038E+07   0.218549E+07   0.000000E+00   0.190974E+07   0.190974E+07   0.191809E+07  -0.598753E+00   0.190642E+07   0.190640E+07   0.260302E+02
   0.676818E-03   0.190877E+07   0.190872E+07   0.211765E+07   0.211194E+07   0.000000E+00   0.190876E+07   0.190876E+07   0.191683E+07  -0.598334E+00   0.190546E+07   0.190543E+07   0.281880E+02
   0.747355E-03   0.190758E+07   0.190752E+07   0.203202E+07   0.202542E+07   0.000000E+00   0.190757E+07   0.190757E+07   0.191531E+07  -0.597830E+00   0.190429E+07   0.190425E+07   0.303971E+02
   0.825244E-03   0.190614E+07   0.190607E+07   0.193200E+07   0.192447E+07   0.000000E+00   0.190613E+07   0.190613E+07   0.191349E+07  -0.597224E+00   0.190287E+07   0.190283E+07   0.326136E+02
   0.911250E-03   0.190441E+07   0.190432E+07   0.181630E+07   0.180784E+07   0.000000E+00   0.190439E+07   0.190439E+07   0.191131E+07  -0.596498E+00   0.190115E+07   0.190111E+07   0.347789E+02
   0.100622E-02   0.190232E+07   0.190221E+07   0.168408E+07   0.167476E+07   0.000000E+00   0.190230E+07   0.190230E+07   0.190871E+07  -0.595632E+00   0.189909E+07   0.189903E+07   0.368173E+02
   0.111109E-02   0.189981E+07   0.189968E+07   0.153522E+07   0.152522E+07   0.000000E+00   0.189979E+07   0.189979E+07   0.190563E+07  -0.594604E+00   0.189660E+07   0.189653E+07   0.386357E+02
   0.122688E-02   0.189680E+07   0.189664E+07   0.137074E+07   0.136038E+07   0.000000E+00   0.189678E+07   0.189678E+07   0.190199E+07  -0.593388E+00   0.189360E+07   0.189353E+07   0.401257E+02
   0.135475E-02   0.189321E+07   0.189302E+07   0.119325E+07   0.118299E+07   0.000000E+00   0.189318E+07   0.189318E+07   0.189772E+07  -0.591959E+00   0.189002E+07   0.188994E+07   0.411697E+02
   0.149594E-02   0.188894E+07   0.188871E+07   0.100734E+07   0.997814E+06   0.000000E+00   0.188891E+07   0.188891E+07   0.189274E+07  -0.590291E+00   0.188575E+07   0.188566E+07   0.416533E+02
   0.165184E-02   0.188389E+07   0.188361E+07   0.819909E+06   0.811885E+06   0.000000E+00   0.188385E+07   0.188385E+07   0.188696E+07  -0.588358E+00   0.188068E+07   0.188058E+07   0.414845E+02
   0.182399E-02   0.187795E+07   0.187760E+07   0.640078E+06   0.634347E+06   0.000000E+00   0.187790E+07   0.187790E+07   0.188033E+07  -0.586137E+00   0.187469E+07   0.187458E+07   0.406222E+02
   0.201409E-02   0.187099E+07   0.187058E+07   0.478477E+06   0.475670E+06   0.000000E+00   0.187093E+07   0.187093E+07   0.187275E+07  -0.583606E+00   0.186766E+07   0.186754E+07   0.391091E+02
   0.222400E-02   0.186291E+07   0.186240E+07   0.345604E+06   0.345924E+06   0.000000E+00   0.186283E+07   0.186283E+07   0.186415E+07  -0.580746E+00   0.185946E+07   0.185934E+07   0.371029E+02
   0.245578E-02   0.185358E+07   0.185296E+07   0.249166E+06   0.252099E+06   0.000000E+00   0.185349E+07   0.185349E+07   0.185444E+07  -0.577539E+00   0.184997E+07   0.184984E+07   0.348883E+02
   0.271172E-02   0.184289E+07   0.184214E+07   0.190840E+06   0.195016E+06   0.000000E+00   0.184278E+07   0.184278E+07   0.184351E+07  -0.573964E+00   0.183909E+07   0.183895E+07   0.328493E+02
   0.299433E-02   0.183073E+07   0.182983E+07   0.163765E+06   0.167196E+06   0.000000E+00   0.183059E+07   0.183059E+07   0.183122E+07  -0.569992E+00   0.182670E+07   0.182656E+07   0.313794E+02
   0.330639E-02   0.181699E+07   0.181589E+07   0.152935E+06   0.153825E+06   0.000000E+00   0.181682E+07   0.181682E+07   0.181741E+07  -0.565584E+00   0.181273E+07   0.181258E+07   0.307361E+02
   0.365098E-02   0.180156E+07   0.180023E+07   0.140577E+06   0.138530E+06   0.000000E+00   0.180136E+07   0.180136E+07   0.180189E+07  -0.560687E+00   0.179708E+07   0.179691E+07   0.308911E+02
   0.403148E-02   0.178431E+07   0.178270E+07   0.115897E+06   0.112664E+06   0.000000E+00   0.178407E+07   0.178407E+07   0.178450E+07  -0.555242E+00   0.177964E+07   0.177946E+07   0.314971E+02
   0.445164E-02   0.176512E+07   0.176317E+07   0.831573E+05   0.816363E+05   0.000000E+00   0.176482E+07   0.176482E+07   0.176514E+07  -0.549191E+00   0.176030E+07   0.176009E+07   0.320877E+02
   0.491559E-02   0.174385E+07   0.174149E+07   0.581188E+05   0.594509E+05   0.000000E+00   0.174349E+07   0.174349E+07   0.174371E+07  -0.542493E+00   0.173891E+07   0.173867E+07   0.324645E+02
   0.542788E-02   0.172037E+07   0.171752E+07   0.501546E+05   0.534878E+05   0.000000E+00   0.171993E+07   0.171993E+07   0.172012E+07  -0.535115E+00   0.171530E+07   0.171504E+07   0.329197E+02
   0.599357E-02   0.169453E+07   0.169109E+07   0.483613E+05   0.432176E+05   0.000000E+00   0.169400E+07   0.169400E+07   0.169418E+07  -0.527017E+00   0.168936E+07   0.168906E+07   0.338837E+02
   0.661821E-02   0.166622E+07   0.166207E+07   0.374012E+05   0.348586E+05   0.000000E+00   0.166558E+07   0.166558E+07   0.166572E+07  -0.518149E+00   0.166094E+07   0.166060E+07   0.352758E+02
   0.730796E-02   0.163529E+07   0.163031E+07   0.249107E+05   0.280623E+05   0.000000E+00   0.163452E+07   0.163452E+07   0.163462E+07  -0.508465E+00   0.162992E+07   0.162952E+07   0.366399E+02
   0.806958E-02   0.160162E+07   0.159563E+07   0.234698E+05   0.225421E+05   0.000000E+00   0.160070E+07   0.160070E+07   0.160079E+07  -0.497923E+00   0.159614E+07   0.159569E+07   0.380577E+02
   0.891059E-02   0.156507E+07   0.155790E+07   0.196657E+05   0.180657E+05   0.000000E+00   0.156397E+07   0.156397E+07   0.156404E+07  -0.486485E+00   0.155948E+07   0.155896E+07   0.398706E+02
   0.983924E-02   0.152552E+07   0.151695E+07   0.129685E+05   0.144414E+05   0.000000E+00   0.152420E+07   0.152420E+07   0.152425E+07  -0.474102E+00   0.151981E+07   0.151920E+07   0.417419E+02
   0.108647E-01   0.148283E+07   0.147262E+07   0.130484E+05   0.115111E+05   0.000000E+00   0.148126E+07   0.148126E+07   0.148131E+07  -0.460737E+00   0.147698E+07   0.147628E+07   0.436805E+02
   0.119970E-01   0.143690E+07   0.142477E+07   0.831153E+04   0.914665E+04   0.000000E+00   0.143502E+07   0.143502E+07   0.143506E+07  -0.446349E+00   0.143087E+07   0.143007E+07   0.457874E+02
   0.132473E-01   0.138759E+07   0.137326E+07   0.820748E+04   0.724225E+04   0.000000E+00   0.138538E+07   0.138538E+07   0.138541E+07  -0.430902E+00   0.138138E+07   0.138045E+07   0.478263E+02
   0.146279E-01   0.133484E+07   0.131799E+07   0.524919E+04   0.571197E+04   0.000000E+00   0.133224E+07   0.133224E+07   0.133226E+07  -0.414369E+00   0.132840E+07   0.132733E+07   0.498715E+02
   0.161524E-01   0.127858E+07   0.125889E+07   0.474762E+04   0.448523E+04   0.000000E+00   0.127554E+07   0.127554E+07   0.127556E+07  -0.396730E+00   0.127188E+07   0.127065E+07   0.517425E+02
   0.178358E-01   0.121882E+07   0.119599E+07   0.390942E+04   0.350473E+04   0.000000E+00   0.121530E+07   0.121530E+07   0.121531E+07  -0.377990E+00   0.121184E+07   0.121044E+07   0.533444E+02
   0.196946E-01   0.115566E+07   0.112944E+07   0.271404E+04   0.272366E+04   0.000000E+00   0.115161E+07   0.115161E+07   0.115162E+07  -0.358179E+00   0.114836E+07   0.114678E+07   0.545536E+02
   0.217472E-01   0.108932E+07   0.105955E+07   0.199586E+04   0.210395E+04   0.000000E+00   0.108473E+07   0.108473E+07   0.108474E+07  -0.337376E+00   0.108170E+07   0.107994E+07   0.551829E+02
   0.240136E-01   0.102025E+07   0.986902E+06   0.162923E+04   0.161467E+04   0.000000E+00   0.101510E+07   0.101510E+07   0.101511E+07  -0.315718E+00   0.101231E+07   0.101037E+07   0.550429E+02
   0.265163E-01   0.949098E+06   0.912394E+06   0.153822E+04   0.123067E+04   0.000000E+00   0.943433E+06   0.943433E+06   0.943439E+06  -0.293428E+00   0.940881E+06   0.938778E+06   0.539383E+02
   0.292798E-01   0.876869E+06   0.837309E+06   0.849530E+03   0.931502E+03   0.000000E+00   0.870764E+06   0.870764E+06   0.870767E+06  -0.270825E+00   0.868448E+06   0.866224E+06   0.516853E+02
   0.323313E-01   0.804890E+06   0.763346E+06   0.807851E+03   0.700487E+03   0.000000E+00   0.798478E+06   0.798478E+06   0.798481E+06  -0.248342E+00   0.796391E+06   0.794103E+06   0.481358E+02
   0.357009E-01   0.734813E+06   0.692566E+06   0.524262E+03   0.523967E+03   0.000000E+00   0.728293E+06   0.728293E+06   0.728295E+06  -0.226513E+00   0.726415E+06   0.724145E+06   0.432448E+02
   0.394216E-01   0.668490E+06   0.627205E+06   0.408342E+03   0.390670E+03   0.000000E+00   0.662118E+06   0.662118E+06   0.662120E+06  -0.205931E+00   0.660422E+06   0.658272E+06   0.371062E+02
   0.435300E-01   0.607713E+06   0.569300E+06   0.332772E+03   0.291216E+03   0.000000E+00   0.601785E+06   0.601785E+06   0.601786E+06  -0.187166E+00   0.600237E+06   0.598316E+06   0.300216E+02
   0.478830E-01   0.555567E+06   0.521680E+06   0.234964E+03   0.220119E+03   0.000000E+00   0.550338E+06   0.550338E+06   0.550338E+06  -0.171165E+00   0.548898E+06   0.547292E+06   0.228214E+02
   0.522360E-01   0.514186E+06   0.485597E+06   0.182911E+03   0.171352E+03   0.000000E+00   0.509774E+06   0.509774E+06   0.509775E+06  -0.158549E+00   0.508406E+06   0.507141E+06   0.164812E+02
   0.565890E-01   0.480318E+06   0.457024E+06   0.145774E+03   0.136559E+03   0.000000E+00   0.476723E+06   0.476723E+06   0.476724E+06  -0.148269E+00   0.475408E+06   0.474462E+06   0.113704E+02
   0.609421E-01   0.451677E+06   0.433020E+06   0.118349E+03   0.110866E+03   0.000000E+00   0.448798E+06   0.448798E+06   0.448798E+06  -0.139584E+00   0.447527E+06   0.446843E+06   0.764231E+01
   0.652951E-01   0.426089E+06   0.410964E+06   0.973535E+02   0.911975E+02   0.000000E+00   0.423755E+06   0.423755E+06   0.423755E+06  -0.131795E+00   0.422534E+06   0.422029E+06   0.525801E+01
   0.696481E-01   0.402019E+06   0.389116E+06   0.807782E+02   0.756699E+02   0.000000E+00   0.400028E+06   0.400028E+06   0.400028E+06  -0.124415E+00   0.398865E+06   0.398452E+06   0.403355E+01
   0.740011E-01   0.378534E+06   0.366578E+06   0.673789E+02   0.631181E+02   0.000000E+00   0.376689E+06   0.376689E+06   0.376689E+06  -0.117156E+00   0.375596E+06   0.375194E+06   0.369249E+01
   0.783541E-01   0.355328E+06   0.343275E+06   0.563915E+02   0.528258E+02   0.000000E+00   0.353468E+06   0.353468E+06   0.353468E+06  -0.109934E+00   0.352453E+06   0.352002E+06   0.391962E+01
   0.827071E-01   0.332596E+06   0.319762E+06   0.473341E+02   0.443417E+02   0.000000E+00   0.330615E+06   0.330615E+06   0.330616E+06  -0.102827E+00   0.329684E+06   0.329147E+06   0.441033E+01
   0.870601E-01   0.310810E+06   0.296923E+06   0.398774E+02   0.373569E+02   0.000000E+00   0.308667E+06   0.308667E+06   0.308667E+06  -0.960005E-01   0.307816E+06   0.307188E+06   0.490985E+01
   0.914131E-01   0.290491E+06   0.275659E+06   0.337672E+02   0.316334E+02   0.000000E+00   0.288202E+06   0.288202E+06   0.288202E+06  -0.896356E-01   0.287426E+06   0.286722E+06   0.523790E+01
   0.968283E-01   0.267963E+06   0.252534E+06   0.277302E+02   0.259781E+02   0.000000E+00   0.265582E+06   0.265582E+06   0.265582E+06  -0.826003E-01   0.264882E+06   0.264132E+06   0.526672E+01
   0.102244E+00   0.249073E+06   0.233947E+06   0.231049E+02   0.216452E+02   0.000000E+00   0.246739E+06   0.246739E+06   0.246739E+06  -0.767398E-01   0.246094E+06   0.245363E+06   0.485929E+01
   0.107659E+00   0.233925E+06   0.219976E+06   0.195759E+02   0.183391E+02   0.000000E+00   0.231772E+06   0.231772E+06   0.231772E+06  -0.720849E-01   0.231161E+06   0.230508E+06   0.412470E+01
   0.113074E+00   0.221926E+06   0.209756E+06   0.168502E+02   0.157854E+02   0.000000E+00   0.220048E+06   0.220048E+06   0.220048E+06  -0.684384E-01   0.219455E+06   0.218916E+06   0.324220E+01
   0.118489E+00   0.212046E+06   0.201854E+06   0.146799E+02   0.137520E+02   0.000000E+00   0.210473E+06   0.210473E+06   0.210473E+06  -0.654606E-01   0.209892E+06   0.209474E+06   0.239686E+01
   0.123905E+00   0.203239E+06   0.194817E+06   0.128823E+02   0.120679E+02   0.000000E+00   0.201940E+06   0.201940E+06   0.201940E+06  -0.628065E-01   0.201369E+06   0.201053E+06   0.172994E+01
   0.129320E+00   0.194681E+06   0.187526E+06   0.113373E+02   0.106205E+02   0.000000E+00   0.193577E+06   0.193577E+06   0.193577E+06  -0.602055E-01   0.193021E+06   0.192772E+06   0.131254E+01
   0.134735E+00   0.185855E+06   0.179339E+06   0.997366E+01   0.934301E+01   0.000000E+00   0.184850E+06   0.184850E+06   0.184850E+06  -0.574913E-01   0.184317E+06   0.184091E+06   0.114350E+01
   0.140150E+00   0.176620E+06   0.170163E+06   0.875730E+01   0.820360E+01   0.000000E+00   0.175623E+06   0.175623E+06   0.175623E+06  -0.546217E-01   0.175121E+06   0.174881E+06   0.116555E+01
   0.145566E+00   0.167176E+06   0.160385E+06   0.767817E+01   0.719277E+01   0.000000E+00   0.166128E+06   0.166128E+06   0.166128E+06  -0.516684E-01   0.165660E+06   0.165384E+06   0.129180E+01
   0.150981E+00   0.157912E+06   0.150641E+06   0.673526E+01   0.630955E+01   0.000000E+00   0.156790E+06   0.156790E+06   0.156790E+06  -0.487643E-01   0.156358E+06   0.156040E+06   0.143330E+01
   0.156396E+00   0.149250E+06   0.141591E+06   0.592704E+01   0.555248E+01   0.000000E+00   0.148068E+06   0.148068E+06   0.148068E+06  -0.460515E-01   0.147667E+06   0.147317E+06   0.152098E+01
   0.161811E+00   0.141550E+06   0.133767E+06   0.524793E+01   0.491633E+01   0.000000E+00   0.140349E+06   0.140349E+06   0.140349E+06  -0.436507E-01   0.139973E+06   0.139612E+06   0.151763E+01
   0.167227E+00   0.135023E+06   0.127448E+06   0.468613E+01   0.439003E+01   0.000000E+00   0.133854E+06   0.133854E+06   0.133854E+06  -0.416309E-01   0.133497E+06   0.133148E+06   0.141976E+01
   0.172642E+00   0.129639E+06   0.122569E+06   0.422267E+01   0.395583E+01   0.000000E+00   0.128548E+06   0.128548E+06   0.128548E+06  -0.399806E-01   0.128202E+06   0.127885E+06   0.125086E+01
   0.178057E+00   0.125146E+06   0.118768E+06   0.383462E+01   0.359227E+01   0.000000E+00   0.124162E+06   0.124162E+06   0.124162E+06  -0.386164E-01   0.123823E+06   0.123549E+06   0.104933E+01
   0.183472E+00   0.121205E+06   0.115563E+06   0.350061E+01   0.327934E+01   0.000000E+00   0.120334E+06   0.120334E+06   0.120334E+06  -0.374260E-01   0.120001E+06   0.119770E+06   0.855325E+00
   0.188888E+00   0.117499E+06   0.112499E+06   0.320404E+01   0.300148E+01   0.000000E+00   0.116727E+06   0.116727E+06   0.116727E+06  -0.363040E-01   0.116399E+06   0.116204E+06   0.700175E+00
   0.194303E+00   0.113773E+06   0.109230E+06   0.293327E+01   0.274782E+01   0.000000E+00   0.113072E+06   0.113072E+06   0.113072E+06  -0.351673E-01   0.112752E+06   0.112580E+06   0.600432E+00
   0.199718E+00   0.109873E+06   0.105563E+06   0.268150E+01   0.251197E+01   0.000000E+00   0.109208E+06   0.109208E+06   0.109208E+06  -0.339654E-01   0.108898E+06   0.108734E+06   0.556742E+00
   0.205133E+00   0.105778E+06   0.101504E+06   0.244652E+01   0.229185E+01   0.000000E+00   0.105118E+06   0.105118E+06   0.105118E+06  -0.326934E-01   0.104821E+06   0.104653E+06   0.556794E+00
   0.210549E+00   0.101593E+06   0.972243E+05   0.222938E+01   0.208845E+01   0.000000E+00   0.100919E+06   0.100919E+06   0.100919E+06  -0.313875E-01   0.100637E+06   0.100457E+06   0.580921E+00
   0.215964E+00   0.974859E+05   0.929789E+05   0.203214E+01   0.190370E+01   0.000000E+00   0.967904E+05   0.967904E+05   0.967904E+05  -0.301034E-01   0.965229E+05   0.963298E+05   0.608441E+00
   0.221379E+00   0.936173E+05   0.890105E+05   0.185622E+01   0.173890E+01   0.000000E+00   0.929063E+05   0.929063E+05   0.929063E+05  -0.288954E-01   0.926523E+05   0.924495E+05   0.622901E+00
   0.226794E+00   0.901083E+05   0.854965E+05   0.170175E+01   0.159421E+01   0.000000E+00   0.893966E+05   0.893966E+05   0.893966E+05  -0.278038E-01   0.891536E+05   0.889486E+05   0.615127E+00
   0.232210E+00   0.870173E+05   0.825169E+05   0.156748E+01   0.146842E+01   0.000000E+00   0.863228E+05   0.863228E+05   0.863228E+05  -0.268478E-01   0.860884E+05   0.858891E+05   0.583903E+00
   0.237625E+00   0.843292E+05   0.800439E+05   0.145086E+01   0.135916E+01   0.000000E+00   0.836679E+05   0.836679E+05   0.836679E+05  -0.260221E-01   0.834397E+05   0.832530E+05   0.534613E+00
   0.243040E+00   0.819682E+05   0.779631E+05   0.134857E+01   0.126333E+01   0.000000E+00   0.813501E+05   0.813501E+05   0.813501E+05  -0.253012E-01   0.811266E+05   0.809563E+05   0.476538E+00
   0.248455E+00   0.798250E+05   0.761153E+05   0.125722E+01   0.117775E+01   0.000000E+00   0.792525E+05   0.792525E+05   0.792525E+05  -0.246488E-01   0.790328E+05   0.788795E+05   0.419731E+00
   0.253871E+00   0.777821E+05   0.743356E+05   0.117378E+01   0.109959E+01   0.000000E+00   0.772502E+05   0.772502E+05   0.772502E+05  -0.240261E-01   0.770344E+05   0.768955E+05   0.372351E+00
   0.259286E+00   0.757394E+05   0.724911E+05   0.109599E+01   0.102670E+01   0.000000E+00   0.752381E+05   0.752381E+05   0.752381E+05  -0.234003E-01   0.750271E+05   0.748978E+05   0.339022E+00
   0.264701E+00   0.736420E+05   0.705141E+05   0.102255E+01   0.957910E+00   0.000000E+00   0.731593E+05   0.731593E+05   0.731593E+05  -0.227537E-01   0.729539E+05   0.728292E+05   0.320372E+00
   0.270116E+00   0.714906E+05   0.684127E+05   0.953175E+00   0.892920E+00   0.000000E+00   0.710156E+05   0.710156E+05   0.710156E+05  -0.220870E-01   0.708168E+05   0.706922E+05   0.313630E+00
   0.275532E+00   0.693250E+05   0.662492E+05   0.888116E+00   0.831977E+00   0.000000E+00   0.688503E+05   0.688503E+05   0.688503E+05  -0.214136E-01   0.686585E+05   0.685314E+05   0.313948E+00
   0.280947E+00   0.671981E+05   0.641062E+05   0.827760E+00   0.775439E+00   0.000000E+00   0.667210E+05   0.667210E+05   0.667210E+05  -0.207513E-01   0.665362E+05   0.664057E+05   0.315983E+00
   0.286362E+00   0.651625E+05   0.620645E+05   0.772404E+00   0.723585E+00   0.000000E+00   0.646844E+05   0.646844E+05   0.646844E+05  -0.201179E-01   0.645062E+05   0.643735E+05   0.315278E+00
   0.291777E+00   0.632641E+05   0.601903E+05   0.722192E+00   0.676548E+00   0.000000E+00   0.627897E+05   0.627897E+05   0.627897E+05  -0.195286E-01   0.626173E+05   0.624847E+05   0.309141E+00
   0.297192E+00   0.615304E+05   0.585197E+05   0.676998E+00   0.634210E+00   0.000000E+00   0.610657E+05   0.610657E+05   0.610657E+05  -0.189924E-01   0.608982E+05   0.607685E+05   0.296926E+00
   0.302608E+00   0.599589E+05   0.570472E+05   0.636351E+00   0.596131E+00   0.000000E+00   0.595095E+05   0.595095E+05   0.595095E+05  -0.185084E-01   0.593460E+05   0.592215E+05   0.279781E+00
   0.308023E+00   0.585210E+05   0.557320E+05   0.599541E+00   0.561647E+00   0.000000E+00   0.580906E+05   0.580906E+05   0.580906E+05  -0.180671E-01   0.579303E+05   0.578126E+05   0.260010E+00
   0.313438E+00   0.571771E+05   0.545176E+05   0.565823E+00   0.530058E+00   0.000000E+00   0.567667E+05   0.567667E+05   0.567667E+05  -0.176554E-01   0.566094E+05   0.564987E+05   0.240277E+00
   0.318853E+00   0.558886E+05   0.533492E+05   0.534547E+00   0.500758E+00   0.000000E+00   0.554967E+05   0.554967E+05   0.554967E+05  -0.172604E-01   0.553424E+05   0.552379E+05   0.222869E+00
   0.324269E+00   0.546225E+05   0.521817E+05   0.505201E+00   0.473266E+00   0.000000E+00   0.542459E+05   0.542459E+05   0.542459E+05  -0.168713E-01   0.540947E+05   0.539949E+05   0.209210E+00
   0.329684E+00   0.533566E+05   0.509875E+05   0.477436E+00   0.447256E+00   0.000000E+00   0.529909E+05   0.529909E+05   0.529909E+05  -0.164810E-01   0.528432E+05   0.527464E+05   0.199677E+00
   0.335099E+00   0.520844E+05   0.497617E+05   0.451095E+00   0.422581E+00   0.000000E+00   0.517260E+05   0.517260E+05   0.517260E+05  -0.160876E-01   0.515818E+05   0.514864E+05   0.193702E+00
   0.340514E+00   0.508165E+05   0.485214E+05   0.426183E+00   0.399244E+00   0.000000E+00   0.504623E+05   0.504623E+05   0.504623E+05  -0.156946E-01   0.503220E+05   0.502268E+05   0.190081E+00
   0.345930E+00   0.495719E+05   0.472956E+05   0.402777E+00   0.377318E+00   0.000000E+00   0.492206E+05   0.492206E+05   0.492206E+05  -0.153084E-01   0.490841E+05   0.489888E+05   0.187378E+00
   0.351345E+00   0.483701E+05   0.461135E+05   0.380941E+00   0.356862E+00   0.000000E+00   0.480218E+05   0.480218E+05   0.480218E+05  -0.149356E-01   0.478890E+05   0.477938E+05   0.184306E+00
   0.356760E+00   0.472262E+05   0.449977E+05   0.360693E+00   0.337895E+00   0.000000E+00   0.468823E+05   0.468823E+05   0.468823E+05  -0.145811E-01   0.467529E+05   0.466584E+05   0.180007E+00
   0.362175E+00   0.461494E+05   0.439612E+05   0.341994E+00   0.320378E+00   0.000000E+00   0.458117E+05   0.458117E+05   0.458117E+05  -0.142482E-01   0.456853E+05   0.455925E+05   0.174168E+00
   0.367591E+00   0.451406E+05   0.430046E+05   0.324740E+00   0.304215E+00   0.000000E+00   0.448109E+05   0.448109E+05   0.448109E+05  -0.139369E-01   0.446872E+05   0.445970E+05   0.166982E+00
   0.373006E+00   0.441921E+05   0.421169E+05   0.308773E+00   0.289257E+00   0.000000E+00   0.438718E+05   0.438718E+05   0.438718E+05  -0.136449E-01   0.437506E+05   0.436634E+05   0.159004E+00
   0.378421E+00   0.432910E+05   0.412796E+05   0.293908E+00   0.275331E+00   0.000000E+00   0.429806E+05   0.429806E+05   0.429806E+05  -0.133677E-01   0.428615E+05   0.427776E+05   0.150939E+00
   0.383836E+00   0.424234E+05   0.404736E+05   0.279974E+00   0.262277E+00   0.000000E+00   0.421225E+05   0.421225E+05   0.421225E+05  -0.131008E-01   0.420056E+05   0.419247E+05   0.143448E+00
   0.389252E+00   0.415778E+05   0.396828E+05   0.266829E+00   0.249963E+00   0.000000E+00   0.412853E+05   0.412853E+05   0.412853E+05  -0.128404E-01   0.411707E+05   0.410923E+05   0.136989E+00
   0.394667E+00   0.407454E+05   0.388960E+05   0.254369E+00   0.238291E+00   0.000000E+00   0.404600E+05   0.404600E+05   0.404600E+05  -0.125837E-01   0.403476E+05   0.402711E+05   0.131746E+00
   0.400082E+00   0.399218E+05   0.381086E+05   0.242525E+00   0.227195E+00   0.000000E+00   0.396419E+05   0.396419E+05   0.396419E+05  -0.123293E-01   0.395318E+05   0.394567E+05   0.127632E+00
   0.405497E+00   0.391079E+05   0.373236E+05   0.231269E+00   0.216650E+00   0.000000E+00   0.388326E+05   0.388326E+05   0.388326E+05  -0.120776E-01   0.387247E+05   0.386506E+05   0.124359E+00
   0.410913E+00   0.383099E+05   0.365501E+05   0.220606E+00   0.206661E+00   0.000000E+00   0.380383E+05   0.380383E+05   0.380383E+05  -0.118305E-01   0.379328E+05   0.378594E+05   0.121541E+00
   0.416328E+00   0.375347E+05   0.357981E+05   0.210543E+00   0.197235E+00   0.000000E+00   0.372667E+05   0.372667E+05   0.372667E+05  -0.115905E-01   0.371634E+05   0.370907E+05   0.118802E+00
   0.421743E+00   0.367867E+05   0.350752E+05   0.201073E+00   0.188364E+00   0.000000E+00   0.365226E+05   0.365226E+05   0.365226E+05  -0.113591E-01   0.364215E+05   0.363497E+05   0.115861E+00
   0.427158E+00   0.360686E+05   0.343853E+05   0.192176E+00   0.180029E+00   0.000000E+00   0.358088E+05   0.358088E+05   0.358088E+05  -0.111371E-01   0.357097E+05   0.356390E+05   0.112579E+00
   0.432574E+00   0.353814E+05   0.337301E+05   0.183825E+00   0.172205E+00   0.000000E+00   0.351266E+05   0.351266E+05   0.351266E+05  -0.109249E-01   0.350294E+05   0.349601E+05   0.108961E+00
   0.437989E+00   0.347246E+05   0.331080E+05   0.175982E+00   0.164859E+00   0.000000E+00   0.344751E+05   0.344751E+05   0.344751E+05  -0.107223E-01   0.343797E+05   0.343120E+05   0.105126E+00
   0.443404E+00   0.340941E+05   0.325135E+05   0.168598E+00   0.157941E+00   0.000000E+00   0.338501E+05   0.338501E+05   0.338501E+05  -0.105279E-01   0.337564E+05   0.336904E+05   0.101255E+00
   0.448819E+00   0.334838E+05   0.319388E+05   0.161615E+00   0.151400E+00   0.000000E+00   0.332454E+05   0.332454E+05   0.332454E+05  -0.103399E-01   0.331532E+05   0.330889E+05   0.975364E-01
   0.454235E+00   0.328894E+05   0.313778E+05   0.154988E+00   0.145192E+00   0.000000E+00   0.326561E+05   0.326561E+05   0.326561E+05  -0.101566E-01   0.325655E+05   0.325026E+05   0.941168E-01
   0.459650E+00   0.323082E+05   0.308269E+05   0.148686E+00   0.139288E+00   0.000000E+00   0.320796E+05   0.320796E+05   0.320796E+05  -0.997727E-02   0.319906E+05   0.319290E+05   0.910732E-01
   0.465065E+00   0.317387E+05   0.302842E+05   0.142684E+00   0.133665E+00   0.000000E+00   0.315142E+05   0.315142E+05   0.315142E+05  -0.980143E-02   0.314267E+05   0.313663E+05   0.884069E-01
   0.470480E+00   0.311794E+05   0.297488E+05   0.136960E+00   0.128303E+00   0.000000E+00   0.309586E+05   0.309586E+05   0.309586E+05  -0.962862E-02   0.308727E+05   0.308132E+05   0.860562E-01
   0.475896E+00   0.306307E+05   0.292218E+05   0.131502E+00   0.123190E+00   0.000000E+00   0.304133E+05   0.304133E+05   0.304133E+05  -0.945901E-02   0.303289E+05   0.302702E+05   0.839214E-01
   0.481311E+00   0.300950E+05   0.287067E+05   0.126309E+00   0.118325E+00   0.000000E+00   0.298807E+05   0.298807E+05   0.298807E+05  -0.929340E-02   0.297979E+05   0.297400E+05   0.818939E-01
   0.486726E+00   0.295747E+05   0.282069E+05   0.121376E+00   0.113704E+00   0.000000E+00   0.293636E+05   0.293636E+05   0.293636E+05  -0.913257E-02   0.292823E+05   0.292251E+05   0.798825E-01
   0.492141E+00   0.290707E+05   0.277239E+05   0.116694E+00   0.109318E+00   0.000000E+00   0.288628E+05   0.288628E+05   0.288628E+05  -0.897680E-02   0.287829E+05   0.287266E+05   0.778302E-01
   0.497557E+00   0.285824E+05   0.272576E+05   0.112250E+00   0.105155E+00   0.000000E+00   0.283780E+05   0.283780E+05   0.283780E+05  -0.882601E-02   0.282994E+05   0.282440E+05   0.757206E-01
   0.502972E+00   0.281098E+05   0.268076E+05   0.108030E+00   0.101202E+00   0.000000E+00   0.279088E+05   0.279088E+05   0.279088E+05  -0.868008E-02   0.278315E+05   0.277771E+05   0.735724E-01
   0.508387E+00   0.276521E+05   0.263730E+05   0.104021E+00   0.974458E-01   0.000000E+00   0.274547E+05   0.274547E+05   0.274547E+05  -0.853886E-02   0.273786E+05   0.273253E+05   0.714277E-01
   0.513802E+00   0.272080E+05   0.259517E+05   0.100205E+00   0.938716E-01   0.000000E+00   0.270141E+05   0.270141E+05   0.270141E+05  -0.840183E-02   0.269392E+05   0.268869E+05   0.693369E-01
   0.519218E+00   0.267751E+05   0.255410E+05   0.965664E-01   0.904625E-01   0.000000E+00   0.265847E+05   0.265847E+05   0.265847E+05  -0.826826E-02   0.265109E+05   0.264595E+05   0.673447E-01
   0.524633E+00   0.263519E+05   0.251388E+05   0.930891E-01   0.872051E-01   0.000000E+00   0.261647E+05   0.261647E+05   0.261647E+05  -0.813764E-02   0.260921E+05   0.260416E+05   0.654799E-01
   0.530048E+00   0.259378E+05   0.247444E+05   0.897640E-01   0.840901E-01   0.000000E+00   0.257536E+05   0.257536E+05   0.257536E+05  -0.800979E-02   0.256822E+05   0.256325E+05   0.637511E-01
   0.535463E+00   0.255325E+05   0.243576E+05   0.865831E-01   0.811103E-01   0.000000E+00   0.253512E+05   0.253512E+05   0.253512E+05  -0.788463E-02   0.252809E+05   0.252320E+05   0.621480E-01
   0.540879E+00   0.251357E+05   0.239781E+05   0.835386E-01   0.782582E-01   0.000000E+00   0.249570E+05   0.249570E+05   0.249570E+05  -0.776204E-02   0.248878E+05   0.248396E+05   0.606464E-01
   0.546294E+00   0.247472E+05   0.236064E+05   0.806243E-01   0.755282E-01   0.000000E+00   0.245711E+05   0.245711E+05   0.245711E+05  -0.764202E-02   0.245030E+05   0.244555E+05   0.592159E-01
   0.551709E+00   0.243678E+05   0.232432E+05   0.778368E-01   0.729168E-01   0.000000E+00   0.241942E+05   0.241942E+05   0.241942E+05  -0.752480E-02   0.241272E+05   0.240803E+05   0.578280E-01
   0.557124E+00   0.239981E+05   0.228897E+05   0.751725E-01   0.704210E-01   0.000000E+00   0.238271E+05   0.238271E+05   0.238271E+05  -0.741060E-02   0.237610E+05   0.237148E+05   0.564615E-01
   0.562540E+00   0.236382E+05   0.225460E+05   0.726260E-01   0.680354E-01   0.000000E+00   0.234696E+05   0.234696E+05   0.234696E+05  -0.729943E-02   0.234046E+05   0.233590E+05   0.551054E-01
   0.567955E+00   0.232874E+05   0.222114E+05   0.701905E-01   0.657539E-01   0.000000E+00   0.231214E+05   0.231214E+05   0.231214E+05  -0.719112E-02   0.230573E+05   0.230124E+05   0.537592E-01
   0.573370E+00   0.229455E+05   0.218857E+05   0.678599E-01   0.635706E-01   0.000000E+00   0.227819E+05   0.227819E+05   0.227819E+05  -0.708555E-02   0.227188E+05   0.226746E+05   0.524304E-01
   0.578785E+00   0.226122E+05   0.215684E+05   0.656289E-01   0.614806E-01   0.000000E+00   0.224511E+05   0.224511E+05   0.224511E+05  -0.698265E-02   0.223888E+05   0.223453E+05   0.511312E-01
   0.630078E+00   0.197931E+05   0.188798E+05   0.484747E-01   0.454107E-01   0.000000E+00   0.196522E+05   0.196522E+05   0.196522E+05  -0.611214E-02   0.195977E+05   0.195596E+05   0.410996E-01
   0.769579E+00   0.144092E+05   0.137449E+05   0.236551E-01   0.221599E-01   0.000000E+00   0.143066E+05   0.143066E+05   0.143066E+05  -0.444960E-02   0.142670E+05   0.142393E+05   0.244523E-01
   0.939966E+00   0.104374E+05   0.995641E+04   0.114858E-01   0.107598E-01   0.000000E+00   0.103632E+05   0.103632E+05   0.103632E+05  -0.322312E-02   0.103344E+05   0.103144E+05   0.144912E-01
   0.114808E+01   0.752646E+04   0.717969E+04   0.555193E-02   0.520100E-02   0.000000E+00   0.747294E+04   0.747294E+04   0.747294E+04  -0.232421E-02   0.745222E+04   0.743778E+04   0.855198E-02
   0.140226E+01   0.540523E+04   0.515624E+04   0.267270E-02   0.250376E-02   0.000000E+00   0.536680E+04   0.536680E+04   0.536680E+04  -0.166916E-02   0.535192E+04   0.534156E+04   0.502741E-02
   0.171273E+01   0.386734E+04   0.368922E+04   0.128183E-02   0.120081E-02   0.000000E+00   0.383985E+04   0.383985E+04   0.383985E+04  -0.119426E-02   0.382920E+04   0.382179E+04   0.294514E-02
   0.209193E+01   0.275758E+04   0.263058E+04   0.612674E-03   0.573948E-03   0.000000E+00   0.273798E+04   0.273798E+04   0.273798E+04  -0.851556E-03   0.273039E+04   0.272510E+04   0.171997E-02
   0.255509E+01   0.196013E+04   0.186987E+04   0.291923E-03   0.273471E-03   0.000000E+00   0.194620E+04   0.194620E+04   0.194620E+04  -0.605300E-03   0.194080E+04   0.193704E+04   0.100175E-02
   0.312080E+01   0.138932E+04   0.132533E+04   0.138697E-03   0.129930E-03   0.000000E+00   0.137944E+04   0.137944E+04   0.137944E+04  -0.429028E-03   0.137562E+04   0.137294E+04   0.582121E-03
   0.381175E+01   0.982137E+03   0.936904E+03   0.657233E-04   0.615691E-04   0.000000E+00   0.975156E+03   0.975156E+03   0.975156E+03  -0.303289E-03   0.972453E+03   0.970560E+03   0.337670E-03
   0.465568E+01   0.692613E+03   0.660709E+03   0.310684E-04   0.291047E-04   0.000000E+00   0.687690E+03   0.687690E+03   0.687690E+03  -0.213883E-03   0.685783E+03   0.684444E+03   0.195640E-03
   0.568646E+01   0.487345E+03   0.464889E+03   0.146536E-04   0.137274E-04   0.000000E+00   0.483879E+03   0.483879E+03   0.483879E+03  -0.150494E-03   0.482538E+03   0.481591E+03   0.113303E-03
   0.694546E+01   0.342202E+03   0.326425E+03   0.689714E-05   0.646119E-05   0.000000E+00   0.339767E+03   0.339767E+03   0.339767E+03  -0.105673E-03   0.338826E+03   0.338155E+03   0.656572E-04
   0.848320E+01   0.239825E+03   0.228760E+03   0.324011E-05   0.303531E-05   0.000000E+00   0.238117E+03   0.238117E+03   0.238117E+03  -0.740583E-04   0.237458E+03   0.236983E+03   0.381229E-04
   0.103614E+02   0.167777E+03   0.160027E+03   0.151940E-05   0.142337E-05   0.000000E+00   0.166581E+03   0.166581E+03   0.166581E+03  -0.518094E-04   0.166121E+03   0.165782E+03   0.222216E-04
   0.126554E+02   0.117179E+03   0.111756E+03   0.711314E-06   0.666358E-06   0.000000E+00   0.116342E+03   0.116342E+03   0.116342E+03  -0.361843E-04   0.116021E+03   0.115779E+03   0.130371E-04
   0.154574E+02   0.817136E+02   0.779209E+02   0.332484E-06   0.311472E-06   0.000000E+00   0.811283E+02   0.811283E+02   0.811283E+02  -0.252322E-04   0.809050E+02   0.807295E+02   0.772513E-05
   0.188797E+02   0.568994E+02   0.542472E+02   0.155182E-06   0.145375E-06   0.000000E+00   0.564901E+02   0.564901E+02   0.564901E+02  -0.175693E-04   0.563352E+02   0.562063E+02   0.464403E-05
   0.230597E+02   0.395666E+02   0.377106E+02   0.723280E-07   0.677579E-07   0.000000E+00   0.392802E+02   0.392802E+02   0.392802E+02  -0.122168E-04   0.391731E+02   0.390765E+02   0.284778E-05
   0.281652E+02   0.274783E+02   0.261772E+02   0.336662E-07   0.315393E-07   0.000000E+00   0.272775E+02   0.272775E+02   0.272775E+02  -0.848374E-05   0.272038E+02   0.271296E+02   0.179205E-05
   0.344011E+02   0.190598E+02   0.181448E+02   0.156503E-07   0.146618E-07   0.000000E+00   0.189186E+02   0.189186E+02   0.189186E+02  -0.588399E-05   0.188682E+02   0.188093E+02   0.116398E-05
   0.420176E+02   0.132049E+02   0.125581E+02   0.726603E-08   0.680730E-08   0.000000E+00   0.131051E+02   0.131051E+02   0.131051E+02  -0.407590E-05   0.130709E+02   0.130224E+02   0.783832E-06
   0.513204E+02   0.913812E+01   0.867711E+01   0.336910E-08   0.315652E-08   0.000000E+00   0.906697E+01   0.906697E+01   0.906697E+01  -0.281997E-05   0.904400E+01   0.900263E+01   0.548296E-06
   0.626829E+02   0.631665E+01   0.598424E+01   0.156009E-08   0.146174E-08   0.000000E+00   0.626534E+01   0.626534E+01   0.626534E+01  -0.194862E-05   0.625021E+01   0.621354E+01   0.397927E-06
   0.765610E+02   0.436131E+01   0.411772E+01   0.721361E-09   0.675946E-09   0.000000E+00   0.432372E+01   0.432372E+01   0.432372E+01  -0.134475E-05   0.431403E+01   0.428045E+01   0.298404E-06
   0.935118E+02   0.300764E+01   0.282528E+01   0.332993E-09   0.312070E-09   0.000000E+00   0.297949E+01   0.297949E+01   0.297949E+01  -0.926671E-06   0.297359E+01   0.294200E+01   0.229812E-06
   0.114216E+03   0.207140E+01   0.193119E+01   0.153411E-09   0.143800E-09   0.000000E+00   0.204976E+01   0.204976E+01   0.204976E+01  -0.637509E-06   0.204649E+01   0.201618E+01   0.180497E-06
