#           k/h    P           
    0.10000E-03    0.52725E+02
    0.10202E-03    0.53753E+02
    0.10408E-03    0.54801E+02
    0.10618E-03    0.55869E+02
    0.10833E-03    0.56959E+02
    0.11052E-03    0.58069E+02
    0.11275E-03    0.59202E+02
    0.11503E-03    0.60356E+02
    0.11735E-03    0.61533E+02
    0.11972E-03    0.62733E+02
    0.12214E-03    0.63956E+02
    0.12461E-03    0.65202E+02
    0.12712E-03    0.66474E+02
    0.12969E-03    0.67770E+02
    0.13231E-03    0.69091E+02
    0.13499E-03    0.70437E+02
    0.13771E-03    0.71811E+02
    0.14049E-03    0.73210E+02
    0.14333E-03    0.74637E+02
    0.14623E-03    0.76092E+02
    0.14918E-03    0.77575E+02
    0.15220E-03    0.79087E+02
    0.15527E-03    0.80629E+02
    0.15841E-03    0.82200E+02
    0.16161E-03    0.83802E+02
    0.16487E-03    0.85435E+02
    0.16820E-03    0.87100E+02
    0.17160E-03    0.88797E+02
    0.17507E-03    0.90527E+02
    0.17860E-03    0.92291E+02
    0.18221E-03    0.94089E+02
    0.18589E-03    0.95922E+02
    0.18965E-03    0.97790E+02
    0.19348E-03    0.99695E+02
    0.19739E-03    0.10164E+03
    0.20138E-03    0.10362E+03
    0.20544E-03    0.10563E+03
    0.20959E-03    0.10769E+03
    0.21383E-03    0.10979E+03
    0.21815E-03    0.11193E+03
    0.22255E-03    0.11411E+03
    0.22705E-03    0.11633E+03
    0.23164E-03    0.11859E+03
    0.23632E-03    0.12090E+03
    0.24109E-03    0.12325E+03
    0.24596E-03    0.12565E+03
    0.25093E-03    0.12810E+03
    0.25600E-03    0.13059E+03
    0.26117E-03    0.13313E+03
    0.26645E-03    0.13572E+03
    0.27183E-03    0.13836E+03
    0.27732E-03    0.14105E+03
    0.28292E-03    0.14380E+03
    0.28864E-03    0.14659E+03
    0.29447E-03    0.14944E+03
    0.30042E-03    0.15235E+03
    0.30649E-03    0.15531E+03
    0.31268E-03    0.15833E+03
    0.31899E-03    0.16140E+03
    0.32544E-03    0.16454E+03
    0.33201E-03    0.16774E+03
    0.33872E-03    0.17099E+03
    0.34556E-03    0.17431E+03
    0.35254E-03    0.17770E+03
    0.35966E-03    0.18115E+03
    0.36693E-03    0.18466E+03
    0.37434E-03    0.18825E+03
    0.38190E-03    0.19190E+03
    0.38962E-03    0.19562E+03
    0.39749E-03    0.19941E+03
    0.40552E-03    0.20328E+03
    0.41371E-03    0.20722E+03
    0.42207E-03    0.21123E+03
    0.43060E-03    0.21533E+03
    0.43929E-03    0.21950E+03
    0.44817E-03    0.22375E+03
    0.45722E-03    0.22808E+03
    0.46646E-03    0.23249E+03
    0.47588E-03    0.23699E+03
    0.48550E-03    0.24157E+03
    0.49530E-03    0.24624E+03
    0.50531E-03    0.25100E+03
    0.51552E-03    0.25584E+03
    0.52593E-03    0.26078E+03
    0.53656E-03    0.26582E+03
    0.54739E-03    0.27095E+03
    0.55845E-03    0.27617E+03
    0.56973E-03    0.28149E+03
    0.58124E-03    0.28692E+03
    0.59299E-03    0.29244E+03
    0.60496E-03    0.29807E+03
    0.61719E-03    0.30381E+03
    0.62965E-03    0.30965E+03
    0.64237E-03    0.31560E+03
    0.65535E-03    0.32166E+03
    0.66859E-03    0.32784E+03
    0.68210E-03    0.33413E+03
    0.69588E-03    0.34053E+03
    0.70993E-03    0.34706E+03
    0.72427E-03    0.35370E+03
    0.73891E-03    0.36047E+03
    0.75383E-03    0.36736E+03
    0.76906E-03    0.37438E+03
    0.78460E-03    0.38153E+03
    0.80045E-03    0.38881E+03
    0.81662E-03    0.39622E+03
    0.83311E-03    0.40377E+03
    0.84994E-03    0.41145E+03
    0.86711E-03    0.41927E+03
    0.88463E-03    0.42724E+03
    0.90250E-03    0.43535E+03
    0.92073E-03    0.44360E+03
    0.93933E-03    0.45201E+03
    0.95831E-03    0.46056E+03
    0.97767E-03    0.46926E+03
    0.99742E-03    0.47813E+03
    0.10176E-02    0.48714E+03
    0.10381E-02    0.49632E+03
    0.10591E-02    0.50566E+03
    0.10805E-02    0.51516E+03
    0.11023E-02    0.52484E+03
    0.11246E-02    0.53468E+03
    0.11473E-02    0.54469E+03
    0.11705E-02    0.55487E+03
    0.11941E-02    0.56523E+03
    0.12182E-02    0.57577E+03
    0.12429E-02    0.58649E+03
    0.12680E-02    0.59739E+03
    0.12936E-02    0.60848E+03
    0.13197E-02    0.61976E+03
    0.13464E-02    0.63123E+03
    0.13736E-02    0.64289E+03
    0.14013E-02    0.65475E+03
    0.14296E-02    0.66680E+03
    0.14585E-02    0.67906E+03
    0.14880E-02    0.69151E+03
    0.15180E-02    0.70418E+03
    0.15487E-02    0.71705E+03
    0.15800E-02    0.73012E+03
    0.16119E-02    0.74342E+03
    0.16445E-02    0.75692E+03
    0.16777E-02    0.77064E+03
    0.17116E-02    0.78458E+03
    0.17462E-02    0.79875E+03
    0.17814E-02    0.81313E+03
    0.18174E-02    0.82774E+03
    0.18541E-02    0.84258E+03
    0.18916E-02    0.85764E+03
    0.19298E-02    0.87294E+03
    0.19688E-02    0.88847E+03
    0.20086E-02    0.90424E+03
    0.20491E-02    0.92024E+03
    0.20905E-02    0.93648E+03
    0.21328E-02    0.95296E+03
    0.21758E-02    0.96968E+03
    0.22198E-02    0.98665E+03
    0.22646E-02    0.10039E+04
    0.23104E-02    0.10213E+04
    0.23571E-02    0.10390E+04
    0.24047E-02    0.10570E+04
    0.24533E-02    0.10752E+04
    0.25028E-02    0.10936E+04
    0.25534E-02    0.11123E+04
    0.26050E-02    0.11312E+04
    0.26576E-02    0.11504E+04
    0.27113E-02    0.11699E+04
    0.27660E-02    0.11896E+04
    0.28219E-02    0.12096E+04
    0.28789E-02    0.12298E+04
    0.29371E-02    0.12502E+04
    0.29964E-02    0.12709E+04
    0.30569E-02    0.12919E+04
    0.31187E-02    0.13131E+04
    0.31817E-02    0.13345E+04
    0.32460E-02    0.13562E+04
    0.33115E-02    0.13782E+04
    0.33784E-02    0.14004E+04
    0.34467E-02    0.14228E+04
    0.35163E-02    0.14455E+04
    0.35874E-02    0.14684E+04
    0.36598E-02    0.14915E+04
    0.37338E-02    0.15149E+04
    0.38092E-02    0.15385E+04
    0.38861E-02    0.15624E+04
    0.39646E-02    0.15864E+04
    0.40447E-02    0.16107E+04
    0.41264E-02    0.16352E+04
    0.42098E-02    0.16599E+04
    0.42948E-02    0.16848E+04
    0.43816E-02    0.17099E+04
    0.44701E-02    0.17351E+04
    0.45604E-02    0.17606E+04
    0.46525E-02    0.17863E+04
    0.47465E-02    0.18121E+04
    0.48424E-02    0.18381E+04
    0.49402E-02    0.18643E+04
    0.50400E-02    0.18906E+04
    0.51419E-02    0.19170E+04
    0.52457E-02    0.19436E+04
    0.53517E-02    0.19703E+04
    0.54598E-02    0.19971E+04
    0.55701E-02    0.20241E+04
    0.56826E-02    0.20511E+04
    0.57974E-02    0.20782E+04
    0.59145E-02    0.21054E+04
    0.60340E-02    0.21326E+04
    0.61559E-02    0.21599E+04
    0.62803E-02    0.21872E+04
    0.64072E-02    0.22146E+04
    0.65366E-02    0.22419E+04
    0.66686E-02    0.22693E+04
    0.68033E-02    0.22966E+04
    0.69408E-02    0.23239E+04
    0.70810E-02    0.23511E+04
    0.72240E-02    0.23782E+04
    0.73700E-02    0.24053E+04
    0.75189E-02    0.24323E+04
    0.76708E-02    0.24591E+04
    0.78257E-02    0.24858E+04
    0.79838E-02    0.25123E+04
    0.81451E-02    0.25386E+04
    0.83096E-02    0.25648E+04
    0.84775E-02    0.25907E+04
    0.86488E-02    0.26163E+04
    0.88235E-02    0.26417E+04
    0.90017E-02    0.26667E+04
    0.91836E-02    0.26915E+04
    0.93691E-02    0.27159E+04
    0.95583E-02    0.27399E+04
    0.97514E-02    0.27635E+04
    0.99484E-02    0.27867E+04
    0.10149E-01    0.28095E+04
    0.10354E-01    0.28317E+04
    0.10564E-01    0.28535E+04
    0.10777E-01    0.28747E+04
    0.10995E-01    0.28953E+04
    0.11217E-01    0.29153E+04
    0.11443E-01    0.29347E+04
    0.11675E-01    0.29534E+04
    0.11910E-01    0.29714E+04
    0.12151E-01    0.29887E+04
    0.12397E-01    0.30053E+04
    0.12647E-01    0.30210E+04
    0.12902E-01    0.30359E+04
    0.13163E-01    0.30499E+04
    0.13429E-01    0.30630E+04
    0.13700E-01    0.30752E+04
    0.13977E-01    0.30864E+04
    0.14259E-01    0.30966E+04
    0.14547E-01    0.31058E+04
    0.14841E-01    0.31139E+04
    0.15141E-01    0.31209E+04
    0.15447E-01    0.31268E+04
    0.15759E-01    0.31314E+04
    0.16077E-01    0.31349E+04
    0.16402E-01    0.31371E+04
    0.16734E-01    0.31381E+04
    0.17072E-01    0.31378E+04
    0.17416E-01    0.31361E+04
    0.17768E-01    0.31331E+04
    0.18127E-01    0.31287E+04
    0.18493E-01    0.31229E+04
    0.18867E-01    0.31157E+04
    0.19248E-01    0.31070E+04
    0.19637E-01    0.30969E+04
    0.20034E-01    0.30853E+04
    0.20438E-01    0.30723E+04
    0.20851E-01    0.30577E+04
    0.21272E-01    0.30416E+04
    0.21702E-01    0.30241E+04
    0.22141E-01    0.30050E+04
    0.22588E-01    0.29845E+04
    0.23044E-01    0.29625E+04
    0.23510E-01    0.29391E+04
    0.23985E-01    0.29142E+04
    0.24469E-01    0.28879E+04
    0.24964E-01    0.28602E+04
    0.25468E-01    0.28312E+04
    0.25982E-01    0.28008E+04
    0.26507E-01    0.27693E+04
    0.27043E-01    0.27365E+04
    0.27589E-01    0.27026E+04
    0.28146E-01    0.26676E+04
    0.28715E-01    0.26316E+04
    0.29295E-01    0.25947E+04
    0.29887E-01    0.25569E+04
    0.30490E-01    0.25184E+04
    0.31106E-01    0.24792E+04
    0.31735E-01    0.24394E+04
    0.32376E-01    0.23991E+04
    0.33030E-01    0.23585E+04
    0.33697E-01    0.23176E+04
    0.34378E-01    0.22766E+04
    0.35072E-01    0.22355E+04
    0.35781E-01    0.21945E+04
    0.36504E-01    0.21536E+04
    0.37241E-01    0.21130E+04
    0.37993E-01    0.20728E+04
    0.38761E-01    0.20332E+04
    0.39544E-01    0.19942E+04
    0.40343E-01    0.19560E+04
    0.41158E-01    0.19186E+04
    0.41989E-01    0.18820E+04
    0.42838E-01    0.18463E+04
    0.43703E-01    0.18116E+04
    0.44586E-01    0.17778E+04
    0.45486E-01    0.17452E+04
    0.46405E-01    0.17138E+04
    0.47343E-01    0.16838E+04
    0.48299E-01    0.16553E+04
    0.49275E-01    0.16282E+04
    0.50270E-01    0.16024E+04
    0.51286E-01    0.15778E+04
    0.52322E-01    0.15542E+04
    0.53379E-01    0.15316E+04
    0.54457E-01    0.15098E+04
    0.55557E-01    0.14889E+04
    0.56680E-01    0.14687E+04
    0.57825E-01    0.14492E+04
    0.58993E-01    0.14302E+04
    0.60184E-01    0.14114E+04
    0.61400E-01    0.13928E+04
    0.62641E-01    0.13740E+04
    0.63906E-01    0.13550E+04
    0.65197E-01    0.13354E+04
    0.66514E-01    0.13152E+04
    0.67858E-01    0.12942E+04
    0.69229E-01    0.12721E+04
    0.70627E-01    0.12488E+04
    0.72054E-01    0.12243E+04
    0.73510E-01    0.11985E+04
    0.74994E-01    0.11712E+04
    0.76509E-01    0.11426E+04
    0.78055E-01    0.11127E+04
    0.79632E-01    0.10816E+04
    0.81241E-01    0.10496E+04
    0.82882E-01    0.10168E+04
    0.84556E-01    0.98346E+03
    0.86264E-01    0.94990E+03
    0.88007E-01    0.91639E+03
    0.89785E-01    0.88323E+03
    0.91598E-01    0.85074E+03
    0.93449E-01    0.81923E+03
    0.95337E-01    0.78902E+03
    0.97263E-01    0.76041E+03
    0.99227E-01    0.73364E+03
    0.10123E+00    0.70892E+03
    0.10328E+00    0.68642E+03
    0.10536E+00    0.66619E+03
    0.10749E+00    0.64817E+03
    0.10966E+00    0.63226E+03
    0.11188E+00    0.61820E+03
    0.11414E+00    0.60569E+03
    0.11644E+00    0.59438E+03
    0.11880E+00    0.58385E+03
    0.12120E+00    0.57372E+03
    0.12365E+00    0.56355E+03
    0.12614E+00    0.55295E+03
    0.12869E+00    0.54157E+03
    0.13129E+00    0.52910E+03
    0.13394E+00    0.51534E+03
    0.13665E+00    0.50020E+03
    0.13941E+00    0.48374E+03
    0.14223E+00    0.46616E+03
    0.14510E+00    0.44776E+03
    0.14803E+00    0.42895E+03
    0.15102E+00    0.41015E+03
    0.15407E+00    0.39182E+03
    0.15718E+00    0.37441E+03
    0.16036E+00    0.35833E+03
    0.16360E+00    0.34389E+03
    0.16690E+00    0.33127E+03
    0.17028E+00    0.32048E+03
    0.17371E+00    0.31133E+03
    0.17722E+00    0.30351E+03
    0.18080E+00    0.29658E+03
    0.18446E+00    0.29011E+03
    0.18818E+00    0.28365E+03
    0.19198E+00    0.27679E+03
    0.19586E+00    0.26919E+03
    0.19982E+00    0.26065E+03
    0.20386E+00    0.25116E+03
    0.20797E+00    0.24094E+03
    0.21218E+00    0.23034E+03
    0.21646E+00    0.21981E+03
    0.22083E+00    0.20974E+03
    0.22530E+00    0.20050E+03
    0.22985E+00    0.19230E+03
    0.23449E+00    0.18523E+03
    0.23923E+00    0.17919E+03
    0.24406E+00    0.17394E+03
    0.24899E+00    0.16915E+03
    0.25402E+00    0.16444E+03
    0.25915E+00    0.15947E+03
    0.26439E+00    0.15403E+03
    0.26973E+00    0.14812E+03
    0.27518E+00    0.14190E+03
    0.28074E+00    0.13563E+03
    0.28641E+00    0.12958E+03
    0.29219E+00    0.12400E+03
    0.29810E+00    0.11904E+03
    0.30412E+00    0.11470E+03
    0.31026E+00    0.11081E+03
    0.31653E+00    0.10717E+03
    0.32292E+00    0.10356E+03
    0.32945E+00    0.99819E+02
    0.33610E+00    0.95888E+02
    0.34289E+00    0.91858E+02
    0.34982E+00    0.87892E+02
    0.35689E+00    0.84142E+02
    0.36409E+00    0.80707E+02
    0.37145E+00    0.77596E+02
    0.37895E+00    0.74723E+02
    0.38661E+00    0.71967E+02
    0.39442E+00    0.69228E+02
    0.40239E+00    0.66452E+02
    0.41052E+00    0.63673E+02
    0.41881E+00    0.60977E+02
    0.42727E+00    0.58427E+02
    0.43590E+00    0.56054E+02
    0.44471E+00    0.53840E+02
    0.45369E+00    0.51718E+02
    0.46286E+00    0.49643E+02
    0.47221E+00    0.47597E+02
    0.48174E+00    0.45592E+02
    0.49148E+00    0.43673E+02
    0.50141E+00    0.41856E+02
    0.51153E+00    0.40137E+02
    0.52187E+00    0.38492E+02
    0.53241E+00    0.36896E+02
    0.54317E+00    0.35345E+02
    0.55414E+00    0.33846E+02
    0.56533E+00    0.32415E+02
    0.57675E+00    0.31051E+02
    0.58840E+00    0.29743E+02
    0.60029E+00    0.28483E+02
    0.61242E+00    0.27271E+02
    0.62479E+00    0.26107E+02
    0.63741E+00    0.24990E+02
    0.65029E+00    0.23919E+02
    0.66342E+00    0.22892E+02
    0.67683E+00    0.21907E+02
    0.69050E+00    0.20962E+02
    0.70445E+00    0.20056E+02
    0.71868E+00    0.19188E+02
    0.73320E+00    0.18355E+02
    0.74801E+00    0.17557E+02
    0.76312E+00    0.16792E+02
    0.77854E+00    0.16058E+02
    0.79426E+00    0.15355E+02
    0.81031E+00    0.14681E+02
    0.82668E+00    0.14035E+02
    0.84338E+00    0.13416E+02
    0.86041E+00    0.12823E+02
    0.87780E+00    0.12256E+02
    0.89553E+00    0.11712E+02
    0.91362E+00    0.11191E+02
    0.93208E+00    0.10693E+02
    0.95091E+00    0.10216E+02
    0.97011E+00    0.97589E+01
    0.98971E+00    0.93217E+01
    0.10097E+01    0.89034E+01
    0.10301E+01    0.85032E+01
    0.10509E+01    0.81202E+01
    0.10721E+01    0.77538E+01
    0.10938E+01    0.74034E+01
    0.11159E+01    0.70682E+01
    0.11384E+01    0.67476E+01
    0.11614E+01    0.64410E+01
    0.11849E+01    0.61478E+01
    0.12088E+01    0.58676E+01
    0.12333E+01    0.55996E+01
    0.12582E+01    0.53435E+01
    0.12836E+01    0.50986E+01
    0.13095E+01    0.48647E+01
    0.13360E+01    0.46410E+01
    0.13630E+01    0.44274E+01
    0.13905E+01    0.42232E+01
    0.14186E+01    0.40282E+01
    0.14472E+01    0.38419E+01
    0.14765E+01    0.36639E+01
    0.15063E+01    0.34939E+01
    0.15367E+01    0.33316E+01
    0.15678E+01    0.31766E+01
    0.15994E+01    0.30285E+01
    0.16318E+01    0.28872E+01
    0.16647E+01    0.27523E+01
    0.16984E+01    0.26235E+01
    0.17327E+01    0.25005E+01
    0.17677E+01    0.23832E+01
    0.18034E+01    0.22712E+01
    0.18398E+01    0.21643E+01
    0.18770E+01    0.20624E+01
    0.19149E+01    0.19650E+01
    0.19536E+01    0.18722E+01
    0.19930E+01    0.17836E+01
    0.20333E+01    0.16992E+01
    0.20744E+01    0.16186E+01
    0.21163E+01    0.15417E+01
    0.21590E+01    0.14684E+01
    0.22026E+01    0.13985E+01
    0.22471E+01    0.13319E+01
    0.22925E+01    0.12683E+01
    0.23388E+01    0.12077E+01
    0.23861E+01    0.11499E+01
    0.24343E+01    0.10949E+01
    0.24835E+01    0.10424E+01
    0.25336E+01    0.99235E+00
    0.25848E+01    0.94467E+00
    0.26370E+01    0.89922E+00
    0.26903E+01    0.85591E+00
    0.27447E+01    0.81464E+00
    0.28001E+01    0.77532E+00
    0.28567E+01    0.73786E+00
    0.29144E+01    0.70217E+00
    0.29733E+01    0.66816E+00
    0.30333E+01    0.63578E+00
    0.30946E+01    0.60492E+00
    0.31571E+01    0.57554E+00
    0.32209E+01    0.54755E+00
    0.32860E+01    0.52090E+00
    0.33523E+01    0.49552E+00
    0.34201E+01    0.47135E+00
    0.34892E+01    0.44834E+00
    0.35596E+01    0.42643E+00
    0.36316E+01    0.40557E+00
    0.37049E+01    0.38571E+00
    0.37798E+01    0.36681E+00
    0.38561E+01    0.34881E+00
    0.39340E+01    0.33169E+00
    0.40135E+01    0.31539E+00
    0.40946E+01    0.29987E+00
    0.41773E+01    0.28511E+00
    0.42617E+01    0.27105E+00
    0.43478E+01    0.25768E+00
    0.44356E+01    0.24496E+00
    0.45252E+01    0.23286E+00
    0.46166E+01    0.22134E+00
    0.47099E+01    0.21039E+00
    0.48050E+01    0.19996E+00
    0.49021E+01    0.19005E+00
    0.50011E+01    0.18062E+00
    0.51021E+01    0.17165E+00
    0.52052E+01    0.16311E+00
    0.53104E+01    0.15500E+00
    0.54176E+01    0.14728E+00
    0.55271E+01    0.13994E+00
    0.56387E+01    0.13296E+00
    0.57526E+01    0.12633E+00
    0.58689E+01    0.12002E+00
    0.59874E+01    0.11402E+00
    0.61084E+01    0.10831E+00
    0.62318E+01    0.10289E+00
    0.63577E+01    0.97737E-01
    0.64861E+01    0.92836E-01
    0.66171E+01    0.88178E-01
    0.67508E+01    0.83750E-01
    0.68872E+01    0.79542E-01
    0.70263E+01    0.75542E-01
    0.71682E+01    0.71740E-01
    0.73130E+01    0.68127E-01
    0.74608E+01    0.64694E-01
    0.76115E+01    0.61431E-01
    0.77653E+01    0.58331E-01
    0.79221E+01    0.55385E-01
    0.80822E+01    0.52586E-01
    0.82454E+01    0.49927E-01
    0.84120E+01    0.47400E-01
    0.85819E+01    0.45000E-01
    0.87553E+01    0.42719E-01
    0.89322E+01    0.40553E-01
    0.91126E+01    0.38496E-01
    0.92967E+01    0.36541E-01
    0.94845E+01    0.34684E-01
    0.96761E+01    0.32921E-01
    0.98716E+01    0.31246E-01
    0.10071E+02    0.29656E-01
    0.10274E+02    0.28145E-01
    0.10482E+02    0.26711E-01
    0.10694E+02    0.25348E-01
    0.10910E+02    0.24055E-01
    0.11130E+02    0.22827E-01
    0.11355E+02    0.21660E-01
    0.11584E+02    0.20553E-01
    0.11818E+02    0.19502E-01
    0.12057E+02    0.18503E-01
    0.12301E+02    0.17556E-01
    0.12549E+02    0.16656E-01
    0.12803E+02    0.15802E-01
    0.13061E+02    0.14991E-01
    0.13325E+02    0.14222E-01
    0.13594E+02    0.13491E-01
    0.13869E+02    0.12798E-01
    0.14149E+02    0.12140E-01
    0.14435E+02    0.11515E-01
    0.14727E+02    0.10922E-01
    0.15024E+02    0.10360E-01
    0.15328E+02    0.98259E-02
    0.15637E+02    0.93193E-02
    0.15953E+02    0.88385E-02
    0.16275E+02    0.83822E-02
    0.16604E+02    0.79493E-02
    0.16940E+02    0.75385E-02
    0.17282E+02    0.71488E-02
    0.17631E+02    0.67790E-02
    0.17987E+02    0.64281E-02
    0.18351E+02    0.60953E-02
    0.18721E+02    0.57795E-02
    0.19099E+02    0.54799E-02
    0.19485E+02    0.51957E-02
    0.19879E+02    0.49261E-02
    0.20280E+02    0.46703E-02
    0.20690E+02    0.44278E-02
    0.21108E+02    0.41976E-02
    0.21535E+02    0.39794E-02
    0.21970E+02    0.37724E-02
    0.22413E+02    0.35760E-02
    0.22866E+02    0.33898E-02
    0.23328E+02    0.32132E-02
    0.23799E+02    0.30458E-02
    0.24280E+02    0.28869E-02
    0.24771E+02    0.27363E-02
    0.25271E+02    0.25935E-02
    0.25782E+02    0.24580E-02
    0.26302E+02    0.23296E-02
    0.26834E+02    0.22078E-02
    0.27376E+02    0.20924E-02
    0.27929E+02    0.19829E-02
    0.28493E+02    0.18791E-02
    0.29069E+02    0.17807E-02
    0.29656E+02    0.16874E-02
    0.30255E+02    0.15989E-02
    0.30866E+02    0.15150E-02
    0.31490E+02    0.14355E-02
    0.32126E+02    0.13602E-02
    0.32775E+02    0.12887E-02
    0.33437E+02    0.12210E-02
    0.34112E+02    0.11568E-02
    0.34801E+02    0.10960E-02
    0.35504E+02    0.10383E-02
    0.36222E+02    0.98365E-03
    0.36953E+02    0.93184E-03
    0.37700E+02    0.88274E-03
    0.38462E+02    0.83620E-03
    0.39239E+02    0.79209E-03
    0.40031E+02    0.75029E-03
    0.40840E+02    0.71068E-03
    0.41665E+02    0.67314E-03
    0.42507E+02    0.63757E-03
    0.43365E+02    0.60386E-03
    0.44241E+02    0.57192E-03
    0.45135E+02    0.54165E-03
    0.46047E+02    0.51297E-03
    0.46977E+02    0.48579E-03
    0.47926E+02    0.46005E-03
    0.48894E+02    0.43565E-03
    0.49882E+02    0.41254E-03
    0.50890E+02    0.39064E-03
    0.51918E+02    0.36990E-03
    0.52966E+02    0.35024E-03
    0.54036E+02    0.33162E-03
    0.55128E+02    0.31398E-03
    0.56242E+02    0.29728E-03
    0.57378E+02    0.28145E-03
    0.58537E+02    0.26645E-03
    0.59720E+02    0.25225E-03
    0.60926E+02    0.23880E-03
    0.62157E+02    0.22606E-03
    0.63412E+02    0.21399E-03
    0.64693E+02    0.20255E-03
    0.66000E+02    0.19173E-03
    0.67334E+02    0.18147E-03
    0.68694E+02    0.17176E-03
    0.70082E+02    0.16256E-03
    0.71497E+02    0.15385E-03
    0.72942E+02    0.14561E-03
    0.74415E+02    0.13780E-03
    0.75918E+02    0.13040E-03
    0.77452E+02    0.12340E-03
    0.79017E+02    0.11677E-03
    0.80613E+02    0.11049E-03
    0.82241E+02    0.10454E-03
    0.83903E+02    0.98916E-04
    0.85598E+02    0.93585E-04
    0.87327E+02    0.88538E-04
    0.89091E+02    0.83759E-04
    0.90891E+02    0.79234E-04
    0.92727E+02    0.74949E-04
    0.94600E+02    0.70891E-04
    0.96511E+02    0.67050E-04
    0.98461E+02    0.63413E-04
    0.10045E+03    0.59971E-04
    0.10248E+03    0.56714E-04
    0.10455E+03    0.53632E-04
    0.10666E+03    0.50716E-04
    0.10882E+03    0.47957E-04
    0.11101E+03    0.45348E-04
    0.11326E+03    0.42881E-04
