#          k/h    CDM            baryon         photon         nu             mass_nu        total          no_nu          total_de       Weyl           v_CDM          v_b            v_b-v_c     
   0.105234E-04   0.143585E+08   0.143585E+08   0.191379E+08   0.191376E+08   0.000000E+00   0.143585E+08   0.143585E+08   0.143675E+08  -0.554985E+00   0.114637E+08   0.114637E+08   0.834789E+01
   0.116201E-04   0.143585E+08   0.143585E+08   0.191364E+08   0.191361E+08   0.000000E+00   0.143585E+08   0.143585E+08   0.143675E+08  -0.554984E+00   0.114637E+08   0.114637E+08   0.921767E+01
   0.128311E-04   0.143584E+08   0.143584E+08   0.191346E+08   0.191342E+08   0.000000E+00   0.143584E+08   0.143584E+08   0.143675E+08  -0.554984E+00   0.114637E+08   0.114637E+08   0.101780E+02
   0.141684E-04   0.143584E+08   0.143584E+08   0.191324E+08   0.191320E+08   0.000000E+00   0.143584E+08   0.143584E+08   0.143675E+08  -0.554984E+00   0.114637E+08   0.114637E+08   0.112384E+02
   0.156450E-04   0.143584E+08   0.143584E+08   0.191297E+08   0.191292E+08   0.000000E+00   0.143584E+08   0.143584E+08   0.143675E+08  -0.554984E+00   0.114637E+08   0.114637E+08   0.124091E+02
   0.172755E-04   0.143584E+08   0.143584E+08   0.191264E+08   0.191258E+08   0.000000E+00   0.143584E+08   0.143584E+08   0.143675E+08  -0.554983E+00   0.114637E+08   0.114637E+08   0.137016E+02
   0.190759E-04   0.143584E+08   0.143584E+08   0.191224E+08   0.191217E+08   0.000000E+00   0.143584E+08   0.143584E+08   0.143675E+08  -0.554983E+00   0.114637E+08   0.114637E+08   0.151286E+02
   0.210640E-04   0.143584E+08   0.143584E+08   0.191176E+08   0.191166E+08   0.000000E+00   0.143584E+08   0.143584E+08   0.143675E+08  -0.554982E+00   0.114636E+08   0.114636E+08   0.167039E+02
   0.232593E-04   0.143584E+08   0.143584E+08   0.191116E+08   0.191105E+08   0.000000E+00   0.143584E+08   0.143584E+08   0.143674E+08  -0.554981E+00   0.114636E+08   0.114636E+08   0.184430E+02
   0.256833E-04   0.143584E+08   0.143584E+08   0.191044E+08   0.191030E+08   0.000000E+00   0.143584E+08   0.143584E+08   0.143674E+08  -0.554980E+00   0.114636E+08   0.114636E+08   0.203627E+02
   0.283600E-04   0.143583E+08   0.143583E+08   0.190956E+08   0.190939E+08   0.000000E+00   0.143583E+08   0.143583E+08   0.143674E+08  -0.554979E+00   0.114636E+08   0.114636E+08   0.224816E+02
   0.313157E-04   0.143583E+08   0.143583E+08   0.190848E+08   0.190828E+08   0.000000E+00   0.143583E+08   0.143583E+08   0.143673E+08  -0.554978E+00   0.114636E+08   0.114636E+08   0.248203E+02
   0.345794E-04   0.143583E+08   0.143583E+08   0.190718E+08   0.190692E+08   0.000000E+00   0.143583E+08   0.143583E+08   0.143673E+08  -0.554976E+00   0.114635E+08   0.114635E+08   0.274011E+02
   0.381832E-04   0.143582E+08   0.143582E+08   0.190558E+08   0.190528E+08   0.000000E+00   0.143582E+08   0.143582E+08   0.143673E+08  -0.554974E+00   0.114635E+08   0.114635E+08   0.302490E+02
   0.421626E-04   0.143582E+08   0.143582E+08   0.190364E+08   0.190327E+08   0.000000E+00   0.143582E+08   0.143582E+08   0.143672E+08  -0.554971E+00   0.114635E+08   0.114635E+08   0.333908E+02
   0.465567E-04   0.143581E+08   0.143581E+08   0.190127E+08   0.190082E+08   0.000000E+00   0.143581E+08   0.143581E+08   0.143671E+08  -0.554968E+00   0.114634E+08   0.114634E+08   0.368565E+02
   0.514088E-04   0.143580E+08   0.143580E+08   0.189839E+08   0.189784E+08   0.000000E+00   0.143580E+08   0.143580E+08   0.143670E+08  -0.554964E+00   0.114634E+08   0.114634E+08   0.406783E+02
   0.567666E-04   0.143579E+08   0.143579E+08   0.189488E+08   0.189421E+08   0.000000E+00   0.143579E+08   0.143579E+08   0.143669E+08  -0.554960E+00   0.114633E+08   0.114633E+08   0.448919E+02
   0.626827E-04   0.143578E+08   0.143578E+08   0.189062E+08   0.188980E+08   0.000000E+00   0.143578E+08   0.143578E+08   0.143668E+08  -0.554954E+00   0.114632E+08   0.114632E+08   0.495356E+02
   0.692154E-04   0.143577E+08   0.143577E+08   0.188542E+08   0.188443E+08   0.000000E+00   0.143577E+08   0.143577E+08   0.143666E+08  -0.554947E+00   0.114631E+08   0.114631E+08   0.546512E+02
   0.764290E-04   0.143575E+08   0.143575E+08   0.187911E+08   0.187790E+08   0.000000E+00   0.143575E+08   0.143575E+08   0.143664E+08  -0.554939E+00   0.114629E+08   0.114629E+08   0.602838E+02
   0.843944E-04   0.143573E+08   0.143573E+08   0.187144E+08   0.186997E+08   0.000000E+00   0.143573E+08   0.143573E+08   0.143662E+08  -0.554929E+00   0.114628E+08   0.114628E+08   0.664817E+02
   0.931898E-04   0.143571E+08   0.143570E+08   0.186213E+08   0.186034E+08   0.000000E+00   0.143570E+08   0.143570E+08   0.143659E+08  -0.554917E+00   0.114626E+08   0.114625E+08   0.732964E+02
   0.102902E-03   0.143567E+08   0.143567E+08   0.185084E+08   0.184867E+08   0.000000E+00   0.143567E+08   0.143567E+08   0.143655E+08  -0.554901E+00   0.114623E+08   0.114623E+08   0.807823E+02
   0.113626E-03   0.143564E+08   0.143563E+08   0.183715E+08   0.183452E+08   0.000000E+00   0.143564E+08   0.143564E+08   0.143651E+08  -0.554883E+00   0.114620E+08   0.114620E+08   0.889958E+02
   0.125468E-03   0.143559E+08   0.143558E+08   0.182060E+08   0.181742E+08   0.000000E+00   0.143559E+08   0.143559E+08   0.143645E+08  -0.554861E+00   0.114617E+08   0.114616E+08   0.979952E+02
   0.138544E-03   0.143553E+08   0.143553E+08   0.180060E+08   0.179676E+08   0.000000E+00   0.143553E+08   0.143553E+08   0.143639E+08  -0.554834E+00   0.114612E+08   0.114612E+08   0.107838E+03
   0.152983E-03   0.143547E+08   0.143546E+08   0.177651E+08   0.177187E+08   0.000000E+00   0.143546E+08   0.143546E+08   0.143631E+08  -0.554801E+00   0.114607E+08   0.114606E+08   0.118582E+03
   0.168927E-03   0.143538E+08   0.143537E+08   0.174754E+08   0.174196E+08   0.000000E+00   0.143538E+08   0.143538E+08   0.143621E+08  -0.554761E+00   0.114600E+08   0.114599E+08   0.130278E+03
   0.186533E-03   0.143528E+08   0.143527E+08   0.171283E+08   0.170614E+08   0.000000E+00   0.143528E+08   0.143528E+08   0.143609E+08  -0.554712E+00   0.114592E+08   0.114591E+08   0.142970E+03
   0.205973E-03   0.143516E+08   0.143514E+08   0.167140E+08   0.166339E+08   0.000000E+00   0.143516E+08   0.143516E+08   0.143595E+08  -0.554653E+00   0.114582E+08   0.114581E+08   0.156690E+03
   0.227439E-03   0.143501E+08   0.143499E+08   0.162217E+08   0.161264E+08   0.000000E+00   0.143501E+08   0.143501E+08   0.143577E+08  -0.554582E+00   0.114570E+08   0.114569E+08   0.171448E+03
   0.251143E-03   0.143483E+08   0.143480E+08   0.156402E+08   0.155273E+08   0.000000E+00   0.143483E+08   0.143483E+08   0.143556E+08  -0.554496E+00   0.114556E+08   0.114554E+08   0.187228E+03
   0.277316E-03   0.143461E+08   0.143458E+08   0.149582E+08   0.148254E+08   0.000000E+00   0.143461E+08   0.143461E+08   0.143531E+08  -0.554391E+00   0.114538E+08   0.114536E+08   0.203977E+03
   0.306218E-03   0.143434E+08   0.143430E+08   0.141653E+08   0.140104E+08   0.000000E+00   0.143434E+08   0.143434E+08   0.143501E+08  -0.554266E+00   0.114517E+08   0.114515E+08   0.221589E+03
   0.338132E-03   0.143402E+08   0.143397E+08   0.132534E+08   0.130745E+08   0.000000E+00   0.143402E+08   0.143402E+08   0.143464E+08  -0.554115E+00   0.114491E+08   0.114488E+08   0.239893E+03
   0.373371E-03   0.143363E+08   0.143357E+08   0.122187E+08   0.120144E+08   0.000000E+00   0.143363E+08   0.143363E+08   0.143420E+08  -0.553934E+00   0.114460E+08   0.114457E+08   0.258637E+03
   0.412284E-03   0.143317E+08   0.143309E+08   0.110638E+08   0.108341E+08   0.000000E+00   0.143316E+08   0.143316E+08   0.143367E+08  -0.553718E+00   0.114422E+08   0.114418E+08   0.277469E+03
   0.455251E-03   0.143260E+08   0.143252E+08   0.980127E+07   0.954794E+07   0.000000E+00   0.143259E+08   0.143259E+08   0.143305E+08  -0.553462E+00   0.114377E+08   0.114373E+08   0.295925E+03
   0.502697E-03   0.143193E+08   0.143182E+08   0.845657E+07   0.818364E+07   0.000000E+00   0.143191E+08   0.143191E+08   0.143231E+08  -0.553157E+00   0.114323E+08   0.114317E+08   0.313419E+03
   0.555088E-03   0.143112E+08   0.143100E+08   0.707056E+07   0.678511E+07   0.000000E+00   0.143110E+08   0.143110E+08   0.143143E+08  -0.552798E+00   0.114258E+08   0.114251E+08   0.329243E+03
   0.612938E-03   0.143016E+08   0.143001E+08   0.570044E+07   0.541298E+07   0.000000E+00   0.143013E+08   0.143013E+08   0.143040E+08  -0.552377E+00   0.114180E+08   0.114173E+08   0.342596E+03
   0.676818E-03   0.142901E+08   0.142885E+08   0.441700E+07   0.414123E+07   0.000000E+00   0.142899E+08   0.142899E+08   0.142919E+08  -0.551886E+00   0.114087E+08   0.114079E+08   0.352626E+03
   0.747355E-03   0.142766E+08   0.142747E+08   0.329613E+07   0.304792E+07   0.000000E+00   0.142763E+08   0.142763E+08   0.142778E+08  -0.551315E+00   0.113978E+08   0.113969E+08   0.358511E+03
   0.825244E-03   0.142606E+08   0.142585E+08   0.240368E+07   0.219871E+07   0.000000E+00   0.142603E+08   0.142603E+08   0.142614E+08  -0.550656E+00   0.113849E+08   0.113839E+08   0.359569E+03
   0.911250E-03   0.142420E+08   0.142395E+08   0.177462E+07   0.162475E+07   0.000000E+00   0.142416E+08   0.142416E+08   0.142424E+08  -0.549898E+00   0.113698E+08   0.113687E+08   0.355386E+03
   0.100622E-02   0.142202E+08   0.142175E+08   0.139312E+07   0.130231E+07   0.000000E+00   0.142198E+08   0.142198E+08   0.142204E+08  -0.549027E+00   0.113522E+08   0.113510E+08   0.345919E+03
   0.111109E-02   0.141949E+08   0.141920E+08   0.118591E+07   0.114719E+07   0.000000E+00   0.141945E+08   0.141945E+08   0.141950E+08  -0.548028E+00   0.113318E+08   0.113306E+08   0.331549E+03
   0.122688E-02   0.141657E+08   0.141625E+08   0.104363E+07   0.103969E+07   0.000000E+00   0.141652E+08   0.141652E+08   0.141657E+08  -0.546883E+00   0.113083E+08   0.113070E+08   0.313020E+03
   0.135475E-02   0.141320E+08   0.141287E+08   0.874057E+06   0.882946E+06   0.000000E+00   0.141315E+08   0.141315E+08   0.141319E+08  -0.545571E+00   0.112812E+08   0.112799E+08   0.291292E+03
   0.149594E-02   0.140934E+08   0.140899E+08   0.661299E+06   0.665567E+06   0.000000E+00   0.140928E+08   0.140928E+08   0.140931E+08  -0.544068E+00   0.112502E+08   0.112488E+08   0.267368E+03
   0.165184E-02   0.140491E+08   0.140455E+08   0.473612E+06   0.467017E+06   0.000000E+00   0.140486E+08   0.140486E+08   0.140488E+08  -0.542349E+00   0.112147E+08   0.112134E+08   0.242245E+03
   0.182399E-02   0.139986E+08   0.139950E+08   0.380861E+06   0.366838E+06   0.000000E+00   0.139980E+08   0.139980E+08   0.139982E+08  -0.540392E+00   0.111743E+08   0.111730E+08   0.217018E+03
   0.201409E-02   0.139411E+08   0.139375E+08   0.351440E+06   0.232709E+06   0.000000E+00   0.139406E+08   0.139406E+08   0.139407E+08  -0.538166E+00   0.111283E+08   0.111270E+08   0.192970E+03
   0.222400E-02   0.138759E+08   0.138723E+08   0.288902E+06   0.189975E+06   0.000000E+00   0.138754E+08   0.138754E+08   0.138755E+08  -0.535646E+00   0.110762E+08   0.110749E+08   0.171324E+03
   0.245578E-02   0.138022E+08   0.137985E+08   0.196828E+06   0.154988E+06   0.000000E+00   0.138016E+08   0.138016E+08   0.138017E+08  -0.532795E+00   0.110173E+08   0.110160E+08   0.152760E+03
   0.271172E-02   0.137190E+08   0.137153E+08   0.160730E+06   0.126353E+06   0.000000E+00   0.137185E+08   0.137185E+08   0.137185E+08  -0.529581E+00   0.109508E+08   0.109496E+08   0.137253E+03
   0.299433E-02   0.136256E+08   0.136216E+08   0.143918E+06   0.102925E+06   0.000000E+00   0.136250E+08   0.136250E+08   0.136250E+08  -0.525969E+00   0.108761E+08   0.108749E+08   0.124313E+03
   0.330639E-02   0.135208E+08   0.135166E+08   0.103615E+06   0.837666E+05   0.000000E+00   0.135202E+08   0.135202E+08   0.135202E+08  -0.521923E+00   0.107925E+08   0.107912E+08   0.113054E+03
   0.365098E-02   0.134038E+08   0.133994E+08   0.942050E+05   0.681077E+05   0.000000E+00   0.134031E+08   0.134031E+08   0.134032E+08  -0.517404E+00   0.106990E+08   0.106977E+08   0.102516E+03
   0.403148E-02   0.132736E+08   0.132689E+08   0.667313E+05   0.553164E+05   0.000000E+00   0.132729E+08   0.132729E+08   0.132729E+08  -0.512374E+00   0.105950E+08   0.105937E+08   0.923618E+02
   0.445164E-02   0.131291E+08   0.131241E+08   0.563630E+05   0.448742E+05   0.000000E+00   0.131284E+08   0.131284E+08   0.131284E+08  -0.506794E+00   0.104796E+08   0.104784E+08   0.828346E+02
   0.491559E-02   0.129694E+08   0.129639E+08   0.396583E+05   0.363558E+05   0.000000E+00   0.129685E+08   0.129685E+08   0.129685E+08  -0.500623E+00   0.103520E+08   0.103508E+08   0.744147E+02
   0.542788E-02   0.127933E+08   0.127873E+08   0.350182E+05   0.294122E+05   0.000000E+00   0.127923E+08   0.127923E+08   0.127924E+08  -0.493821E+00   0.102114E+08   0.102101E+08   0.671397E+02
   0.599357E-02   0.125998E+08   0.125932E+08   0.303730E+05   0.237574E+05   0.000000E+00   0.125988E+08   0.125988E+08   0.125988E+08  -0.486348E+00   0.100568E+08   0.100556E+08   0.605953E+02
   0.661821E-02   0.123879E+08   0.123806E+08   0.230559E+05   0.191567E+05   0.000000E+00   0.123868E+08   0.123868E+08   0.123868E+08  -0.478164E+00   0.988761E+07   0.988638E+07   0.545068E+02
   0.730796E-02   0.121566E+08   0.121485E+08   0.175450E+05   0.154178E+05   0.000000E+00   0.121553E+08   0.121553E+08   0.121553E+08  -0.469229E+00   0.970284E+07   0.970162E+07   0.490481E+02
   0.806958E-02   0.119048E+08   0.118956E+08   0.136634E+05   0.123827E+05   0.000000E+00   0.119033E+08   0.119033E+08   0.119034E+08  -0.459502E+00   0.950171E+07   0.950050E+07   0.442595E+02
   0.891059E-02   0.116315E+08   0.116211E+08   0.110912E+05   0.992232E+04   0.000000E+00   0.116299E+08   0.116299E+08   0.116299E+08  -0.448945E+00   0.928341E+07   0.928220E+07   0.399219E+02
   0.983924E-02   0.113357E+08   0.113239E+08   0.877201E+04   0.793062E+04   0.000000E+00   0.113339E+08   0.113339E+08   0.113339E+08  -0.437518E+00   0.904713E+07   0.904592E+07   0.360370E+02
   0.108647E-01   0.110164E+08   0.110030E+08   0.773285E+04   0.632089E+04   0.000000E+00   0.110144E+08   0.110144E+08   0.110144E+08  -0.425184E+00   0.879208E+07   0.879088E+07   0.325958E+02
   0.119970E-01   0.106728E+08   0.106573E+08   0.552735E+04   0.502214E+04   0.000000E+00   0.106704E+08   0.106704E+08   0.106704E+08  -0.411906E+00   0.851752E+07   0.851632E+07   0.295132E+02
   0.132473E-01   0.103039E+08   0.102861E+08   0.481481E+04   0.397633E+04   0.000000E+00   0.103011E+08   0.103011E+08   0.103011E+08  -0.397651E+00   0.822276E+07   0.822156E+07   0.267787E+02
   0.146279E-01   0.990900E+07   0.988866E+07   0.315190E+04   0.313602E+04   0.000000E+00   0.990586E+07   0.990586E+07   0.990586E+07  -0.382393E+00   0.790726E+07   0.790604E+07   0.243376E+02
   0.161524E-01   0.948779E+07   0.946451E+07   0.248848E+04   0.246250E+04   0.000000E+00   0.948420E+07   0.948420E+07   0.948420E+07  -0.366115E+00   0.757068E+07   0.756946E+07   0.221580E+02
   0.178358E-01   0.904028E+07   0.901374E+07   0.194534E+04   0.192419E+04   0.000000E+00   0.903618E+07   0.903618E+07   0.903619E+07  -0.348821E+00   0.721306E+07   0.721184E+07   0.201992E+02
   0.196946E-01   0.856724E+07   0.853717E+07   0.178470E+04   0.149539E+04   0.000000E+00   0.856260E+07   0.856260E+07   0.856260E+07  -0.330539E+00   0.683504E+07   0.683380E+07   0.184220E+02
   0.217472E-01   0.807047E+07   0.803673E+07   0.113416E+04   0.115519E+04   0.000000E+00   0.806526E+07   0.806526E+07   0.806527E+07  -0.311341E+00   0.643806E+07   0.643681E+07   0.167866E+02
   0.240136E-01   0.755329E+07   0.751587E+07   0.933908E+03   0.886598E+03   0.000000E+00   0.754752E+07   0.754752E+07   0.754752E+07  -0.291354E+00   0.602478E+07   0.602353E+07   0.152540E+02
   0.265163E-01   0.702094E+07   0.698007E+07   0.730334E+03   0.675792E+03   0.000000E+00   0.701463E+07   0.701463E+07   0.701463E+07  -0.270784E+00   0.559942E+07   0.559817E+07   0.137832E+02
   0.292798E-01   0.648105E+07   0.643728E+07   0.533417E+03   0.511548E+03   0.000000E+00   0.647430E+07   0.647430E+07   0.647430E+07  -0.249925E+00   0.516811E+07   0.516688E+07   0.123384E+02
   0.323313E-01   0.594388E+07   0.589817E+07   0.417366E+03   0.384710E+03   0.000000E+00   0.593683E+07   0.593683E+07   0.593683E+07  -0.229177E+00   0.473908E+07   0.473788E+07   0.108932E+02
   0.357009E-01   0.542212E+07   0.537583E+07   0.294475E+03   0.287781E+03   0.000000E+00   0.541497E+07   0.541497E+07   0.541497E+07  -0.209032E+00   0.432252E+07   0.432137E+07   0.942997E+01
   0.394216E-01   0.492990E+07   0.488483E+07   0.207904E+03   0.214575E+03   0.000000E+00   0.492294E+07   0.492294E+07   0.492294E+07  -0.190039E+00   0.392976E+07   0.392869E+07   0.795024E+01
   0.435300E-01   0.448080E+07   0.443899E+07   0.159752E+03   0.159946E+03   0.000000E+00   0.447435E+07   0.447435E+07   0.447435E+07  -0.172722E+00   0.357167E+07   0.357071E+07   0.647937E+01
   0.478830E-01   0.409751E+07   0.406071E+07   0.123809E+03   0.120887E+03   0.000000E+00   0.409183E+07   0.409183E+07   0.409183E+07  -0.157955E+00   0.326631E+07   0.326547E+07   0.512166E+01
   0.522360E-01   0.379502E+07   0.376401E+07   0.963671E+02   0.940930E+02   0.000000E+00   0.379023E+07   0.379023E+07   0.379023E+07  -0.146313E+00   0.302555E+07   0.302484E+07   0.398964E+01
   0.565890E-01   0.354839E+07   0.352314E+07   0.767892E+02   0.749770E+02   0.000000E+00   0.354449E+07   0.354449E+07   0.354449E+07  -0.136827E+00   0.282938E+07   0.282878E+07   0.308974E+01
   0.609421E-01   0.333998E+07   0.331974E+07   0.623334E+02   0.608624E+02   0.000000E+00   0.333686E+07   0.333686E+07   0.333686E+07  -0.128812E+00   0.266363E+07   0.266313E+07   0.241608E+01
   0.652951E-01   0.315320E+07   0.313676E+07   0.512699E+02   0.500600E+02   0.000000E+00   0.315066E+07   0.315066E+07   0.315066E+07  -0.121624E+00   0.251499E+07   0.251456E+07   0.194606E+01
   0.696481E-01   0.297642E+07   0.296236E+07   0.425386E+02   0.415347E+02   0.000000E+00   0.297425E+07   0.297425E+07   0.297425E+07  -0.114814E+00   0.237417E+07   0.237378E+07   0.164544E+01
   0.740011E-01   0.280274E+07   0.278967E+07   0.354827E+02   0.346453E+02   0.000000E+00   0.280072E+07   0.280072E+07   0.280072E+07  -0.108115E+00   0.223565E+07   0.223528E+07   0.147292E+01
   0.783541E-01   0.263011E+07   0.261692E+07   0.296985E+02   0.289976E+02   0.000000E+00   0.262807E+07   0.262807E+07   0.262807E+07  -0.101450E+00   0.209784E+07   0.209747E+07   0.138562E+01
   0.827071E-01   0.246033E+07   0.244628E+07   0.249310E+02   0.243427E+02   0.000000E+00   0.245816E+07   0.245816E+07   0.245816E+07  -0.948914E-01   0.196221E+07   0.196183E+07   0.134406E+01
   0.870601E-01   0.229731E+07   0.228213E+07   0.210063E+02   0.205105E+02   0.000000E+00   0.229497E+07   0.229497E+07   0.229497E+07  -0.885919E-01   0.183195E+07   0.183156E+07   0.131590E+01
   0.914131E-01   0.214531E+07   0.212912E+07   0.177898E+02   0.173700E+02   0.000000E+00   0.214281E+07   0.214281E+07   0.214281E+07  -0.827181E-01   0.171050E+07   0.171010E+07   0.127830E+01
   0.968283E-01   0.197722E+07   0.196041E+07   0.146110E+02   0.142662E+02   0.000000E+00   0.197462E+07   0.197462E+07   0.197462E+07  -0.762257E-01   0.157625E+07   0.157585E+07   0.120014E+01
   0.102244E+00   0.183706E+07   0.182062E+07   0.121744E+02   0.118871E+02   0.000000E+00   0.183452E+07   0.183452E+07   0.183452E+07  -0.708175E-01   0.146441E+07   0.146404E+07   0.108391E+01
   0.107659E+00   0.172558E+07   0.171044E+07   0.103145E+02   0.100711E+02   0.000000E+00   0.172324E+07   0.172324E+07   0.172324E+07  -0.665218E-01   0.137558E+07   0.137524E+07   0.940897E+00
   0.113074E+00   0.163811E+07   0.162491E+07   0.887731E+01   0.866781E+01   0.000000E+00   0.163607E+07   0.163607E+07   0.163607E+07  -0.631568E-01   0.130599E+07   0.130569E+07   0.790229E+00
   0.118489E+00   0.156659E+07   0.155554E+07   0.773278E+01   0.755029E+01   0.000000E+00   0.156489E+07   0.156489E+07   0.156489E+07  -0.604088E-01   0.124917E+07   0.124890E+07   0.651556E+00
   0.123905E+00   0.150285E+07   0.149371E+07   0.678500E+01   0.662488E+01   0.000000E+00   0.150144E+07   0.150144E+07   0.150144E+07  -0.579596E-01   0.119852E+07   0.119829E+07   0.539642E+00
   0.129320E+00   0.144046E+07   0.143268E+07   0.597076E+01   0.582985E+01   0.000000E+00   0.143926E+07   0.143926E+07   0.143926E+07  -0.555593E-01   0.114888E+07   0.114868E+07   0.461382E+00
   0.134735E+00   0.137547E+07   0.136837E+07   0.525249E+01   0.512853E+01   0.000000E+00   0.137437E+07   0.137437E+07   0.137437E+07  -0.530545E-01   0.109708E+07   0.109689E+07   0.415510E+00
   0.140150E+00   0.130686E+07   0.129982E+07   0.461211E+01   0.450326E+01   0.000000E+00   0.130578E+07   0.130578E+07   0.130578E+07  -0.504064E-01   0.104233E+07   0.104214E+07   0.394552E+00
   0.145566E+00   0.123632E+07   0.122891E+07   0.404414E+01   0.394870E+01   0.000000E+00   0.123517E+07   0.123517E+07   0.123517E+07  -0.476810E-01   0.985972E+06   0.985779E+06   0.387907E+00
   0.150981E+00   0.116697E+07   0.115905E+07   0.354791E+01   0.346418E+01   0.000000E+00   0.116575E+07   0.116575E+07   0.116575E+07  -0.450010E-01   0.930556E+06   0.930358E+06   0.384962E+00
   0.156396E+00   0.110218E+07   0.109384E+07   0.312249E+01   0.304880E+01   0.000000E+00   0.110090E+07   0.110090E+07   0.110090E+07  -0.424975E-01   0.878789E+06   0.878588E+06   0.377545E+00
   0.161811E+00   0.104481E+07   0.103635E+07   0.276490E+01   0.269965E+01   0.000000E+00   0.104350E+07   0.104350E+07   0.104350E+07  -0.402820E-01   0.832976E+06   0.832777E+06   0.361299E+00
   0.167227E+00   0.996488E+06   0.988257E+06   0.246894E+01   0.241067E+01   0.000000E+00   0.995218E+06   0.995218E+06   0.995218E+06  -0.384181E-01   0.794433E+06   0.794242E+06   0.335818E+00
   0.172642E+00   0.956952E+06   0.949274E+06   0.222466E+01   0.217216E+01   0.000000E+00   0.955767E+06   0.955767E+06   0.955767E+06  -0.368951E-01   0.762940E+06   0.762762E+06   0.303738E+00
   0.178057E+00   0.924225E+06   0.917300E+06   0.202006E+01   0.197239E+01   0.000000E+00   0.923156E+06   0.923156E+06   0.923156E+06  -0.356363E-01   0.736908E+06   0.736744E+06   0.269320E+00
   0.183472E+00   0.895642E+06   0.889516E+06   0.184394E+01   0.180042E+01   0.000000E+00   0.894697E+06   0.894697E+06   0.894697E+06  -0.345377E-01   0.714188E+06   0.714040E+06   0.236998E+00
   0.188888E+00   0.868714E+06   0.863282E+06   0.168759E+01   0.164776E+01   0.000000E+00   0.867876E+06   0.867876E+06   0.867876E+06  -0.335023E-01   0.692777E+06   0.692642E+06   0.210201E+00
   0.194303E+00   0.841464E+06   0.836523E+06   0.154490E+01   0.150844E+01   0.000000E+00   0.840702E+06   0.840702E+06   0.840702E+06  -0.324533E-01   0.671085E+06   0.670959E+06   0.190648E+00
   0.199718E+00   0.812695E+06   0.808004E+06   0.141229E+01   0.137896E+01   0.000000E+00   0.811971E+06   0.811971E+06   0.811971E+06  -0.313442E-01   0.648151E+06   0.648029E+06   0.178226E+00
   0.205133E+00   0.782281E+06   0.777626E+06   0.128857E+01   0.125816E+01   0.000000E+00   0.781562E+06   0.781562E+06   0.781562E+06  -0.301704E-01   0.623878E+06   0.623758E+06   0.171378E+00
   0.210549E+00   0.751076E+06   0.746318E+06   0.117427E+01   0.114656E+01   0.000000E+00   0.750342E+06   0.750342E+06   0.750342E+06  -0.289652E-01   0.598957E+06   0.598836E+06   0.167764E+00
   0.215964E+00   0.720402E+06   0.715496E+06   0.107045E+01   0.104519E+01   0.000000E+00   0.719645E+06   0.719645E+06   0.719645E+06  -0.277802E-01   0.574454E+06   0.574333E+06   0.164967E+00
   0.221379E+00   0.691540E+06   0.686528E+06   0.977837E+00   0.954761E+00   0.000000E+00   0.690766E+06   0.690766E+06   0.690766E+06  -0.266654E-01   0.551403E+06   0.551281E+06   0.161075E+00
   0.226794E+00   0.665445E+06   0.660431E+06   0.896498E+00   0.875342E+00   0.000000E+00   0.664671E+06   0.664671E+06   0.664671E+06  -0.256581E-01   0.530573E+06   0.530453E+06   0.155025E+00
   0.232210E+00   0.642572E+06   0.637681E+06   0.825768E+00   0.806280E+00   0.000000E+00   0.641817E+06   0.641817E+06   0.641817E+06  -0.247758E-01   0.512330E+06   0.512214E+06   0.146680E+00
   0.237625E+00   0.622796E+06   0.618141E+06   0.764309E+00   0.746272E+00   0.000000E+00   0.622078E+06   0.622078E+06   0.622078E+06  -0.240138E-01   0.496572E+06   0.496462E+06   0.136650E+00
   0.243040E+00   0.605517E+06   0.601166E+06   0.710392E+00   0.693627E+00   0.000000E+00   0.604845E+06   0.604845E+06   0.604845E+06  -0.233486E-01   0.482816E+06   0.482712E+06   0.125982E+00
   0.248455E+00   0.589871E+06   0.585840E+06   0.662238E+00   0.646610E+00   0.000000E+00   0.589249E+06   0.589249E+06   0.589249E+06  -0.227466E-01   0.470366E+06   0.470268E+06   0.115799E+00
   0.253871E+00   0.574940E+06   0.571194E+06   0.618265E+00   0.603674E+00   0.000000E+00   0.574362E+06   0.574362E+06   0.574362E+06  -0.221719E-01   0.458482E+06   0.458389E+06   0.106994E+00
   0.259286E+00   0.559947E+06   0.556415E+06   0.577273E+00   0.563650E+00   0.000000E+00   0.559402E+06   0.559402E+06   0.559402E+06  -0.215944E-01   0.446540E+06   0.446451E+06   0.100046E+00
   0.264701E+00   0.544471E+06   0.541068E+06   0.538591E+00   0.525880E+00   0.000000E+00   0.543946E+06   0.543946E+06   0.543946E+06  -0.209977E-01   0.434202E+06   0.434116E+06   0.949826E-01
   0.270116E+00   0.528524E+06   0.525175E+06   0.502056E+00   0.490208E+00   0.000000E+00   0.528007E+06   0.528007E+06   0.528007E+06  -0.203825E-01   0.421479E+06   0.421395E+06   0.914583E-01
   0.275532E+00   0.512425E+06   0.509078E+06   0.467802E+00   0.456762E+00   0.000000E+00   0.511908E+06   0.511908E+06   0.511908E+06  -0.197610E-01   0.408629E+06   0.408545E+06   0.888993E-01
   0.280947E+00   0.496595E+06   0.493231E+06   0.436025E+00   0.425735E+00   0.000000E+00   0.496076E+06   0.496076E+06   0.496076E+06  -0.191498E-01   0.395991E+06   0.395908E+06   0.866787E-01
   0.286362E+00   0.481454E+06   0.478084E+06   0.406878E+00   0.397276E+00   0.000000E+00   0.480934E+06   0.480934E+06   0.480934E+06  -0.185653E-01   0.383904E+06   0.383822E+06   0.842765E-01
   0.291777E+00   0.467363E+06   0.464021E+06   0.380435E+00   0.371457E+00   0.000000E+00   0.466847E+06   0.466847E+06   0.466847E+06  -0.180215E-01   0.372659E+06   0.372578E+06   0.813835E-01
   0.297192E+00   0.454534E+06   0.451261E+06   0.356629E+00   0.348213E+00   0.000000E+00   0.454029E+06   0.454029E+06   0.454029E+06  -0.175267E-01   0.362427E+06   0.362349E+06   0.779292E-01
   0.302608E+00   0.442947E+06   0.439782E+06   0.335214E+00   0.327303E+00   0.000000E+00   0.442458E+06   0.442458E+06   0.442458E+06  -0.170801E-01   0.353191E+06   0.353115E+06   0.740436E-01
   0.308023E+00   0.432376E+06   0.429345E+06   0.315817E+00   0.308364E+00   0.000000E+00   0.431908E+06   0.431908E+06   0.431908E+06  -0.166728E-01   0.344769E+06   0.344696E+06   0.699833E-01
   0.313438E+00   0.422511E+06   0.419620E+06   0.298048E+00   0.291015E+00   0.000000E+00   0.422065E+06   0.422065E+06   0.422065E+06  -0.162928E-01   0.336912E+06   0.336841E+06   0.660437E-01
   0.318853E+00   0.413048E+06   0.410288E+06   0.281568E+00   0.274923E+00   0.000000E+00   0.412622E+06   0.412622E+06   0.412622E+06  -0.159283E-01   0.329374E+06   0.329306E+06   0.624769E-01
   0.324269E+00   0.403732E+06   0.401078E+06   0.266106E+00   0.259826E+00   0.000000E+00   0.403323E+06   0.403323E+06   0.403323E+06  -0.155693E-01   0.321951E+06   0.321885E+06   0.594338E-01
   0.329684E+00   0.394390E+06   0.391813E+06   0.251481E+00   0.245546E+00   0.000000E+00   0.393992E+06   0.393992E+06   0.393992E+06  -0.152091E-01   0.314503E+06   0.314439E+06   0.569440E-01
   0.335099E+00   0.384977E+06   0.382450E+06   0.237608E+00   0.232000E+00   0.000000E+00   0.384587E+06   0.384587E+06   0.384587E+06  -0.148461E-01   0.306995E+06   0.306932E+06   0.549315E-01
   0.340514E+00   0.375577E+06   0.373080E+06   0.224488E+00   0.219191E+00   0.000000E+00   0.375191E+06   0.375191E+06   0.375191E+06  -0.144834E-01   0.299495E+06   0.299433E+06   0.532521E-01
   0.345930E+00   0.366341E+06   0.363866E+06   0.212162E+00   0.207156E+00   0.000000E+00   0.365959E+06   0.365959E+06   0.365959E+06  -0.141270E-01   0.292126E+06   0.292065E+06   0.517375E-01
   0.351345E+00   0.357425E+06   0.354971E+06   0.200663E+00   0.195928E+00   0.000000E+00   0.357046E+06   0.357046E+06   0.357046E+06  -0.137829E-01   0.285011E+06   0.284951E+06   0.502380E-01
   0.356760E+00   0.348948E+06   0.346525E+06   0.189999E+00   0.185516E+00   0.000000E+00   0.348574E+06   0.348574E+06   0.348574E+06  -0.134559E-01   0.278248E+06   0.278189E+06   0.486533E-01
   0.362175E+00   0.340981E+06   0.338602E+06   0.180150E+00   0.175899E+00   0.000000E+00   0.340614E+06   0.340614E+06   0.340614E+06  -0.131486E-01   0.271894E+06   0.271836E+06   0.469471E-01
   0.367591E+00   0.333531E+06   0.331209E+06   0.171061E+00   0.167024E+00   0.000000E+00   0.333173E+06   0.333173E+06   0.333173E+06  -0.128614E-01   0.265954E+06   0.265898E+06   0.451409E-01
   0.373006E+00   0.326539E+06   0.324283E+06   0.162649E+00   0.158810E+00   0.000000E+00   0.326191E+06   0.326191E+06   0.326191E+06  -0.125918E-01   0.260381E+06   0.260326E+06   0.432959E-01
   0.378421E+00   0.319902E+06   0.317715E+06   0.154817E+00   0.151163E+00   0.000000E+00   0.319564E+06   0.319564E+06   0.319564E+06  -0.123360E-01   0.255091E+06   0.255037E+06   0.414899E-01
   0.383836E+00   0.313512E+06   0.311392E+06   0.147475E+00   0.143995E+00   0.000000E+00   0.313184E+06   0.313184E+06   0.313184E+06  -0.120897E-01   0.249998E+06   0.249946E+06   0.397950E-01
   0.389252E+00   0.307278E+06   0.305218E+06   0.140551E+00   0.137234E+00   0.000000E+00   0.306960E+06   0.306960E+06   0.306960E+06  -0.118495E-01   0.245030E+06   0.244979E+06   0.382601E-01
   0.394667E+00   0.301134E+06   0.299123E+06   0.133987E+00   0.130825E+00   0.000000E+00   0.300824E+06   0.300824E+06   0.300824E+06  -0.116126E-01   0.240131E+06   0.240082E+06   0.369021E-01
   0.400082E+00   0.295045E+06   0.293074E+06   0.127748E+00   0.124733E+00   0.000000E+00   0.294741E+06   0.294741E+06   0.294741E+06  -0.113778E-01   0.235276E+06   0.235227E+06   0.357069E-01
   0.405497E+00   0.289023E+06   0.287082E+06   0.121820E+00   0.118945E+00   0.000000E+00   0.288723E+06   0.288723E+06   0.288723E+06  -0.111455E-01   0.230472E+06   0.230424E+06   0.346383E-01
   0.410913E+00   0.283114E+06   0.281200E+06   0.116204E+00   0.113461E+00   0.000000E+00   0.282818E+06   0.282818E+06   0.282818E+06  -0.109175E-01   0.225759E+06   0.225712E+06   0.336509E-01
   0.416328E+00   0.277372E+06   0.275484E+06   0.110904E+00   0.108287E+00   0.000000E+00   0.277081E+06   0.277081E+06   0.277081E+06  -0.106961E-01   0.221179E+06   0.221132E+06   0.327008E-01
   0.421743E+00   0.271836E+06   0.269975E+06   0.105916E+00   0.103417E+00   0.000000E+00   0.271548E+06   0.271548E+06   0.271548E+06  -0.104825E-01   0.216763E+06   0.216717E+06   0.317544E-01
   0.427158E+00   0.266524E+06   0.264693E+06   0.101230E+00   0.988408E-01   0.000000E+00   0.266241E+06   0.266241E+06   0.266241E+06  -0.102776E-01   0.212526E+06   0.212481E+06   0.307945E-01
   0.432574E+00   0.261446E+06   0.259651E+06   0.968306E-01   0.945454E-01   0.000000E+00   0.261169E+06   0.261169E+06   0.261169E+06  -0.100818E-01   0.208477E+06   0.208433E+06   0.298214E-01
   0.437989E+00   0.256597E+06   0.254839E+06   0.926993E-01   0.905117E-01   0.000000E+00   0.256325E+06   0.256325E+06   0.256325E+06  -0.989484E-02   0.204611E+06   0.204568E+06   0.288484E-01
   0.443404E+00   0.251944E+06   0.250225E+06   0.888092E-01   0.867134E-01   0.000000E+00   0.251679E+06   0.251679E+06   0.251679E+06  -0.971546E-02   0.200902E+06   0.200859E+06   0.278950E-01
   0.448819E+00   0.247442E+06   0.245762E+06   0.851306E-01   0.831216E-01   0.000000E+00   0.247182E+06   0.247182E+06   0.247182E+06  -0.954190E-02   0.197312E+06   0.197271E+06   0.269809E-01
   0.454235E+00   0.243054E+06   0.241411E+06   0.816396E-01   0.797130E-01   0.000000E+00   0.242801E+06   0.242801E+06   0.242801E+06  -0.937275E-02   0.193815E+06   0.193774E+06   0.261215E-01
   0.459650E+00   0.238763E+06   0.237152E+06   0.783199E-01   0.764716E-01   0.000000E+00   0.238514E+06   0.238514E+06   0.238514E+06  -0.920729E-02   0.190393E+06   0.190354E+06   0.253245E-01
   0.465065E+00   0.234555E+06   0.232973E+06   0.751582E-01   0.733845E-01   0.000000E+00   0.234311E+06   0.234311E+06   0.234311E+06  -0.904501E-02   0.187038E+06   0.186999E+06   0.245887E-01
   0.470480E+00   0.230420E+06   0.228864E+06   0.721432E-01   0.704407E-01   0.000000E+00   0.230180E+06   0.230180E+06   0.230180E+06  -0.888555E-02   0.183740E+06   0.183702E+06   0.239056E-01
   0.475896E+00   0.226362E+06   0.224830E+06   0.692687E-01   0.676340E-01   0.000000E+00   0.226125E+06   0.226125E+06   0.226125E+06  -0.872903E-02   0.180504E+06   0.180466E+06   0.232624E-01
   0.481311E+00   0.222399E+06   0.220889E+06   0.665330E-01   0.649629E-01   0.000000E+00   0.222166E+06   0.222166E+06   0.222166E+06  -0.857619E-02   0.177343E+06   0.177306E+06   0.226463E-01
   0.486726E+00   0.218551E+06   0.217063E+06   0.639349E-01   0.624260E-01   0.000000E+00   0.218321E+06   0.218321E+06   0.218321E+06  -0.842777E-02   0.174274E+06   0.174238E+06   0.220467E-01
   0.492141E+00   0.214823E+06   0.213359E+06   0.614690E-01   0.600184E-01   0.000000E+00   0.214597E+06   0.214597E+06   0.214597E+06  -0.828403E-02   0.171302E+06   0.171266E+06   0.214563E-01
   0.497557E+00   0.211215E+06   0.209774E+06   0.591280E-01   0.577326E-01   0.000000E+00   0.210993E+06   0.210993E+06   0.210993E+06  -0.814487E-02   0.168424E+06   0.168389E+06   0.208725E-01
   0.502972E+00   0.207723E+06   0.206307E+06   0.569050E-01   0.555621E-01   0.000000E+00   0.207504E+06   0.207504E+06   0.207504E+06  -0.801021E-02   0.165639E+06   0.165605E+06   0.202970E-01
   0.508387E+00   0.204343E+06   0.202952E+06   0.547930E-01   0.534999E-01   0.000000E+00   0.204128E+06   0.204128E+06   0.204128E+06  -0.787989E-02   0.162945E+06   0.162910E+06   0.197345E-01
   0.513802E+00   0.201063E+06   0.199697E+06   0.527832E-01   0.515376E-01   0.000000E+00   0.200852E+06   0.200852E+06   0.200852E+06  -0.775343E-02   0.160330E+06   0.160296E+06   0.191902E-01
   0.519218E+00   0.197866E+06   0.196524E+06   0.508662E-01   0.496658E-01   0.000000E+00   0.197659E+06   0.197659E+06   0.197659E+06  -0.763017E-02   0.157781E+06   0.157748E+06   0.186683E-01
   0.524633E+00   0.194740E+06   0.193421E+06   0.490345E-01   0.478773E-01   0.000000E+00   0.194537E+06   0.194537E+06   0.194537E+06  -0.750963E-02   0.155288E+06   0.155256E+06   0.181715E-01
   0.530048E+00   0.191681E+06   0.190383E+06   0.472830E-01   0.461672E-01   0.000000E+00   0.191480E+06   0.191480E+06   0.191480E+06  -0.739165E-02   0.152848E+06   0.152816E+06   0.177004E-01
   0.535463E+00   0.188685E+06   0.187408E+06   0.456075E-01   0.445312E-01   0.000000E+00   0.188488E+06   0.188488E+06   0.188488E+06  -0.727614E-02   0.150460E+06   0.150428E+06   0.172532E-01
   0.540879E+00   0.185752E+06   0.184493E+06   0.440038E-01   0.429654E-01   0.000000E+00   0.185557E+06   0.185557E+06   0.185557E+06  -0.716301E-02   0.148121E+06   0.148090E+06   0.168266E-01
   0.546294E+00   0.182880E+06   0.181639E+06   0.424688E-01   0.414666E-01   0.000000E+00   0.182688E+06   0.182688E+06   0.182688E+06  -0.705226E-02   0.145830E+06   0.145800E+06   0.164166E-01
   0.551709E+00   0.180075E+06   0.178852E+06   0.410005E-01   0.400329E-01   0.000000E+00   0.179886E+06   0.179886E+06   0.179886E+06  -0.694408E-02   0.143593E+06   0.143563E+06   0.160196E-01
   0.557124E+00   0.177342E+06   0.176137E+06   0.395971E-01   0.386626E-01   0.000000E+00   0.177156E+06   0.177156E+06   0.177156E+06  -0.683870E-02   0.141414E+06   0.141385E+06   0.156332E-01
   0.562540E+00   0.174682E+06   0.173494E+06   0.382558E-01   0.373529E-01   0.000000E+00   0.174498E+06   0.174498E+06   0.174498E+06  -0.673611E-02   0.139293E+06   0.139264E+06   0.152557E-01
   0.567955E+00   0.172090E+06   0.170920E+06   0.369728E-01   0.361003E-01   0.000000E+00   0.171909E+06   0.171909E+06   0.171909E+06  -0.663615E-02   0.137226E+06   0.137197E+06   0.148867E-01
   0.573370E+00   0.169563E+06   0.168411E+06   0.357452E-01   0.349016E-01   0.000000E+00   0.169385E+06   0.169385E+06   0.169385E+06  -0.653873E-02   0.135211E+06   0.135183E+06   0.145267E-01
   0.578785E+00   0.167101E+06   0.165966E+06   0.345700E-01   0.337542E-01   0.000000E+00   0.166926E+06   0.166926E+06   0.166926E+06  -0.644377E-02   0.133248E+06   0.133220E+06   0.141770E-01
   0.630078E+00   0.146269E+06   0.145276E+06   0.255340E-01   0.249314E-01   0.000000E+00   0.146115E+06   0.146115E+06   0.146115E+06  -0.564044E-02   0.116636E+06   0.116612E+06   0.114130E-01
   0.769579E+00   0.106483E+06   0.105760E+06   0.124603E-01   0.121663E-01   0.000000E+00   0.106371E+06   0.106371E+06   0.106371E+06  -0.410620E-02   0.849103E+05   0.848924E+05   0.682577E-02
   0.939966E+00   0.771318E+05   0.766086E+05   0.605014E-02   0.590736E-02   0.000000E+00   0.770511E+05   0.770511E+05   0.770511E+05  -0.297438E-02   0.615057E+05   0.614927E+05   0.407225E-02
   0.114808E+01   0.556201E+05   0.552429E+05   0.292446E-02   0.285545E-02   0.000000E+00   0.555619E+05   0.555619E+05   0.555619E+05  -0.214484E-02   0.443521E+05   0.443426E+05   0.242621E-02
   0.140226E+01   0.399444E+05   0.396734E+05   0.140784E-02   0.137461E-02   0.000000E+00   0.399026E+05   0.399026E+05   0.399026E+05  -0.154035E-02   0.318521E+05   0.318452E+05   0.144612E-02
   0.171273E+01   0.285795E+05   0.283855E+05   0.675200E-03   0.659266E-03   0.000000E+00   0.285496E+05   0.285496E+05   0.285496E+05  -0.110209E-02   0.227896E+05   0.227846E+05   0.864331E-03
   0.209193E+01   0.203784E+05   0.202400E+05   0.322722E-03   0.315106E-03   0.000000E+00   0.203570E+05   0.203570E+05   0.203570E+05  -0.785835E-03   0.162499E+05   0.162462E+05   0.519639E-03
   0.255509E+01   0.144853E+05   0.143868E+05   0.153768E-03   0.150139E-03   0.000000E+00   0.144701E+05   0.144701E+05   0.144701E+05  -0.558584E-03   0.115507E+05   0.115480E+05   0.315510E-03
   0.312080E+01   0.102670E+05   0.101970E+05   0.730568E-04   0.713328E-04   0.000000E+00   0.102562E+05   0.102562E+05   0.102562E+05  -0.395916E-03   0.818698E+04   0.818491E+04   0.194445E-03
   0.381175E+01   0.725794E+04   0.720836E+04   0.346186E-04   0.338017E-04   0.000000E+00   0.725029E+04   0.725029E+04   0.725029E+04  -0.279880E-03   0.578754E+04   0.578595E+04   0.122351E-03
   0.465568E+01   0.511836E+04   0.508324E+04   0.163646E-04   0.159784E-04   0.000000E+00   0.511294E+04   0.511294E+04   0.511294E+04  -0.197373E-03   0.408141E+04   0.408016E+04   0.790957E-04
   0.568646E+01   0.360143E+04   0.357656E+04   0.771829E-05   0.753616E-05   0.000000E+00   0.359759E+04   0.359759E+04   0.359759E+04  -0.138876E-03   0.287179E+04   0.287076E+04   0.528321E-04
   0.694546E+01   0.252882E+04   0.251119E+04   0.363272E-05   0.354701E-05   0.000000E+00   0.252610E+04   0.252610E+04   0.252610E+04  -0.975140E-04   0.201648E+04   0.201561E+04   0.366050E-04
   0.848320E+01   0.177225E+04   0.175973E+04   0.170649E-05   0.166622E-05   0.000000E+00   0.177032E+04   0.177032E+04   0.177032E+04  -0.683390E-04   0.141318E+04   0.141242E+04   0.263381E-04
   0.103614E+02   0.123982E+04   0.123087E+04   0.800181E-06   0.781304E-06   0.000000E+00   0.123844E+04   0.123844E+04   0.123844E+04  -0.478070E-04   0.988610E+03   0.987917E+03   0.196432E-04
   0.126554E+02   0.865896E+03   0.859460E+03   0.374571E-06   0.365736E-06   0.000000E+00   0.864903E+03   0.864903E+03   0.864903E+03  -0.333875E-04   0.690439E+03   0.689787E+03   0.151190E-04
   0.154574E+02   0.603803E+03   0.599118E+03   0.175057E-06   0.170929E-06   0.000000E+00   0.603080E+03   0.603080E+03   0.603080E+03  -0.232805E-04   0.481441E+03   0.480812E+03   0.119409E-04
   0.188797E+02   0.420423E+03   0.416956E+03   0.816874E-07   0.797617E-07   0.000000E+00   0.419888E+03   0.419888E+03   0.419888E+03  -0.162088E-04   0.335210E+03   0.334591E+03   0.961994E-05
   0.230597E+02   0.292332E+03   0.289708E+03   0.380609E-07   0.371642E-07   0.000000E+00   0.291927E+03   0.291927E+03   0.291927E+03  -0.112691E-04   0.233066E+03   0.232449E+03   0.786309E-05
   0.281652E+02   0.202997E+03   0.200955E+03   0.177075E-07   0.172906E-07   0.000000E+00   0.202681E+03   0.202681E+03   0.202681E+03  -0.782404E-05   0.161828E+03   0.161205E+03   0.649187E-05
   0.344011E+02   0.140782E+03   0.139138E+03   0.822564E-08   0.803221E-08   0.000000E+00   0.140528E+03   0.140528E+03   0.140528E+03  -0.542475E-05   0.112215E+03   0.111583E+03   0.539497E-05
   0.420176E+02   0.975117E+02   0.961392E+02   0.381485E-08   0.372530E-08   0.000000E+00   0.972999E+02   0.972999E+02   0.972999E+02  -0.375603E-05   0.777101E+02   0.770659E+02   0.450077E-05
   0.513204E+02   0.674556E+02   0.662652E+02   0.176603E-08   0.172468E-08   0.000000E+00   0.672719E+02   0.672719E+02   0.672719E+02  -0.259687E-05   0.537416E+02   0.530840E+02   0.376148E-05
   0.626829E+02   0.466027E+02   0.455331E+02   0.815828E-09   0.796802E-09   0.000000E+00   0.464376E+02   0.464376E+02   0.464376E+02  -0.179261E-05   0.371118E+02   0.364406E+02   0.314378E-05
   0.765610E+02   0.321507E+02   0.311602E+02   0.375894E-09   0.367179E-09   0.000000E+00   0.319978E+02   0.319978E+02   0.319978E+02  -0.123520E-05   0.255864E+02   0.249023E+02   0.262342E-05
   0.935118E+02   0.221451E+02   0.212061E+02   0.172614E-09   0.168646E-09   0.000000E+00   0.220002E+02   0.220002E+02   0.220002E+02  -0.849267E-06   0.176067E+02   0.169117E+02   0.218199E-05
   0.114216E+03   0.152247E+02   0.143201E+02   0.789123E-10   0.771219E-10   0.000000E+00   0.150851E+02   0.150851E+02   0.150851E+02  -0.582325E-06   0.120874E+02   0.113852E+02   0.180504E-05
