#          k/h    CDM            baryon         photon         nu             mass_nu        total          no_nu          total_de       Weyl           v_CDM          v_b            v_b-v_c     
   0.105234E-04   0.171558E+08   0.171558E+08   0.228644E+08   0.228641E+08   0.000000E+00   0.171558E+08   0.171558E+08   0.171643E+08  -0.521216E+00   0.115705E+08   0.115705E+08   0.715010E+01
   0.116201E-04   0.171558E+08   0.171558E+08   0.228623E+08   0.228619E+08   0.000000E+00   0.171558E+08   0.171558E+08   0.171643E+08  -0.521216E+00   0.115705E+08   0.115705E+08   0.789506E+01
   0.128311E-04   0.171557E+08   0.171557E+08   0.228596E+08   0.228592E+08   0.000000E+00   0.171557E+08   0.171557E+08   0.171643E+08  -0.521216E+00   0.115705E+08   0.115705E+08   0.871758E+01
   0.141684E-04   0.171557E+08   0.171557E+08   0.228564E+08   0.228558E+08   0.000000E+00   0.171557E+08   0.171557E+08   0.171642E+08  -0.521215E+00   0.115705E+08   0.115705E+08   0.962573E+01
   0.156450E-04   0.171557E+08   0.171557E+08   0.228524E+08   0.228517E+08   0.000000E+00   0.171557E+08   0.171557E+08   0.171642E+08  -0.521215E+00   0.115705E+08   0.115705E+08   0.106284E+02
   0.172755E-04   0.171557E+08   0.171557E+08   0.228476E+08   0.228468E+08   0.000000E+00   0.171557E+08   0.171557E+08   0.171642E+08  -0.521214E+00   0.115704E+08   0.115704E+08   0.117354E+02
   0.190759E-04   0.171557E+08   0.171557E+08   0.228418E+08   0.228407E+08   0.000000E+00   0.171557E+08   0.171557E+08   0.171642E+08  -0.521214E+00   0.115704E+08   0.115704E+08   0.129575E+02
   0.210640E-04   0.171557E+08   0.171557E+08   0.228346E+08   0.228334E+08   0.000000E+00   0.171557E+08   0.171557E+08   0.171642E+08  -0.521213E+00   0.115704E+08   0.115704E+08   0.143066E+02
   0.232593E-04   0.171557E+08   0.171557E+08   0.228259E+08   0.228244E+08   0.000000E+00   0.171557E+08   0.171557E+08   0.171642E+08  -0.521213E+00   0.115704E+08   0.115704E+08   0.157959E+02
   0.256833E-04   0.171556E+08   0.171556E+08   0.228153E+08   0.228134E+08   0.000000E+00   0.171556E+08   0.171556E+08   0.171641E+08  -0.521212E+00   0.115704E+08   0.115704E+08   0.174398E+02
   0.283600E-04   0.171556E+08   0.171556E+08   0.228024E+08   0.228001E+08   0.000000E+00   0.171556E+08   0.171556E+08   0.171641E+08  -0.521211E+00   0.115704E+08   0.115704E+08   0.192542E+02
   0.313157E-04   0.171556E+08   0.171556E+08   0.227866E+08   0.227839E+08   0.000000E+00   0.171556E+08   0.171556E+08   0.171641E+08  -0.521209E+00   0.115704E+08   0.115703E+08   0.212567E+02
   0.345794E-04   0.171555E+08   0.171555E+08   0.227674E+08   0.227640E+08   0.000000E+00   0.171555E+08   0.171555E+08   0.171640E+08  -0.521207E+00   0.115703E+08   0.115703E+08   0.234664E+02
   0.381832E-04   0.171555E+08   0.171555E+08   0.227440E+08   0.227399E+08   0.000000E+00   0.171555E+08   0.171555E+08   0.171639E+08  -0.521205E+00   0.115703E+08   0.115703E+08   0.259044E+02
   0.421626E-04   0.171554E+08   0.171554E+08   0.227155E+08   0.227105E+08   0.000000E+00   0.171554E+08   0.171554E+08   0.171639E+08  -0.521203E+00   0.115702E+08   0.115702E+08   0.285939E+02
   0.465567E-04   0.171553E+08   0.171553E+08   0.226808E+08   0.226747E+08   0.000000E+00   0.171553E+08   0.171553E+08   0.171638E+08  -0.521200E+00   0.115702E+08   0.115702E+08   0.315601E+02
   0.514088E-04   0.171552E+08   0.171552E+08   0.226386E+08   0.226312E+08   0.000000E+00   0.171552E+08   0.171552E+08   0.171637E+08  -0.521196E+00   0.115701E+08   0.115701E+08   0.348307E+02
   0.567666E-04   0.171551E+08   0.171551E+08   0.225872E+08   0.225782E+08   0.000000E+00   0.171551E+08   0.171551E+08   0.171635E+08  -0.521192E+00   0.115700E+08   0.115700E+08   0.384358E+02
   0.626827E-04   0.171550E+08   0.171550E+08   0.225247E+08   0.225137E+08   0.000000E+00   0.171550E+08   0.171550E+08   0.171634E+08  -0.521186E+00   0.115699E+08   0.115699E+08   0.424080E+02
   0.692154E-04   0.171548E+08   0.171548E+08   0.224487E+08   0.224353E+08   0.000000E+00   0.171548E+08   0.171548E+08   0.171632E+08  -0.521179E+00   0.115698E+08   0.115698E+08   0.467825E+02
   0.764290E-04   0.171546E+08   0.171546E+08   0.223563E+08   0.223401E+08   0.000000E+00   0.171546E+08   0.171546E+08   0.171629E+08  -0.521171E+00   0.115697E+08   0.115697E+08   0.515975E+02
   0.843944E-04   0.171543E+08   0.171543E+08   0.222442E+08   0.222245E+08   0.000000E+00   0.171543E+08   0.171543E+08   0.171626E+08  -0.521161E+00   0.115695E+08   0.115695E+08   0.568934E+02
   0.931898E-04   0.171540E+08   0.171540E+08   0.221082E+08   0.220842E+08   0.000000E+00   0.171540E+08   0.171540E+08   0.171622E+08  -0.521149E+00   0.115693E+08   0.115693E+08   0.627132E+02
   0.102902E-03   0.171536E+08   0.171536E+08   0.219434E+08   0.219144E+08   0.000000E+00   0.171536E+08   0.171536E+08   0.171618E+08  -0.521135E+00   0.115690E+08   0.115690E+08   0.691021E+02
   0.113626E-03   0.171532E+08   0.171531E+08   0.217440E+08   0.217089E+08   0.000000E+00   0.171532E+08   0.171532E+08   0.171612E+08  -0.521117E+00   0.115687E+08   0.115687E+08   0.761065E+02
   0.125468E-03   0.171526E+08   0.171525E+08   0.215033E+08   0.214608E+08   0.000000E+00   0.171526E+08   0.171526E+08   0.171606E+08  -0.521095E+00   0.115683E+08   0.115683E+08   0.837735E+02
   0.138544E-03   0.171519E+08   0.171518E+08   0.212130E+08   0.211619E+08   0.000000E+00   0.171519E+08   0.171519E+08   0.171598E+08  -0.521068E+00   0.115679E+08   0.115678E+08   0.921498E+02
   0.152983E-03   0.171511E+08   0.171509E+08   0.208642E+08   0.208026E+08   0.000000E+00   0.171510E+08   0.171510E+08   0.171588E+08  -0.521036E+00   0.115673E+08   0.115672E+08   0.101279E+03
   0.168927E-03   0.171500E+08   0.171499E+08   0.204461E+08   0.203723E+08   0.000000E+00   0.171500E+08   0.171500E+08   0.171576E+08  -0.520997E+00   0.115666E+08   0.115665E+08   0.111200E+03
   0.186533E-03   0.171488E+08   0.171486E+08   0.199469E+08   0.198588E+08   0.000000E+00   0.171487E+08   0.171487E+08   0.171562E+08  -0.520950E+00   0.115657E+08   0.115657E+08   0.121943E+03
   0.205973E-03   0.171473E+08   0.171470E+08   0.193539E+08   0.192490E+08   0.000000E+00   0.171472E+08   0.171472E+08   0.171544E+08  -0.520892E+00   0.115647E+08   0.115646E+08   0.133524E+03
   0.227439E-03   0.171454E+08   0.171451E+08   0.186533E+08   0.185291E+08   0.000000E+00   0.171454E+08   0.171454E+08   0.171523E+08  -0.520823E+00   0.115634E+08   0.115633E+08   0.145942E+03
   0.251143E-03   0.171432E+08   0.171428E+08   0.178314E+08   0.176856E+08   0.000000E+00   0.171431E+08   0.171431E+08   0.171497E+08  -0.520739E+00   0.115619E+08   0.115618E+08   0.159168E+03
   0.277316E-03   0.171405E+08   0.171401E+08   0.168758E+08   0.167058E+08   0.000000E+00   0.171404E+08   0.171404E+08   0.171467E+08  -0.520638E+00   0.115601E+08   0.115599E+08   0.173136E+03
   0.306218E-03   0.171372E+08   0.171367E+08   0.157765E+08   0.155805E+08   0.000000E+00   0.171371E+08   0.171371E+08   0.171429E+08  -0.520517E+00   0.115578E+08   0.115576E+08   0.187736E+03
   0.338132E-03   0.171332E+08   0.171326E+08   0.145288E+08   0.143056E+08   0.000000E+00   0.171331E+08   0.171331E+08   0.171385E+08  -0.520372E+00   0.115551E+08   0.115549E+08   0.202795E+03
   0.373371E-03   0.171284E+08   0.171277E+08   0.131358E+08   0.128856E+08   0.000000E+00   0.171283E+08   0.171283E+08   0.171332E+08  -0.520198E+00   0.115519E+08   0.115516E+08   0.218073E+03
   0.412284E-03   0.171227E+08   0.171219E+08   0.116125E+08   0.113375E+08   0.000000E+00   0.171225E+08   0.171225E+08   0.171268E+08  -0.519991E+00   0.115479E+08   0.115476E+08   0.233242E+03
   0.455251E-03   0.171158E+08   0.171148E+08   0.998937E+07   0.969455E+07   0.000000E+00   0.171156E+08   0.171156E+08   0.171193E+08  -0.519746E+00   0.115432E+08   0.115429E+08   0.247884E+03
   0.502697E-03   0.171075E+08   0.171063E+08   0.831556E+07   0.800932E+07   0.000000E+00   0.171073E+08   0.171073E+08   0.171104E+08  -0.519456E+00   0.115376E+08   0.115371E+08   0.261488E+03
   0.555088E-03   0.170976E+08   0.170963E+08   0.666014E+07   0.635465E+07   0.000000E+00   0.170974E+08   0.170974E+08   0.170998E+08  -0.519117E+00   0.115308E+08   0.115303E+08   0.273464E+03
   0.612938E-03   0.170859E+08   0.170843E+08   0.510877E+07   0.481973E+07   0.000000E+00   0.170856E+08   0.170856E+08   0.170875E+08  -0.518720E+00   0.115228E+08   0.115222E+08   0.283168E+03
   0.676818E-03   0.170720E+08   0.170701E+08   0.375378E+07   0.349904E+07   0.000000E+00   0.170717E+08   0.170717E+08   0.170730E+08  -0.518258E+00   0.115133E+08   0.115126E+08   0.289960E+03
   0.747355E-03   0.170556E+08   0.170535E+08   0.267594E+07   0.247267E+07   0.000000E+00   0.170552E+08   0.170552E+08   0.170562E+08  -0.517725E+00   0.115020E+08   0.115013E+08   0.293272E+03
   0.825244E-03   0.170363E+08   0.170339E+08   0.191936E+07   0.177977E+07   0.000000E+00   0.170359E+08   0.170359E+08   0.170366E+08  -0.517109E+00   0.114889E+08   0.114881E+08   0.292699E+03
   0.911250E-03   0.170138E+08   0.170111E+08   0.146715E+07   0.139361E+07   0.000000E+00   0.170134E+08   0.170134E+08   0.170139E+08  -0.516401E+00   0.114735E+08   0.114726E+08   0.288072E+03
   0.100622E-02   0.169876E+08   0.169847E+08   0.123249E+07   0.121426E+07   0.000000E+00   0.169872E+08   0.169872E+08   0.169876E+08  -0.515588E+00   0.114556E+08   0.114547E+08   0.279507E+03
   0.111109E-02   0.169573E+08   0.169541E+08   0.108319E+07   0.109750E+07   0.000000E+00   0.169568E+08   0.169568E+08   0.169572E+08  -0.514654E+00   0.114350E+08   0.114340E+08   0.267375E+03
   0.122688E-02   0.169223E+08   0.169188E+08   0.904756E+06   0.924421E+06   0.000000E+00   0.169218E+08   0.169218E+08   0.169221E+08  -0.513581E+00   0.114112E+08   0.114102E+08   0.252216E+03
   0.135475E-02   0.168820E+08   0.168783E+08   0.672237E+06   0.677632E+06   0.000000E+00   0.168814E+08   0.168814E+08   0.168817E+08  -0.512349E+00   0.113839E+08   0.113828E+08   0.234636E+03
   0.149594E-02   0.168357E+08   0.168319E+08   0.462607E+06   0.450371E+06   0.000000E+00   0.168351E+08   0.168351E+08   0.168353E+08  -0.510937E+00   0.113525E+08   0.113515E+08   0.215284E+03
   0.165184E-02   0.167828E+08   0.167789E+08   0.359559E+06   0.339787E+06   0.000000E+00   0.167822E+08   0.167822E+08   0.167823E+08  -0.509324E+00   0.113168E+08   0.113157E+08   0.194939E+03
   0.182399E-02   0.167224E+08   0.167185E+08   0.330288E+06   0.109359E+06   0.000000E+00   0.167218E+08   0.167218E+08   0.167219E+08  -0.507485E+00   0.112760E+08   0.112749E+08   0.174597E+03
   0.201409E-02   0.166537E+08   0.166498E+08   0.264188E+06   0.893346E+05   0.000000E+00   0.166531E+08   0.166531E+08   0.166532E+08  -0.505397E+00   0.112296E+08   0.112285E+08   0.155334E+03
   0.222400E-02   0.165758E+08   0.165719E+08   0.165642E+06   0.729342E+05   0.000000E+00   0.165752E+08   0.165752E+08   0.165752E+08  -0.503030E+00   0.111770E+08   0.111760E+08   0.137994E+03
   0.245578E-02   0.164876E+08   0.164837E+08   0.134875E+06   0.595047E+05   0.000000E+00   0.164870E+08   0.164870E+08   0.164871E+08  -0.500353E+00   0.111175E+08   0.111165E+08   0.123026E+03
   0.271172E-02   0.163883E+08   0.163842E+08   0.125348E+06   0.485121E+05   0.000000E+00   0.163877E+08   0.163877E+08   0.163877E+08  -0.497335E+00   0.110504E+08   0.110494E+08   0.110520E+03
   0.299433E-02   0.162766E+08   0.162724E+08   0.818911E+05   0.395185E+05   0.000000E+00   0.162759E+08   0.162759E+08   0.162760E+08  -0.493943E+00   0.109751E+08   0.109741E+08   0.100102E+03
   0.330639E-02   0.161514E+08   0.161470E+08   0.750027E+05   0.321633E+05   0.000000E+00   0.161508E+08   0.161508E+08   0.161508E+08  -0.490143E+00   0.108906E+08   0.108896E+08   0.909911E+02
   0.365098E-02   0.160117E+08   0.160070E+08   0.505823E+05   0.261514E+05   0.000000E+00   0.160109E+08   0.160109E+08   0.160110E+08  -0.485899E+00   0.107963E+08   0.107953E+08   0.824979E+02
   0.403148E-02   0.158561E+08   0.158511E+08   0.423843E+05   0.212403E+05   0.000000E+00   0.158553E+08   0.158553E+08   0.158553E+08  -0.481176E+00   0.106914E+08   0.106904E+08   0.743106E+02
   0.445164E-02   0.156835E+08   0.156782E+08   0.263442E+05   0.172309E+05   0.000000E+00   0.156827E+08   0.156827E+08   0.156827E+08  -0.475936E+00   0.105749E+08   0.105740E+08   0.666456E+02
   0.491559E-02   0.154926E+08   0.154869E+08   0.268949E+05   0.139601E+05   0.000000E+00   0.154917E+08   0.154917E+08   0.154917E+08  -0.470141E+00   0.104462E+08   0.104452E+08   0.598589E+02
   0.542788E-02   0.152822E+08   0.152760E+08   0.230008E+05   0.112940E+05   0.000000E+00   0.152813E+08   0.152813E+08   0.152813E+08  -0.463753E+00   0.103042E+08   0.103033E+08   0.539950E+02
   0.599357E-02   0.150511E+08   0.150443E+08   0.151684E+05   0.912267E+04   0.000000E+00   0.150500E+08   0.150500E+08   0.150500E+08  -0.456735E+00   0.101483E+08   0.101473E+08   0.487197E+02
   0.661821E-02   0.147979E+08   0.147904E+08   0.117059E+05   0.735609E+04   0.000000E+00   0.147968E+08   0.147968E+08   0.147968E+08  -0.449049E+00   0.997754E+07   0.997658E+07   0.438134E+02
   0.730796E-02   0.145216E+08   0.145132E+08   0.870950E+04   0.592037E+04   0.000000E+00   0.145203E+08   0.145203E+08   0.145203E+08  -0.440658E+00   0.979109E+07   0.979014E+07   0.394143E+02
   0.806958E-02   0.142207E+08   0.142114E+08   0.694853E+04   0.475494E+04   0.000000E+00   0.142193E+08   0.142193E+08   0.142193E+08  -0.431523E+00   0.958813E+07   0.958718E+07   0.355525E+02
   0.891059E-02   0.138942E+08   0.138836E+08   0.535353E+04   0.381015E+04   0.000000E+00   0.138926E+08   0.138926E+08   0.138926E+08  -0.421609E+00   0.936784E+07   0.936690E+07   0.320551E+02
   0.983924E-02   0.135409E+08   0.135288E+08   0.532901E+04   0.304534E+04   0.000000E+00   0.135390E+08   0.135390E+08   0.135390E+08  -0.410878E+00   0.912941E+07   0.912847E+07   0.289219E+02
   0.108647E-01   0.131594E+08   0.131457E+08   0.350159E+04   0.242721E+04   0.000000E+00   0.131573E+08   0.131573E+08   0.131573E+08  -0.399295E+00   0.887204E+07   0.887111E+07   0.261458E+02
   0.119970E-01   0.127489E+08   0.127332E+08   0.307579E+04   0.192849E+04   0.000000E+00   0.127464E+08   0.127464E+08   0.127464E+08  -0.386825E+00   0.859498E+07   0.859404E+07   0.236584E+02
   0.132473E-01   0.123081E+08   0.122901E+08   0.185922E+04   0.152690E+04   0.000000E+00   0.123053E+08   0.123053E+08   0.123053E+08  -0.373439E+00   0.829754E+07   0.829660E+07   0.214513E+02
   0.146279E-01   0.118363E+08   0.118157E+08   0.144370E+04   0.120422E+04   0.000000E+00   0.118332E+08   0.118332E+08   0.118332E+08  -0.359109E+00   0.797916E+07   0.797822E+07   0.194805E+02
   0.161524E-01   0.113331E+08   0.113096E+08   0.109164E+04   0.945584E+03   0.000000E+00   0.113295E+08   0.113295E+08   0.113295E+08  -0.343823E+00   0.763952E+07   0.763858E+07   0.177208E+02
   0.178358E-01   0.107984E+08   0.107716E+08   0.962583E+03   0.738873E+03   0.000000E+00   0.107943E+08   0.107943E+08   0.107943E+08  -0.327582E+00   0.727865E+07   0.727770E+07   0.161395E+02
   0.196946E-01   0.102332E+08   0.102029E+08   0.598648E+03   0.574215E+03   0.000000E+00   0.102286E+08   0.102286E+08   0.102286E+08  -0.310413E+00   0.689718E+07   0.689623E+07   0.147055E+02
   0.217472E-01   0.963971E+07   0.960570E+07   0.521815E+03   0.443579E+03   0.000000E+00   0.963446E+07   0.963446E+07   0.963446E+07  -0.292384E+00   0.649659E+07   0.649563E+07   0.133871E+02
   0.240136E-01   0.902179E+07   0.898410E+07   0.475462E+03   0.340438E+03   0.000000E+00   0.901598E+07   0.901598E+07   0.901598E+07  -0.273614E+00   0.607955E+07   0.607859E+07   0.121532E+02
   0.265163E-01   0.838576E+07   0.834462E+07   0.302209E+03   0.259490E+03   0.000000E+00   0.837941E+07   0.837941E+07   0.837941E+07  -0.254296E+00   0.565032E+07   0.564936E+07   0.109714E+02
   0.292798E-01   0.774074E+07   0.769671E+07   0.239505E+03   0.196422E+03   0.000000E+00   0.773395E+07   0.773395E+07   0.773395E+07  -0.234708E+00   0.521509E+07   0.521414E+07   0.981333E+01
   0.323313E-01   0.709900E+07   0.705303E+07   0.151380E+03   0.147718E+03   0.000000E+00   0.709191E+07   0.709191E+07   0.709191E+07  -0.215223E+00   0.478216E+07   0.478124E+07   0.865793E+01
   0.357009E-01   0.647570E+07   0.642917E+07   0.119107E+03   0.110499E+03   0.000000E+00   0.646852E+07   0.646852E+07   0.646852E+07  -0.196305E+00   0.436181E+07   0.436093E+07   0.749121E+01
   0.394216E-01   0.588775E+07   0.584246E+07   0.897274E+02   0.823895E+02   0.000000E+00   0.588076E+07   0.588076E+07   0.588076E+07  -0.178468E+00   0.396548E+07   0.396466E+07   0.631417E+01
   0.435300E-01   0.535137E+07   0.530936E+07   0.698448E+02   0.614141E+02   0.000000E+00   0.534489E+07   0.534489E+07   0.534489E+07  -0.162205E+00   0.360413E+07   0.360339E+07   0.514651E+01
   0.478830E-01   0.489365E+07   0.485667E+07   0.482987E+02   0.464171E+02   0.000000E+00   0.488794E+07   0.488794E+07   0.488794E+07  -0.148338E+00   0.329600E+07   0.329536E+07   0.407025E+01
   0.522360E-01   0.453247E+07   0.450132E+07   0.375940E+02   0.361295E+02   0.000000E+00   0.452766E+07   0.452766E+07   0.452766E+07  -0.137404E+00   0.305305E+07   0.305251E+07   0.317370E+01
   0.565890E-01   0.423803E+07   0.421265E+07   0.299569E+02   0.287899E+02   0.000000E+00   0.423412E+07   0.423412E+07   0.423412E+07  -0.128496E+00   0.285510E+07   0.285464E+07   0.246115E+01
   0.609421E-01   0.398923E+07   0.396888E+07   0.243178E+02   0.233705E+02   0.000000E+00   0.398609E+07   0.398609E+07   0.398609E+07  -0.120969E+00   0.268785E+07   0.268746E+07   0.192752E+01
   0.652951E-01   0.376622E+07   0.374968E+07   0.200019E+02   0.192227E+02   0.000000E+00   0.376366E+07   0.376366E+07   0.376366E+07  -0.114219E+00   0.253786E+07   0.253753E+07   0.155468E+01
   0.696481E-01   0.355511E+07   0.354096E+07   0.165956E+02   0.159491E+02   0.000000E+00   0.355293E+07   0.355293E+07   0.355293E+07  -0.107823E+00   0.239576E+07   0.239546E+07   0.131550E+01
   0.740011E-01   0.334766E+07   0.333452E+07   0.138429E+02   0.133036E+02   0.000000E+00   0.334563E+07   0.334563E+07   0.334563E+07  -0.101532E+00   0.225598E+07   0.225569E+07   0.117738E+01
   0.783541E-01   0.314144E+07   0.312817E+07   0.115862E+02   0.111348E+02   0.000000E+00   0.313939E+07   0.313939E+07   0.313939E+07  -0.952733E-01   0.211691E+07   0.211663E+07   0.110654E+01
   0.827071E-01   0.293860E+07   0.292448E+07   0.972617E+01   0.934728E+01   0.000000E+00   0.293642E+07   0.293642E+07   0.293642E+07  -0.891136E-01   0.198005E+07   0.197976E+07   0.107191E+01
   0.870601E-01   0.274384E+07   0.272858E+07   0.819491E+01   0.787568E+01   0.000000E+00   0.274148E+07   0.274148E+07   0.274148E+07  -0.831976E-01   0.184861E+07   0.184831E+07   0.104805E+01
   0.914131E-01   0.256223E+07   0.254596E+07   0.694003E+01   0.666968E+01   0.000000E+00   0.255972E+07   0.255972E+07   0.255972E+07  -0.776815E-01   0.172604E+07   0.172574E+07   0.101699E+01
   0.968283E-01   0.236142E+07   0.234453E+07   0.569986E+01   0.547781E+01   0.000000E+00   0.235881E+07   0.235881E+07   0.235881E+07  -0.715844E-01   0.159057E+07   0.159027E+07   0.953986E+00
   0.102244E+00   0.219400E+07   0.217748E+07   0.474933E+01   0.456431E+01   0.000000E+00   0.219145E+07   0.219145E+07   0.219145E+07  -0.665055E-01   0.147772E+07   0.147743E+07   0.861353E+00
   0.107659E+00   0.206087E+07   0.204565E+07   0.402376E+01   0.386701E+01   0.000000E+00   0.205852E+07   0.205852E+07   0.205852E+07  -0.624714E-01   0.138809E+07   0.138782E+07   0.747928E+00
   0.113074E+00   0.195644E+07   0.194317E+07   0.346315E+01   0.332824E+01   0.000000E+00   0.195439E+07   0.195439E+07   0.195439E+07  -0.593112E-01   0.131787E+07   0.131763E+07   0.628691E+00
   0.118489E+00   0.187107E+07   0.185996E+07   0.301670E+01   0.289918E+01   0.000000E+00   0.186935E+07   0.186935E+07   0.186935E+07  -0.567306E-01   0.126052E+07   0.126032E+07   0.519026E+00
   0.123905E+00   0.179498E+07   0.178579E+07   0.264699E+01   0.254388E+01   0.000000E+00   0.179356E+07   0.179356E+07   0.179356E+07  -0.544305E-01   0.120941E+07   0.120924E+07   0.430486E+00
   0.129320E+00   0.172049E+07   0.171267E+07   0.232936E+01   0.223862E+01   0.000000E+00   0.171929E+07   0.171929E+07   0.171929E+07  -0.521764E-01   0.115933E+07   0.115917E+07   0.368455E+00
   0.134735E+00   0.164288E+07   0.163574E+07   0.204914E+01   0.196932E+01   0.000000E+00   0.164178E+07   0.164178E+07   0.164178E+07  -0.498241E-01   0.110706E+07   0.110691E+07   0.331916E+00
   0.140150E+00   0.156092E+07   0.155384E+07   0.179930E+01   0.172921E+01   0.000000E+00   0.155983E+07   0.155983E+07   0.155983E+07  -0.473372E-01   0.105180E+07   0.105166E+07   0.314986E+00
   0.145566E+00   0.147664E+07   0.146919E+07   0.157771E+01   0.151625E+01   0.000000E+00   0.147549E+07   0.147549E+07   0.147549E+07  -0.447778E-01   0.994936E+06   0.994788E+06   0.309335E+00
   0.150981E+00   0.139379E+07   0.138582E+07   0.138410E+01   0.133018E+01   0.000000E+00   0.139256E+07   0.139256E+07   0.139256E+07  -0.422610E-01   0.939016E+06   0.938863E+06   0.306628E+00
   0.156396E+00   0.131638E+07   0.130800E+07   0.121812E+01   0.117067E+01   0.000000E+00   0.131509E+07   0.131509E+07   0.131509E+07  -0.399099E-01   0.886778E+06   0.886623E+06   0.300446E+00
   0.161811E+00   0.124784E+07   0.123934E+07   0.107862E+01   0.103660E+01   0.000000E+00   0.124653E+07   0.124653E+07   0.124653E+07  -0.378293E-01   0.840549E+06   0.840395E+06   0.287372E+00
   0.167227E+00   0.119013E+07   0.118185E+07   0.963159E+00   0.925638E+00   0.000000E+00   0.118885E+07   0.118885E+07   0.118885E+07  -0.360788E-01   0.801655E+06   0.801507E+06   0.267084E+00
   0.172642E+00   0.114291E+07   0.113520E+07   0.867869E+00   0.834060E+00   0.000000E+00   0.114172E+07   0.114172E+07   0.114172E+07  -0.346486E-01   0.769876E+06   0.769738E+06   0.241651E+00
   0.178057E+00   0.110384E+07   0.109688E+07   0.788058E+00   0.757358E+00   0.000000E+00   0.110277E+07   0.110277E+07   0.110277E+07  -0.334664E-01   0.743607E+06   0.743481E+06   0.214413E+00
   0.183472E+00   0.106972E+07   0.106356E+07   0.719356E+00   0.691334E+00   0.000000E+00   0.106877E+07   0.106877E+07   0.106877E+07  -0.324347E-01   0.720682E+06   0.720567E+06   0.188845E+00
   0.188888E+00   0.103757E+07   0.103211E+07   0.658366E+00   0.632719E+00   0.000000E+00   0.103673E+07   0.103673E+07   0.103673E+07  -0.314624E-01   0.699076E+06   0.698972E+06   0.167634E+00
   0.194303E+00   0.100504E+07   0.100007E+07   0.602704E+00   0.579226E+00   0.000000E+00   0.100427E+07   0.100427E+07   0.100427E+07  -0.304773E-01   0.677187E+06   0.677089E+06   0.152125E+00
   0.199718E+00   0.970677E+06   0.965960E+06   0.550968E+00   0.529505E+00   0.000000E+00   0.969949E+06   0.969949E+06   0.969949E+06  -0.294357E-01   0.654044E+06   0.653950E+06   0.142225E+00
   0.205133E+00   0.934347E+06   0.929666E+06   0.502700E+00   0.483118E+00   0.000000E+00   0.933624E+06   0.933624E+06   0.933624E+06  -0.283333E-01   0.629550E+06   0.629458E+06   0.136710E+00
   0.210549E+00   0.897068E+06   0.892284E+06   0.458108E+00   0.440262E+00   0.000000E+00   0.896329E+06   0.896329E+06   0.896329E+06  -0.272015E-01   0.604402E+06   0.604310E+06   0.133743E+00
   0.215964E+00   0.860421E+06   0.855489E+06   0.417603E+00   0.401335E+00   0.000000E+00   0.859660E+06   0.859660E+06   0.859660E+06  -0.260887E-01   0.579677E+06   0.579583E+06   0.131425E+00
   0.221379E+00   0.825941E+06   0.820903E+06   0.381470E+00   0.366610E+00   0.000000E+00   0.825163E+06   0.825163E+06   0.825163E+06  -0.250418E-01   0.556416E+06   0.556322E+06   0.128255E+00
   0.226794E+00   0.794768E+06   0.789728E+06   0.349737E+00   0.336113E+00   0.000000E+00   0.793991E+06   0.793991E+06   0.793991E+06  -0.240958E-01   0.535396E+06   0.535304E+06   0.123402E+00
   0.232210E+00   0.767449E+06   0.762533E+06   0.322144E+00   0.309594E+00   0.000000E+00   0.766690E+06   0.766690E+06   0.766690E+06  -0.232673E-01   0.516987E+06   0.516898E+06   0.116756E+00
   0.237625E+00   0.743832E+06   0.739153E+06   0.298169E+00   0.286553E+00   0.000000E+00   0.743110E+06   0.743110E+06   0.743110E+06  -0.225517E-01   0.501087E+06   0.501001E+06   0.108795E+00
   0.243040E+00   0.723200E+06   0.718827E+06   0.277136E+00   0.266340E+00   0.000000E+00   0.722525E+06   0.722525E+06   0.722525E+06  -0.219270E-01   0.487205E+06   0.487125E+06   0.100342E+00
   0.248455E+00   0.704520E+06   0.700468E+06   0.258352E+00   0.248287E+00   0.000000E+00   0.703894E+06   0.703894E+06   0.703894E+06  -0.213616E-01   0.474642E+06   0.474567E+06   0.922767E-01
   0.253871E+00   0.686692E+06   0.682926E+06   0.241198E+00   0.231802E+00   0.000000E+00   0.686111E+06   0.686111E+06   0.686111E+06  -0.208219E-01   0.462650E+06   0.462579E+06   0.852985E-01
   0.259286E+00   0.668788E+06   0.665237E+06   0.225207E+00   0.216434E+00   0.000000E+00   0.668240E+06   0.668240E+06   0.668240E+06  -0.202796E-01   0.450600E+06   0.450532E+06   0.797823E-01
   0.264701E+00   0.650304E+06   0.646883E+06   0.210116E+00   0.201931E+00   0.000000E+00   0.649777E+06   0.649777E+06   0.649777E+06  -0.197192E-01   0.438150E+06   0.438083E+06   0.757492E-01
   0.270116E+00   0.631257E+06   0.627890E+06   0.195863E+00   0.188233E+00   0.000000E+00   0.630737E+06   0.630737E+06   0.630737E+06  -0.191414E-01   0.425311E+06   0.425246E+06   0.729270E-01
   0.275532E+00   0.612025E+06   0.608660E+06   0.182499E+00   0.175390E+00   0.000000E+00   0.611506E+06   0.611506E+06   0.611506E+06  -0.185578E-01   0.412344E+06   0.412279E+06   0.708653E-01
   0.280947E+00   0.593115E+06   0.589734E+06   0.170102E+00   0.163475E+00   0.000000E+00   0.592593E+06   0.592593E+06   0.592593E+06  -0.179838E-01   0.399591E+06   0.399527E+06   0.690720E-01
   0.286362E+00   0.575028E+06   0.571641E+06   0.158730E+00   0.152547E+00   0.000000E+00   0.574505E+06   0.574505E+06   0.574505E+06  -0.174349E-01   0.387394E+06   0.387331E+06   0.671390E-01
   0.291777E+00   0.558196E+06   0.554836E+06   0.148414E+00   0.142633E+00   0.000000E+00   0.557677E+06   0.557677E+06   0.557677E+06  -0.169242E-01   0.376047E+06   0.375985E+06   0.648237E-01
   0.297192E+00   0.542873E+06   0.539584E+06   0.139127E+00   0.133707E+00   0.000000E+00   0.542366E+06   0.542366E+06   0.542366E+06  -0.164595E-01   0.365722E+06   0.365662E+06   0.620708E-01
   0.302608E+00   0.529035E+06   0.525854E+06   0.130773E+00   0.125678E+00   0.000000E+00   0.528544E+06   0.528544E+06   0.528544E+06  -0.160401E-01   0.356402E+06   0.356343E+06   0.589823E-01
   0.308023E+00   0.516411E+06   0.513365E+06   0.123206E+00   0.118406E+00   0.000000E+00   0.515941E+06   0.515941E+06   0.515941E+06  -0.156576E-01   0.347904E+06   0.347847E+06   0.557594E-01
   0.313438E+00   0.504631E+06   0.501725E+06   0.116274E+00   0.111745E+00   0.000000E+00   0.504183E+06   0.504183E+06   0.504183E+06  -0.153008E-01   0.339975E+06   0.339920E+06   0.526336E-01
   0.318853E+00   0.493331E+06   0.490556E+06   0.109845E+00   0.105566E+00   0.000000E+00   0.492903E+06   0.492903E+06   0.492903E+06  -0.149585E-01   0.332369E+06   0.332316E+06   0.498025E-01
   0.324269E+00   0.482205E+06   0.479538E+06   0.103813E+00   0.997694E-01   0.000000E+00   0.481794E+06   0.481794E+06   0.481794E+06  -0.146213E-01   0.324878E+06   0.324827E+06   0.473843E-01
   0.329684E+00   0.471048E+06   0.468458E+06   0.981078E-01   0.942860E-01   0.000000E+00   0.470648E+06   0.470648E+06   0.470648E+06  -0.142831E-01   0.317362E+06   0.317313E+06   0.454018E-01
   0.335099E+00   0.459805E+06   0.457265E+06   0.926955E-01   0.890846E-01   0.000000E+00   0.459413E+06   0.459413E+06   0.459413E+06  -0.139421E-01   0.309786E+06   0.309738E+06   0.437952E-01
   0.340514E+00   0.448576E+06   0.446067E+06   0.875773E-01   0.841657E-01   0.000000E+00   0.448189E+06   0.448189E+06   0.448189E+06  -0.136015E-01   0.302218E+06   0.302170E+06   0.424512E-01
   0.345930E+00   0.437545E+06   0.435056E+06   0.827686E-01   0.795443E-01   0.000000E+00   0.437161E+06   0.437161E+06   0.437161E+06  -0.132668E-01   0.294781E+06   0.294734E+06   0.412378E-01
   0.351345E+00   0.426894E+06   0.424428E+06   0.782824E-01   0.752329E-01   0.000000E+00   0.426514E+06   0.426514E+06   0.426514E+06  -0.129437E-01   0.287602E+06   0.287556E+06   0.400374E-01
   0.356760E+00   0.416769E+06   0.414333E+06   0.741222E-01   0.712347E-01   0.000000E+00   0.416393E+06   0.416393E+06   0.416393E+06  -0.126366E-01   0.280778E+06   0.280732E+06   0.387713E-01
   0.362175E+00   0.407253E+06   0.404862E+06   0.702797E-01   0.675420E-01   0.000000E+00   0.406884E+06   0.406884E+06   0.406884E+06  -0.123480E-01   0.274366E+06   0.274321E+06   0.374110E-01
   0.367591E+00   0.398356E+06   0.396022E+06   0.667340E-01   0.641343E-01   0.000000E+00   0.397996E+06   0.397996E+06   0.397996E+06  -0.120782E-01   0.268372E+06   0.268328E+06   0.359734E-01
   0.373006E+00   0.390005E+06   0.387737E+06   0.634523E-01   0.609805E-01   0.000000E+00   0.389655E+06   0.389655E+06   0.389655E+06  -0.118251E-01   0.262748E+06   0.262706E+06   0.345065E-01
   0.378421E+00   0.382078E+06   0.379880E+06   0.603970E-01   0.580442E-01   0.000000E+00   0.381739E+06   0.381739E+06   0.381739E+06  -0.115849E-01   0.257410E+06   0.257369E+06   0.330712E-01
   0.383836E+00   0.374447E+06   0.372316E+06   0.575330E-01   0.552917E-01   0.000000E+00   0.374118E+06   0.374118E+06   0.374118E+06  -0.113536E-01   0.252271E+06   0.252231E+06   0.317240E-01
   0.389252E+00   0.367002E+06   0.364931E+06   0.548315E-01   0.526956E-01   0.000000E+00   0.366683E+06   0.366683E+06   0.366683E+06  -0.111280E-01   0.247257E+06   0.247218E+06   0.305032E-01
   0.394667E+00   0.359664E+06   0.357643E+06   0.522709E-01   0.502347E-01   0.000000E+00   0.359352E+06   0.359352E+06   0.359352E+06  -0.109055E-01   0.242314E+06   0.242276E+06   0.294220E-01
   0.400082E+00   0.352392E+06   0.350410E+06   0.498370E-01   0.478956E-01   0.000000E+00   0.352086E+06   0.352086E+06   0.352086E+06  -0.106850E-01   0.237415E+06   0.237377E+06   0.284691E-01
   0.405497E+00   0.345199E+06   0.343248E+06   0.475242E-01   0.456729E-01   0.000000E+00   0.344898E+06   0.344898E+06   0.344898E+06  -0.104669E-01   0.232568E+06   0.232531E+06   0.276162E-01
   0.410913E+00   0.338141E+06   0.336217E+06   0.453333E-01   0.435673E-01   0.000000E+00   0.337844E+06   0.337844E+06   0.337844E+06  -0.102528E-01   0.227811E+06   0.227775E+06   0.268277E-01
   0.416328E+00   0.331283E+06   0.329385E+06   0.432657E-01   0.415802E-01   0.000000E+00   0.330990E+06   0.330990E+06   0.330990E+06  -0.100448E-01   0.223190E+06   0.223154E+06   0.260689E-01
   0.421743E+00   0.324670E+06   0.322799E+06   0.413199E-01   0.397102E-01   0.000000E+00   0.324381E+06   0.324381E+06   0.324381E+06  -0.984423E-02   0.218733E+06   0.218698E+06   0.253136E-01
   0.427158E+00   0.318325E+06   0.316486E+06   0.394916E-01   0.379532E-01   0.000000E+00   0.318042E+06   0.318042E+06   0.318042E+06  -0.965183E-02   0.214458E+06   0.214424E+06   0.245484E-01
   0.432574E+00   0.312261E+06   0.310456E+06   0.377754E-01   0.363038E-01   0.000000E+00   0.311982E+06   0.311982E+06   0.311982E+06  -0.946795E-02   0.210373E+06   0.210339E+06   0.237732E-01
   0.437989E+00   0.306469E+06   0.304702E+06   0.361637E-01   0.347550E-01   0.000000E+00   0.306197E+06   0.306197E+06   0.306197E+06  -0.929236E-02   0.206471E+06   0.206438E+06   0.229986E-01
   0.443404E+00   0.300912E+06   0.299185E+06   0.346461E-01   0.332965E-01   0.000000E+00   0.300646E+06   0.300646E+06   0.300646E+06  -0.912390E-02   0.202728E+06   0.202696E+06   0.222400E-01
   0.448819E+00   0.295535E+06   0.293847E+06   0.332111E-01   0.319173E-01   0.000000E+00   0.295275E+06   0.295275E+06   0.295275E+06  -0.896090E-02   0.199106E+06   0.199074E+06   0.215126E-01
   0.454235E+00   0.290295E+06   0.288643E+06   0.318492E-01   0.306085E-01   0.000000E+00   0.290040E+06   0.290040E+06   0.290040E+06  -0.880206E-02   0.195577E+06   0.195546E+06   0.208285E-01
   0.459650E+00   0.285170E+06   0.283551E+06   0.305541E-01   0.293638E-01   0.000000E+00   0.284920E+06   0.284920E+06   0.284920E+06  -0.864667E-02   0.192124E+06   0.192094E+06   0.201938E-01
   0.465065E+00   0.280144E+06   0.278554E+06   0.293206E-01   0.281784E-01   0.000000E+00   0.279899E+06   0.279899E+06   0.279899E+06  -0.849428E-02   0.188738E+06   0.188708E+06   0.196076E-01
   0.470480E+00   0.275205E+06   0.273641E+06   0.281445E-01   0.270481E-01   0.000000E+00   0.274964E+06   0.274964E+06   0.274964E+06  -0.834452E-02   0.185411E+06   0.185381E+06   0.190629E-01
   0.475896E+00   0.270358E+06   0.268818E+06   0.270230E-01   0.259703E-01   0.000000E+00   0.270120E+06   0.270120E+06   0.270120E+06  -0.819753E-02   0.182145E+06   0.182115E+06   0.185499E-01
   0.481311E+00   0.265625E+06   0.264108E+06   0.259558E-01   0.249447E-01   0.000000E+00   0.265391E+06   0.265391E+06   0.265391E+06  -0.805400E-02   0.178955E+06   0.178927E+06   0.180586E-01
   0.486726E+00   0.261029E+06   0.259534E+06   0.249422E-01   0.239706E-01   0.000000E+00   0.260798E+06   0.260798E+06   0.260798E+06  -0.791462E-02   0.175858E+06   0.175830E+06   0.175803E-01
   0.492141E+00   0.256577E+06   0.255105E+06   0.239802E-01   0.230460E-01   0.000000E+00   0.256350E+06   0.256350E+06   0.256350E+06  -0.777963E-02   0.172859E+06   0.172831E+06   0.171097E-01
   0.497557E+00   0.252267E+06   0.250819E+06   0.230669E-01   0.221684E-01   0.000000E+00   0.252044E+06   0.252044E+06   0.252044E+06  -0.764894E-02   0.169955E+06   0.169928E+06   0.166444E-01
   0.502972E+00   0.248096E+06   0.246673E+06   0.221997E-01   0.213349E-01   0.000000E+00   0.247877E+06   0.247877E+06   0.247877E+06  -0.752248E-02   0.167145E+06   0.167119E+06   0.161861E-01
   0.508387E+00   0.244059E+06   0.242661E+06   0.213758E-01   0.205431E-01   0.000000E+00   0.243844E+06   0.243844E+06   0.243844E+06  -0.740009E-02   0.164426E+06   0.164400E+06   0.157381E-01
   0.513802E+00   0.240142E+06   0.238769E+06   0.205917E-01   0.197896E-01   0.000000E+00   0.239930E+06   0.239930E+06   0.239930E+06  -0.728133E-02   0.161787E+06   0.161761E+06   0.153046E-01
   0.519218E+00   0.236324E+06   0.234975E+06   0.198439E-01   0.190709E-01   0.000000E+00   0.236116E+06   0.236116E+06   0.236116E+06  -0.716558E-02   0.159215E+06   0.159190E+06   0.148890E-01
   0.524633E+00   0.232591E+06   0.231265E+06   0.191293E-01   0.183841E-01   0.000000E+00   0.232386E+06   0.232386E+06   0.232386E+06  -0.705238E-02   0.156700E+06   0.156675E+06   0.144933E-01
   0.530048E+00   0.228936E+06   0.227632E+06   0.184460E-01   0.177274E-01   0.000000E+00   0.228735E+06   0.228735E+06   0.228735E+06  -0.694158E-02   0.154238E+06   0.154213E+06   0.141179E-01
   0.535463E+00   0.225359E+06   0.224075E+06   0.177923E-01   0.170992E-01   0.000000E+00   0.225161E+06   0.225161E+06   0.225161E+06  -0.683311E-02   0.151828E+06   0.151804E+06   0.137615E-01
   0.540879E+00   0.221855E+06   0.220590E+06   0.171667E-01   0.164980E-01   0.000000E+00   0.221660E+06   0.221660E+06   0.221660E+06  -0.672687E-02   0.149467E+06   0.149443E+06   0.134214E-01
   0.546294E+00   0.218425E+06   0.217178E+06   0.165679E-01   0.159225E-01   0.000000E+00   0.218233E+06   0.218233E+06   0.218233E+06  -0.662286E-02   0.147156E+06   0.147133E+06   0.130946E-01
   0.551709E+00   0.215075E+06   0.213846E+06   0.159951E-01   0.153720E-01   0.000000E+00   0.214885E+06   0.214885E+06   0.214885E+06  -0.652127E-02   0.144899E+06   0.144876E+06   0.127782E-01
   0.557124E+00   0.211811E+06   0.210599E+06   0.154476E-01   0.148458E-01   0.000000E+00   0.211624E+06   0.211624E+06   0.211624E+06  -0.642230E-02   0.142700E+06   0.142677E+06   0.124701E-01
   0.562540E+00   0.208633E+06   0.207440E+06   0.149243E-01   0.143429E-01   0.000000E+00   0.208449E+06   0.208449E+06   0.208449E+06  -0.632595E-02   0.140559E+06   0.140537E+06   0.121693E-01
   0.567955E+00   0.205538E+06   0.204362E+06   0.144238E-01   0.138619E-01   0.000000E+00   0.205356E+06   0.205356E+06   0.205356E+06  -0.623209E-02   0.138474E+06   0.138451E+06   0.118752E-01
   0.573370E+00   0.202520E+06   0.201362E+06   0.139449E-01   0.134016E-01   0.000000E+00   0.202341E+06   0.202341E+06   0.202341E+06  -0.614059E-02   0.136441E+06   0.136419E+06   0.115884E-01
   0.578785E+00   0.199579E+06   0.198438E+06   0.134864E-01   0.129610E-01   0.000000E+00   0.199403E+06   0.199403E+06   0.199403E+06  -0.605142E-02   0.134459E+06   0.134438E+06   0.113098E-01
   0.630078E+00   0.174698E+06   0.173700E+06   0.996130E-02   0.957326E-02   0.000000E+00   0.174544E+06   0.174544E+06   0.174544E+06  -0.529701E-02   0.117697E+06   0.117678E+06   0.910710E-02
   0.769579E+00   0.127179E+06   0.126453E+06   0.486100E-02   0.467164E-02   0.000000E+00   0.127067E+06   0.127067E+06   0.127067E+06  -0.385618E-02   0.856823E+05   0.856684E+05   0.545107E-02
   0.939966E+00   0.921234E+05   0.915975E+05   0.236027E-02   0.226833E-02   0.000000E+00   0.920422E+05   0.920422E+05   0.920422E+05  -0.279327E-02   0.620649E+05   0.620548E+05   0.325591E-02
   0.114808E+01   0.664306E+05   0.660514E+05   0.114089E-02   0.109644E-02   0.000000E+00   0.663721E+05   0.663721E+05   0.663721E+05  -0.201424E-02   0.447553E+05   0.447480E+05   0.194317E-02
   0.140226E+01   0.477081E+05   0.474357E+05   0.549221E-03   0.527826E-03   0.000000E+00   0.476661E+05   0.476661E+05   0.476661E+05  -0.144656E-02   0.321417E+05   0.321363E+05   0.116110E-02
   0.171273E+01   0.341343E+05   0.339393E+05   0.263407E-03   0.253146E-03   0.000000E+00   0.341042E+05   0.341042E+05   0.341042E+05  -0.103498E-02   0.229968E+05   0.229929E+05   0.696465E-03
   0.209193E+01   0.243392E+05   0.242000E+05   0.125899E-03   0.120995E-03   0.000000E+00   0.243177E+05   0.243177E+05   0.243177E+05  -0.737987E-03   0.163977E+05   0.163948E+05   0.420839E-03
   0.255509E+01   0.173007E+05   0.172016E+05   0.599871E-04   0.576503E-04   0.000000E+00   0.172854E+05   0.172854E+05   0.172854E+05  -0.524573E-03   0.116557E+05   0.116536E+05   0.257311E-03
   0.312080E+01   0.122625E+05   0.121921E+05   0.285003E-04   0.273901E-04   0.000000E+00   0.122516E+05   0.122516E+05   0.122516E+05  -0.371809E-03   0.826141E+04   0.825976E+04   0.160061E-03
   0.381175E+01   0.866861E+04   0.861868E+04   0.135050E-04   0.129789E-04   0.000000E+00   0.866091E+04   0.866091E+04   0.866091E+04  -0.262839E-03   0.584015E+04   0.583887E+04   0.101921E-03
   0.465568E+01   0.611317E+04   0.607779E+04   0.638384E-05   0.613516E-05   0.000000E+00   0.610771E+04   0.610771E+04   0.610771E+04  -0.185355E-03   0.411851E+04   0.411748E+04   0.668439E-04
   0.568646E+01   0.430140E+04   0.427631E+04   0.301085E-05   0.289357E-05   0.000000E+00   0.429753E+04   0.429753E+04   0.429753E+04  -0.130420E-03   0.289789E+04   0.289704E+04   0.453815E-04
   0.694546E+01   0.302032E+04   0.300250E+04   0.141706E-05   0.136186E-05   0.000000E+00   0.301757E+04   0.301757E+04   0.301757E+04  -0.915763E-04   0.203480E+04   0.203407E+04   0.319849E-04
   0.848320E+01   0.211671E+04   0.210401E+04   0.665636E-06   0.639707E-06   0.000000E+00   0.211475E+04   0.211475E+04   0.211475E+04  -0.641777E-04   0.142602E+04   0.142537E+04   0.233987E-04
   0.103614E+02   0.148078E+04   0.147168E+04   0.312097E-06   0.299940E-06   0.000000E+00   0.147938E+04   0.147938E+04   0.147938E+04  -0.448958E-04   0.997589E+03   0.996984E+03   0.177130E-04
   0.126554E+02   0.103418E+04   0.102760E+04   0.146079E-06   0.140389E-06   0.000000E+00   0.103317E+04   0.103317E+04   0.103317E+04  -0.313543E-04   0.696707E+03   0.696130E+03   0.138051E-04
   0.154574E+02   0.721150E+03   0.716320E+03   0.682598E-07   0.656011E-07   0.000000E+00   0.720405E+03   0.720405E+03   0.720405E+03  -0.218626E-04   0.485808E+03   0.485247E+03   0.110116E-04
   0.188797E+02   0.502127E+03   0.498517E+03   0.318445E-07   0.306043E-07   0.000000E+00   0.501570E+03   0.501570E+03   0.501570E+03  -0.152215E-04   0.338248E+03   0.337691E+03   0.893776E-05
   0.230597E+02   0.349139E+03   0.346372E+03   0.148321E-07   0.142545E-07   0.000000E+00   0.348712E+03   0.348712E+03   0.348712E+03  -0.105826E-04   0.235175E+03   0.234616E+03   0.734530E-05
   0.281652E+02   0.242440E+03   0.240254E+03   0.689679E-08   0.662826E-08   0.000000E+00   0.242102E+03   0.242102E+03   0.242102E+03  -0.734725E-05   0.163289E+03   0.162723E+03   0.608770E-05
   0.344011E+02   0.168132E+03   0.166342E+03   0.320120E-08   0.307659E-08   0.000000E+00   0.167856E+03   0.167856E+03   0.167856E+03  -0.509403E-05   0.113225E+03   0.112649E+03   0.507246E-05
   0.420176E+02   0.116452E+03   0.114930E+03   0.148287E-08   0.142517E-08   0.000000E+00   0.116217E+03   0.116217E+03   0.116217E+03  -0.352691E-05   0.784052E+02   0.778176E+02   0.423917E-05
   0.513204E+02   0.805533E+02   0.792103E+02   0.685251E-09   0.658600E-09   0.000000E+00   0.803460E+02   0.803460E+02   0.803460E+02  -0.243832E-05   0.542185E+02   0.536180E+02   0.354678E-05
   0.626829E+02   0.556469E+02   0.544215E+02   0.315716E-09   0.303447E-09   0.000000E+00   0.554578E+02   0.554578E+02   0.554578E+02  -0.168302E-05   0.374372E+02   0.368239E+02   0.296618E-05
   0.765610E+02   0.383857E+02   0.372363E+02   0.144892E-09   0.139268E-09   0.000000E+00   0.382083E+02   0.382083E+02   0.382083E+02  -0.115953E-05   0.258067E+02   0.251814E+02   0.247575E-05
   0.935118E+02   0.264351E+02   0.253347E+02   0.661433E-10   0.635805E-10   0.000000E+00   0.262653E+02   0.262653E+02   0.262653E+02  -0.797091E-06   0.177543E+02   0.171191E+02   0.205885E-05
   0.114216E+03   0.181694E+02   0.171017E+02   0.299730E-10   0.288146E-10   0.000000E+00   0.180046E+02   0.180046E+02   0.180046E+02  -0.546398E-06   0.121846E+02   0.115432E+02   0.170224E-05
