#          k/h    CDM            baryon         photon         nu             mass_nu        total          no_nu          total_de       Weyl           v_CDM          v_b            v_b-v_c     
   0.105234E-04   0.286509E+07   0.286509E+07   0.381987E+07   0.381986E+07   0.000000E+00   0.286509E+07   0.286509E+07   0.287485E+07  -0.600226E+00   0.285757E+07   0.285757E+07   0.725655E+01
   0.116201E-04   0.286509E+07   0.286509E+07   0.381981E+07   0.381980E+07   0.000000E+00   0.286509E+07   0.286509E+07   0.287485E+07  -0.600226E+00   0.285757E+07   0.285757E+07   0.801274E+01
   0.128311E-04   0.286509E+07   0.286509E+07   0.381974E+07   0.381973E+07   0.000000E+00   0.286509E+07   0.286509E+07   0.287485E+07  -0.600226E+00   0.285757E+07   0.285757E+07   0.884773E+01
   0.141684E-04   0.286509E+07   0.286509E+07   0.381966E+07   0.381965E+07   0.000000E+00   0.286509E+07   0.286509E+07   0.287485E+07  -0.600225E+00   0.285757E+07   0.285757E+07   0.976970E+01
   0.156450E-04   0.286509E+07   0.286509E+07   0.381955E+07   0.381954E+07   0.000000E+00   0.286509E+07   0.286509E+07   0.287484E+07  -0.600225E+00   0.285757E+07   0.285757E+07   0.107877E+02
   0.172755E-04   0.286509E+07   0.286509E+07   0.381943E+07   0.381942E+07   0.000000E+00   0.286509E+07   0.286509E+07   0.287484E+07  -0.600225E+00   0.285757E+07   0.285756E+07   0.119118E+02
   0.190759E-04   0.286509E+07   0.286509E+07   0.381928E+07   0.381926E+07   0.000000E+00   0.286509E+07   0.286509E+07   0.287484E+07  -0.600224E+00   0.285756E+07   0.285756E+07   0.131529E+02
   0.210640E-04   0.286508E+07   0.286508E+07   0.381909E+07   0.381907E+07   0.000000E+00   0.286508E+07   0.286508E+07   0.287484E+07  -0.600224E+00   0.285756E+07   0.285756E+07   0.145232E+02
   0.232593E-04   0.286508E+07   0.286508E+07   0.381886E+07   0.381884E+07   0.000000E+00   0.286508E+07   0.286508E+07   0.287484E+07  -0.600223E+00   0.285756E+07   0.285756E+07   0.160363E+02
   0.256833E-04   0.286508E+07   0.286508E+07   0.381859E+07   0.381856E+07   0.000000E+00   0.286508E+07   0.286508E+07   0.287483E+07  -0.600223E+00   0.285756E+07   0.285756E+07   0.177068E+02
   0.283600E-04   0.286508E+07   0.286508E+07   0.381825E+07   0.381821E+07   0.000000E+00   0.286508E+07   0.286508E+07   0.287483E+07  -0.600222E+00   0.285756E+07   0.285755E+07   0.195511E+02
   0.313157E-04   0.286507E+07   0.286507E+07   0.381784E+07   0.381779E+07   0.000000E+00   0.286507E+07   0.286507E+07   0.287482E+07  -0.600221E+00   0.285755E+07   0.285755E+07   0.215874E+02
   0.345794E-04   0.286507E+07   0.286507E+07   0.381734E+07   0.381728E+07   0.000000E+00   0.286507E+07   0.286507E+07   0.287482E+07  -0.600219E+00   0.285755E+07   0.285755E+07   0.238353E+02
   0.381832E-04   0.286506E+07   0.286506E+07   0.381673E+07   0.381666E+07   0.000000E+00   0.286506E+07   0.286506E+07   0.287481E+07  -0.600218E+00   0.285754E+07   0.285754E+07   0.263169E+02
   0.421626E-04   0.286506E+07   0.286506E+07   0.381598E+07   0.381590E+07   0.000000E+00   0.286506E+07   0.286506E+07   0.287480E+07  -0.600216E+00   0.285753E+07   0.285753E+07   0.290562E+02
   0.465567E-04   0.286505E+07   0.286505E+07   0.381507E+07   0.381497E+07   0.000000E+00   0.286505E+07   0.286505E+07   0.287479E+07  -0.600214E+00   0.285753E+07   0.285752E+07   0.320799E+02
   0.514088E-04   0.286504E+07   0.286504E+07   0.381397E+07   0.381384E+07   0.000000E+00   0.286504E+07   0.286504E+07   0.287478E+07  -0.600211E+00   0.285752E+07   0.285751E+07   0.354171E+02
   0.567666E-04   0.286503E+07   0.286502E+07   0.381262E+07   0.381247E+07   0.000000E+00   0.286503E+07   0.286503E+07   0.287476E+07  -0.600207E+00   0.285750E+07   0.285750E+07   0.391001E+02
   0.626827E-04   0.286501E+07   0.286501E+07   0.381097E+07   0.381079E+07   0.000000E+00   0.286501E+07   0.286501E+07   0.287474E+07  -0.600203E+00   0.285749E+07   0.285749E+07   0.431639E+02
   0.692154E-04   0.286499E+07   0.286499E+07   0.380897E+07   0.380875E+07   0.000000E+00   0.286499E+07   0.286499E+07   0.287472E+07  -0.600198E+00   0.285747E+07   0.285747E+07   0.476475E+02
   0.764290E-04   0.286497E+07   0.286497E+07   0.380653E+07   0.380625E+07   0.000000E+00   0.286497E+07   0.286497E+07   0.287469E+07  -0.600191E+00   0.285745E+07   0.285744E+07   0.525933E+02
   0.843944E-04   0.286494E+07   0.286494E+07   0.380355E+07   0.380322E+07   0.000000E+00   0.286494E+07   0.286494E+07   0.287466E+07  -0.600184E+00   0.285742E+07   0.285742E+07   0.580475E+02
   0.931898E-04   0.286491E+07   0.286491E+07   0.379993E+07   0.379952E+07   0.000000E+00   0.286491E+07   0.286491E+07   0.287462E+07  -0.600174E+00   0.285739E+07   0.285738E+07   0.640608E+02
   0.102902E-03   0.286487E+07   0.286487E+07   0.379551E+07   0.379502E+07   0.000000E+00   0.286487E+07   0.286487E+07   0.287456E+07  -0.600163E+00   0.285735E+07   0.285734E+07   0.706883E+02
   0.113626E-03   0.286482E+07   0.286482E+07   0.379013E+07   0.378953E+07   0.000000E+00   0.286482E+07   0.286482E+07   0.287450E+07  -0.600149E+00   0.285730E+07   0.285729E+07   0.779896E+02
   0.125468E-03   0.286476E+07   0.286476E+07   0.378359E+07   0.378285E+07   0.000000E+00   0.286476E+07   0.286476E+07   0.287442E+07  -0.600132E+00   0.285725E+07   0.285723E+07   0.860292E+02
   0.138544E-03   0.286469E+07   0.286468E+07   0.377562E+07   0.377473E+07   0.000000E+00   0.286469E+07   0.286469E+07   0.287433E+07  -0.600111E+00   0.285717E+07   0.285715E+07   0.948761E+02
   0.152983E-03   0.286460E+07   0.286459E+07   0.376592E+07   0.376484E+07   0.000000E+00   0.286460E+07   0.286460E+07   0.287422E+07  -0.600086E+00   0.285709E+07   0.285706E+07   0.104604E+03
   0.168927E-03   0.286449E+07   0.286448E+07   0.375413E+07   0.375281E+07   0.000000E+00   0.286449E+07   0.286449E+07   0.287408E+07  -0.600056E+00   0.285698E+07   0.285695E+07   0.115291E+03
   0.186533E-03   0.286436E+07   0.286435E+07   0.373980E+07   0.373820E+07   0.000000E+00   0.286436E+07   0.286436E+07   0.287391E+07  -0.600018E+00   0.285685E+07   0.285681E+07   0.127018E+03
   0.205973E-03   0.286420E+07   0.286418E+07   0.372240E+07   0.372046E+07   0.000000E+00   0.286420E+07   0.286420E+07   0.287370E+07  -0.599973E+00   0.285669E+07   0.285664E+07   0.139868E+03
   0.227439E-03   0.286400E+07   0.286399E+07   0.370128E+07   0.369893E+07   0.000000E+00   0.286400E+07   0.286400E+07   0.287345E+07  -0.599917E+00   0.285650E+07   0.285644E+07   0.153924E+03
   0.251143E-03   0.286376E+07   0.286374E+07   0.367569E+07   0.367284E+07   0.000000E+00   0.286376E+07   0.286376E+07   0.287315E+07  -0.599850E+00   0.285627E+07   0.285619E+07   0.169268E+03
   0.277316E-03   0.286348E+07   0.286345E+07   0.364471E+07   0.364125E+07   0.000000E+00   0.286347E+07   0.286347E+07   0.287278E+07  -0.599768E+00   0.285598E+07   0.285589E+07   0.185974E+03
   0.306218E-03   0.286312E+07   0.286309E+07   0.360726E+07   0.360309E+07   0.000000E+00   0.286312E+07   0.286312E+07   0.287233E+07  -0.599669E+00   0.285564E+07   0.285553E+07   0.204104E+03
   0.338132E-03   0.286269E+07   0.286265E+07   0.356209E+07   0.355707E+07   0.000000E+00   0.286269E+07   0.286269E+07   0.287178E+07  -0.599548E+00   0.285522E+07   0.285508E+07   0.223702E+03
   0.373371E-03   0.286217E+07   0.286212E+07   0.350774E+07   0.350170E+07   0.000000E+00   0.286216E+07   0.286216E+07   0.287112E+07  -0.599401E+00   0.285470E+07   0.285454E+07   0.244783E+03
   0.412284E-03   0.286153E+07   0.286148E+07   0.344251E+07   0.343529E+07   0.000000E+00   0.286153E+07   0.286153E+07   0.287031E+07  -0.599223E+00   0.285408E+07   0.285388E+07   0.267317E+03
   0.455251E-03   0.286076E+07   0.286069E+07   0.336454E+07   0.335592E+07   0.000000E+00   0.286075E+07   0.286075E+07   0.286934E+07  -0.599007E+00   0.285332E+07   0.285308E+07   0.291220E+03
   0.502697E-03   0.285983E+07   0.285974E+07   0.327171E+07   0.326149E+07   0.000000E+00   0.285981E+07   0.285981E+07   0.286816E+07  -0.598746E+00   0.285240E+07   0.285211E+07   0.316326E+03
   0.555088E-03   0.285869E+07   0.285859E+07   0.316181E+07   0.314975E+07   0.000000E+00   0.285867E+07   0.285867E+07   0.286674E+07  -0.598431E+00   0.285128E+07   0.285094E+07   0.342365E+03
   0.612938E-03   0.285731E+07   0.285720E+07   0.303253E+07   0.301841E+07   0.000000E+00   0.285730E+07   0.285730E+07   0.286503E+07  -0.598052E+00   0.284992E+07   0.284952E+07   0.368932E+03
   0.676818E-03   0.285565E+07   0.285551E+07   0.288170E+07   0.286532E+07   0.000000E+00   0.285563E+07   0.285563E+07   0.286297E+07  -0.597596E+00   0.284828E+07   0.284780E+07   0.395454E+03
   0.747355E-03   0.285364E+07   0.285347E+07   0.270749E+07   0.268868E+07   0.000000E+00   0.285361E+07   0.285361E+07   0.286051E+07  -0.597049E+00   0.284629E+07   0.284573E+07   0.421157E+03
   0.825244E-03   0.285122E+07   0.285102E+07   0.250874E+07   0.248744E+07   0.000000E+00   0.285119E+07   0.285119E+07   0.285757E+07  -0.596397E+00   0.284390E+07   0.284324E+07   0.445032E+03
   0.911250E-03   0.284831E+07   0.284807E+07   0.228548E+07   0.226177E+07   0.000000E+00   0.284827E+07   0.284827E+07   0.285408E+07  -0.595620E+00   0.284101E+07   0.284025E+07   0.465826E+03
   0.100622E-02   0.284481E+07   0.284454E+07   0.203946E+07   0.201360E+07   0.000000E+00   0.284477E+07   0.284477E+07   0.284995E+07  -0.594702E+00   0.283754E+07   0.283667E+07   0.482044E+03
   0.111109E-02   0.284064E+07   0.284032E+07   0.177486E+07   0.174735E+07   0.000000E+00   0.284059E+07   0.284059E+07   0.284510E+07  -0.593620E+00   0.283338E+07   0.283240E+07   0.492015E+03
   0.122688E-02   0.283568E+07   0.283530E+07   0.149885E+07   0.147047E+07   0.000000E+00   0.283562E+07   0.283562E+07   0.283942E+07  -0.592355E+00   0.282842E+07   0.282733E+07   0.494018E+03
   0.135475E-02   0.282980E+07   0.282937E+07   0.122200E+07   0.119380E+07   0.000000E+00   0.282973E+07   0.282973E+07   0.283282E+07  -0.590885E+00   0.282252E+07   0.282134E+07   0.486507E+03
   0.149594E-02   0.282286E+07   0.282237E+07   0.958049E+06   0.931241E+06   0.000000E+00   0.282279E+07   0.282279E+07   0.282520E+07  -0.589191E+00   0.281555E+07   0.281429E+07   0.468454E+03
   0.165184E-02   0.281473E+07   0.281418E+07   0.722694E+06   0.698418E+06   0.000000E+00   0.281464E+07   0.281464E+07   0.281647E+07  -0.587252E+00   0.280735E+07   0.280604E+07   0.439784E+03
   0.182399E-02   0.280526E+07   0.280464E+07   0.530966E+06   0.509973E+06   0.000000E+00   0.280516E+07   0.280516E+07   0.280649E+07  -0.585050E+00   0.279777E+07   0.279645E+07   0.401830E+03
   0.201409E-02   0.279429E+07   0.279360E+07   0.393191E+06   0.375449E+06   0.000000E+00   0.279418E+07   0.279418E+07   0.279517E+07  -0.582566E+00   0.278666E+07   0.278537E+07   0.357650E+03
   0.222400E-02   0.278168E+07   0.278091E+07   0.310298E+06   0.294744E+06   0.000000E+00   0.278156E+07   0.278156E+07   0.278234E+07  -0.579777E+00   0.277387E+07   0.277263E+07   0.311921E+03
   0.245578E-02   0.276727E+07   0.276640E+07   0.270616E+06   0.255351E+06   0.000000E+00   0.276714E+07   0.276714E+07   0.276781E+07  -0.576656E+00   0.275927E+07   0.275808E+07   0.270125E+03
   0.271172E-02   0.275092E+07   0.274992E+07   0.251406E+06   0.234567E+06   0.000000E+00   0.275076E+07   0.275076E+07   0.275139E+07  -0.573164E+00   0.274271E+07   0.274155E+07   0.236898E+03
   0.299433E-02   0.273244E+07   0.273129E+07   0.227764E+06   0.208888E+06   0.000000E+00   0.273227E+07   0.273227E+07   0.273283E+07  -0.569255E+00   0.272405E+07   0.272290E+07   0.213958E+03
   0.330639E-02   0.271168E+07   0.271033E+07   0.186944E+06   0.167823E+06   0.000000E+00   0.271147E+07   0.271147E+07   0.271193E+07  -0.564877E+00   0.270314E+07   0.270196E+07   0.198795E+03
   0.365098E-02   0.268843E+07   0.268683E+07   0.138097E+06   0.121680E+06   0.000000E+00   0.268818E+07   0.268818E+07   0.268852E+07  -0.559982E+00   0.267978E+07   0.267856E+07   0.185779E+03
   0.403148E-02   0.266250E+07   0.266061E+07   0.103569E+06   0.908632E+05   0.000000E+00   0.266221E+07   0.266221E+07   0.266246E+07  -0.554531E+00   0.265377E+07   0.265254E+07   0.170180E+03
   0.445164E-02   0.263369E+07   0.263146E+07   0.921530E+05   0.814639E+05   0.000000E+00   0.263334E+07   0.263334E+07   0.263357E+07  -0.548487E+00   0.262489E+07   0.262367E+07   0.152351E+03
   0.491559E-02   0.260179E+07   0.259915E+07   0.850597E+05   0.660131E+05   0.000000E+00   0.260138E+07   0.260138E+07   0.260158E+07  -0.541808E+00   0.259294E+07   0.259173E+07   0.136942E+03
   0.542788E-02   0.256661E+07   0.256347E+07   0.651079E+05   0.534156E+05   0.000000E+00   0.256612E+07   0.256612E+07   0.256628E+07  -0.534446E+00   0.255772E+07   0.255649E+07   0.126274E+03
   0.599357E-02   0.252794E+07   0.252420E+07   0.479213E+05   0.431531E+05   0.000000E+00   0.252736E+07   0.252736E+07   0.252748E+07  -0.526357E+00   0.251903E+07   0.251777E+07   0.116983E+03
   0.661821E-02   0.248558E+07   0.248112E+07   0.446911E+05   0.348004E+05   0.000000E+00   0.248489E+07   0.248489E+07   0.248499E+07  -0.517498E+00   0.247665E+07   0.247538E+07   0.106784E+03
   0.730796E-02   0.243932E+07   0.243401E+07   0.351878E+05   0.280111E+05   0.000000E+00   0.243850E+07   0.243850E+07   0.243858E+07  -0.507828E+00   0.243038E+07   0.242909E+07   0.982615E+02
   0.806958E-02   0.238897E+07   0.238263E+07   0.273308E+05   0.224990E+05   0.000000E+00   0.238799E+07   0.238799E+07   0.238805E+07  -0.497301E+00   0.238001E+07   0.237869E+07   0.913795E+02
   0.891059E-02   0.233432E+07   0.232678E+07   0.234815E+05   0.180297E+05   0.000000E+00   0.233315E+07   0.233315E+07   0.233321E+07  -0.485875E+00   0.232534E+07   0.232398E+07   0.848639E+02
   0.983924E-02   0.227518E+07   0.226621E+07   0.164288E+05   0.144115E+05   0.000000E+00   0.227380E+07   0.227380E+07   0.227384E+07  -0.473508E+00   0.226617E+07   0.226476E+07   0.793838E+02
   0.108647E-01   0.221136E+07   0.220072E+07   0.157513E+05   0.114867E+05   0.000000E+00   0.220971E+07   0.220971E+07   0.220975E+07  -0.460160E+00   0.220230E+07   0.220084E+07   0.745035E+02
   0.119970E-01   0.214267E+07   0.213008E+07   0.106923E+05   0.912683E+04   0.000000E+00   0.214072E+07   0.214072E+07   0.214075E+07  -0.445789E+00   0.213354E+07   0.213202E+07   0.703973E+02
   0.132473E-01   0.206894E+07   0.205411E+07   0.895106E+04   0.722639E+04   0.000000E+00   0.206665E+07   0.206665E+07   0.206667E+07  -0.430362E+00   0.205972E+07   0.205813E+07   0.667977E+02
   0.146279E-01   0.199005E+07   0.197265E+07   0.736163E+04   0.569931E+04   0.000000E+00   0.198736E+07   0.198736E+07   0.198738E+07  -0.413848E+00   0.198071E+07   0.197904E+07   0.636551E+02
   0.161524E-01   0.190591E+07   0.188562E+07   0.559914E+04   0.447528E+04   0.000000E+00   0.190278E+07   0.190278E+07   0.190279E+07  -0.396232E+00   0.189642E+07   0.189465E+07   0.609002E+02
   0.178358E-01   0.181652E+07   0.179305E+07   0.452717E+04   0.349695E+04   0.000000E+00   0.181290E+07   0.181290E+07   0.181291E+07  -0.377515E+00   0.180687E+07   0.180500E+07   0.583766E+02
   0.196946E-01   0.172204E+07   0.169512E+07   0.337514E+04   0.271764E+04   0.000000E+00   0.171789E+07   0.171789E+07   0.171790E+07  -0.357729E+00   0.171220E+07   0.171022E+07   0.559731E+02
   0.217472E-01   0.162283E+07   0.159229E+07   0.294138E+04   0.209933E+04   0.000000E+00   0.161812E+07   0.161812E+07   0.161812E+07  -0.336952E+00   0.161279E+07   0.161070E+07   0.535252E+02
   0.240136E-01   0.151952E+07   0.148535E+07   0.185018E+04   0.161117E+04   0.000000E+00   0.151424E+07   0.151424E+07   0.151425E+07  -0.315321E+00   0.150929E+07   0.150709E+07   0.509164E+02
   0.265163E-01   0.141313E+07   0.137556E+07   0.133110E+04   0.122804E+04   0.000000E+00   0.140733E+07   0.140733E+07   0.140734E+07  -0.293058E+00   0.140276E+07   0.140048E+07   0.479524E+02
   0.292798E-01   0.130518E+07   0.126471E+07   0.106929E+04   0.929544E+03   0.000000E+00   0.129893E+07   0.129893E+07   0.129893E+07  -0.270484E+00   0.129475E+07   0.129241E+07   0.444926E+02
   0.323313E-01   0.119765E+07   0.115519E+07   0.757698E+03   0.699040E+03   0.000000E+00   0.119110E+07   0.119110E+07   0.119110E+07  -0.248030E+00   0.118729E+07   0.118494E+07   0.404400E+02
   0.357009E-01   0.109306E+07   0.104991E+07   0.639361E+03   0.522898E+03   0.000000E+00   0.108640E+07   0.108640E+07   0.108640E+07  -0.226227E+00   0.108295E+07   0.108066E+07   0.357342E+02
   0.394216E-01   0.994191E+06   0.952049E+06   0.490999E+03   0.389877E+03   0.000000E+00   0.987687E+06   0.987687E+06   0.987688E+06  -0.205671E+00   0.984559E+06   0.982405E+06   0.304260E+02
   0.435300E-01   0.903733E+06   0.864553E+06   0.312240E+03   0.290622E+03   0.000000E+00   0.897686E+06   0.897686E+06   0.897687E+06  -0.186930E+00   0.894838E+06   0.892908E+06   0.246962E+02
   0.478830E-01   0.826271E+06   0.791737E+06   0.256646E+03   0.219661E+03   0.000000E+00   0.820941E+06   0.820941E+06   0.820942E+06  -0.170949E+00   0.818318E+06   0.816675E+06   0.191010E+02
   0.522360E-01   0.764924E+06   0.735817E+06   0.199777E+03   0.170984E+03   0.000000E+00   0.760432E+06   0.760432E+06   0.760433E+06  -0.158349E+00   0.757974E+06   0.756634E+06   0.142803E+02
   0.565890E-01   0.714787E+06   0.691094E+06   0.159205E+03   0.136257E+03   0.000000E+00   0.711130E+06   0.711130E+06   0.711131E+06  -0.148082E+00   0.708801E+06   0.707743E+06   0.104154E+02
   0.609421E-01   0.672399E+06   0.653442E+06   0.129245E+03   0.110613E+03   0.000000E+00   0.669473E+06   0.669473E+06   0.669474E+06  -0.139408E+00   0.667255E+06   0.666426E+06   0.756742E+01
   0.652951E-01   0.634487E+06   0.619130E+06   0.106312E+03   0.909851E+02   0.000000E+00   0.632117E+06   0.632117E+06   0.632117E+06  -0.131629E+00   0.630004E+06   0.629338E+06   0.568050E+01
   0.696481E-01   0.598745E+06   0.585646E+06   0.882097E+02   0.754919E+02   0.000000E+00   0.596723E+06   0.596723E+06   0.596723E+06  -0.124259E+00   0.594721E+06   0.594144E+06   0.461248E+01
   0.740011E-01   0.563782E+06   0.551637E+06   0.735780E+02   0.629698E+02   0.000000E+00   0.561908E+06   0.561908E+06   0.561908E+06  -0.117009E+00   0.560024E+06   0.559470E+06   0.416665E+01
   0.783541E-01   0.529161E+06   0.516903E+06   0.615813E+02   0.527032E+02   0.000000E+00   0.527269E+06   0.527269E+06   0.527269E+06  -0.109796E+00   0.525510E+06   0.524930E+06   0.412574E+01
   0.827071E-01   0.495196E+06   0.482130E+06   0.516925E+02   0.442408E+02   0.000000E+00   0.493180E+06   0.493180E+06   0.493180E+06  -0.102697E+00   0.491549E+06   0.490913E+06   0.428302E+01
   0.870601E-01   0.462623E+06   0.448473E+06   0.435516E+02   0.372741E+02   0.000000E+00   0.460439E+06   0.460439E+06   0.460439E+06  -0.958795E-01   0.458932E+06   0.458234E+06   0.446676E+01
   0.914131E-01   0.432245E+06   0.417124E+06   0.368803E+02   0.315649E+02   0.000000E+00   0.429911E+06   0.429911E+06   0.429911E+06  -0.895226E-01   0.428519E+06   0.427771E+06   0.455550E+01
   0.968283E-01   0.398596E+06   0.382865E+06   0.302881E+02   0.259233E+02   0.000000E+00   0.396168E+06   0.396168E+06   0.396169E+06  -0.824961E-01   0.394898E+06   0.394127E+06   0.443825E+01
   0.102244E+00   0.370440E+06   0.355020E+06   0.252367E+02   0.215999E+02   0.000000E+00   0.368060E+06   0.368060E+06   0.368060E+06  -0.766430E-01   0.366885E+06   0.366140E+06   0.405581E+01
   0.107659E+00   0.347928E+06   0.333715E+06   0.213817E+02   0.183003E+02   0.000000E+00   0.345734E+06   0.345734E+06   0.345734E+06  -0.719940E-01   0.344626E+06   0.343953E+06   0.347746E+01
   0.113074E+00   0.330157E+06   0.317767E+06   0.184037E+02   0.157512E+02   0.000000E+00   0.328245E+06   0.328245E+06   0.328245E+06  -0.683521E-01   0.327182E+06   0.326610E+06   0.281799E+01
   0.118489E+00   0.315563E+06   0.305196E+06   0.160323E+02   0.137214E+02   0.000000E+00   0.313963E+06   0.313963E+06   0.313963E+06  -0.653781E-01   0.312934E+06   0.312467E+06   0.219573E+01
   0.123905E+00   0.302555E+06   0.293995E+06   0.140683E+02   0.120403E+02   0.000000E+00   0.301234E+06   0.301234E+06   0.301234E+06  -0.627274E-01   0.300236E+06   0.299858E+06   0.170061E+01
   0.129320E+00   0.289880E+06   0.282612E+06   0.123807E+02   0.105958E+02   0.000000E+00   0.288759E+06   0.288759E+06   0.288759E+06  -0.601296E-01   0.287796E+06   0.287476E+06   0.137700E+01
   0.134735E+00   0.276762E+06   0.270142E+06   0.108914E+02   0.932122E+01   0.000000E+00   0.275741E+06   0.275741E+06   0.275741E+06  -0.574188E-01   0.274820E+06   0.274524E+06   0.122226E+01
   0.140150E+00   0.262991E+06   0.256427E+06   0.956331E+01   0.818462E+01   0.000000E+00   0.261978E+06   0.261978E+06   0.261978E+06  -0.545529E-01   0.261106E+06   0.260804E+06   0.119744E+01
   0.145566E+00   0.248880E+06   0.241969E+06   0.838517E+01   0.717642E+01   0.000000E+00   0.247813E+06   0.247813E+06   0.247813E+06  -0.516033E-01   0.246994E+06   0.246669E+06   0.124466E+01
   0.150981E+00   0.235027E+06   0.227622E+06   0.735578E+01   0.629552E+01   0.000000E+00   0.233884E+06   0.233884E+06   0.233884E+06  -0.487029E-01   0.233119E+06   0.232765E+06   0.130513E+01
   0.156396E+00   0.222077E+06   0.214274E+06   0.647338E+01   0.554039E+01   0.000000E+00   0.220873E+06   0.220873E+06   0.220873E+06  -0.459934E-01   0.220156E+06   0.219781E+06   0.133325E+01
   0.161811E+00   0.210582E+06   0.202652E+06   0.573183E+01   0.490576E+01   0.000000E+00   0.209358E+06   0.209358E+06   0.209358E+06  -0.435956E-01   0.208682E+06   0.208303E+06   0.130457E+01
   0.167227E+00   0.200862E+06   0.193144E+06   0.511825E+01   0.438062E+01   0.000000E+00   0.199671E+06   0.199671E+06   0.199671E+06  -0.415784E-01   0.199027E+06   0.198661E+06   0.121678E+01
   0.172642E+00   0.192867E+06   0.185666E+06   0.461197E+01   0.394728E+01   0.000000E+00   0.191755E+06   0.191755E+06   0.191755E+06  -0.399302E-01   0.191135E+06   0.190798E+06   0.108514E+01
   0.178057E+00   0.186215E+06   0.179722E+06   0.418800E+01   0.358437E+01   0.000000E+00   0.185213E+06   0.185213E+06   0.185213E+06  -0.385678E-01   0.184609E+06   0.184311E+06   0.934529E+00
   0.183472E+00   0.180389E+06   0.174649E+06   0.382307E+01   0.327200E+01   0.000000E+00   0.179503E+06   0.179503E+06   0.179503E+06  -0.373788E-01   0.178914E+06   0.178653E+06   0.790892E+00
   0.188888E+00   0.174906E+06   0.169823E+06   0.349906E+01   0.299466E+01   0.000000E+00   0.174122E+06   0.174122E+06   0.174122E+06  -0.362582E-01   0.173547E+06   0.173318E+06   0.674437E+00
   0.194303E+00   0.169383E+06   0.164764E+06   0.320330E+01   0.274152E+01   0.000000E+00   0.168670E+06   0.168670E+06   0.168670E+06  -0.351230E-01   0.168111E+06   0.167903E+06   0.595683E+00
   0.199718E+00   0.163582E+06   0.159200E+06   0.292834E+01   0.250620E+01   0.000000E+00   0.162906E+06   0.162906E+06   0.162906E+06  -0.339226E-01   0.162365E+06   0.162166E+06   0.554745E+00
   0.205133E+00   0.157476E+06   0.153129E+06   0.267177E+01   0.228662E+01   0.000000E+00   0.156805E+06   0.156805E+06   0.156805E+06  -0.326522E-01   0.156286E+06   0.156086E+06   0.543330E+00
   0.210549E+00   0.151227E+06   0.146781E+06   0.243470E+01   0.208374E+01   0.000000E+00   0.150541E+06   0.150541E+06   0.150541E+06  -0.313479E-01   0.150045E+06   0.149838E+06   0.548443E+00
   0.215964E+00   0.145090E+06   0.140502E+06   0.221935E+01   0.189946E+01   0.000000E+00   0.144382E+06   0.144382E+06   0.144382E+06  -0.300654E-01   0.143909E+06   0.143693E+06   0.556489E+00
   0.221379E+00   0.139312E+06   0.134621E+06   0.202727E+01   0.173507E+01   0.000000E+00   0.138588E+06   0.138588E+06   0.138588E+06  -0.288589E-01   0.138137E+06   0.137915E+06   0.556671E+00
   0.226794E+00   0.134078E+06   0.129381E+06   0.185860E+01   0.159072E+01   0.000000E+00   0.133353E+06   0.133353E+06   0.133353E+06  -0.277687E-01   0.132919E+06   0.132698E+06   0.542976E+00
   0.232210E+00   0.129475E+06   0.124892E+06   0.171196E+01   0.146521E+01   0.000000E+00   0.128768E+06   0.128768E+06   0.128768E+06  -0.268139E-01   0.128349E+06   0.128135E+06   0.514609E+00
   0.237625E+00   0.125481E+06   0.121118E+06   0.158456E+01   0.135618E+01   0.000000E+00   0.124807E+06   0.124807E+06   0.124807E+06  -0.259893E-01   0.124401E+06   0.124198E+06   0.475079E+00
   0.243040E+00   0.121979E+06   0.117903E+06   0.147282E+01   0.126053E+01   0.000000E+00   0.121350E+06   0.121350E+06   0.121350E+06  -0.252693E-01   0.120953E+06   0.120766E+06   0.430424E+00
   0.248455E+00   0.118804E+06   0.115029E+06   0.137303E+01   0.117511E+01   0.000000E+00   0.118221E+06   0.118221E+06   0.118221E+06  -0.246177E-01   0.117833E+06   0.117660E+06   0.387165E+00
   0.253871E+00   0.115775E+06   0.112269E+06   0.128189E+01   0.109711E+01   0.000000E+00   0.115234E+06   0.115234E+06   0.115234E+06  -0.239958E-01   0.114855E+06   0.114695E+06   0.350563E+00
   0.259286E+00   0.112743E+06   0.109439E+06   0.119691E+01   0.102438E+01   0.000000E+00   0.112233E+06   0.112233E+06   0.112233E+06  -0.233708E-01   0.111862E+06   0.111712E+06   0.323557E+00
   0.264701E+00   0.109623E+06   0.106441E+06   0.111671E+01   0.955737E+00   0.000000E+00   0.109132E+06   0.109132E+06   0.109132E+06  -0.227250E-01   0.108772E+06   0.108626E+06   0.306482E+00
   0.270116E+00   0.106417E+06   0.103286E+06   0.104095E+01   0.890900E+00   0.000000E+00   0.105934E+06   0.105934E+06   0.105934E+06  -0.220592E-01   0.105585E+06   0.105441E+06   0.297481E+00
   0.275532E+00   0.103187E+06   0.100057E+06   0.969915E+00   0.830106E+00   0.000000E+00   0.102704E+06   0.102704E+06   0.102704E+06  -0.213866E-01   0.102366E+06   0.102221E+06   0.293355E+00
   0.280947E+00   0.100013E+06   0.968665E+05   0.904012E+00   0.773706E+00   0.000000E+00   0.995277E+05   0.995277E+05   0.995277E+05  -0.207251E-01   0.992013E+05   0.990547E+05   0.290588E+00
   0.286362E+00   0.969764E+05   0.938229E+05   0.843568E+00   0.721977E+00   0.000000E+00   0.964898E+05   0.964898E+05   0.964898E+05  -0.200925E-01   0.961741E+05   0.960269E+05   0.286251E+00
   0.291777E+00   0.941464E+05   0.910173E+05   0.788736E+00   0.675050E+00   0.000000E+00   0.936635E+05   0.936635E+05   0.936635E+05  -0.195040E-01   0.933575E+05   0.932116E+05   0.278585E+00
   0.297192E+00   0.915648E+05   0.885001E+05   0.739378E+00   0.632807E+00   0.000000E+00   0.910918E+05   0.910918E+05   0.910918E+05  -0.189685E-01   0.907944E+05   0.906518E+05   0.267172E+00
   0.302608E+00   0.892278E+05   0.862642E+05   0.694983E+00   0.594810E+00   0.000000E+00   0.887704E+05   0.887704E+05   0.887704E+05  -0.184851E-01   0.884803E+05   0.883429E+05   0.252760E+00
   0.308023E+00   0.870918E+05   0.842534E+05   0.654776E+00   0.560397E+00   0.000000E+00   0.866537E+05   0.866537E+05   0.866537E+05  -0.180443E-01   0.863701E+05   0.862391E+05   0.236843E+00
   0.313438E+00   0.850965E+05   0.823904E+05   0.617945E+00   0.528873E+00   0.000000E+00   0.846789E+05   0.846789E+05   0.846789E+05  -0.176331E-01   0.844011E+05   0.842766E+05   0.221144E+00
   0.318853E+00   0.831832E+05   0.805995E+05   0.583783E+00   0.499634E+00   0.000000E+00   0.827844E+05   0.827844E+05   0.827844E+05  -0.172386E-01   0.825124E+05   0.823938E+05   0.207143E+00
   0.324269E+00   0.813018E+05   0.788186E+05   0.551731E+00   0.472201E+00   0.000000E+00   0.809186E+05   0.809186E+05   0.809186E+05  -0.168501E-01   0.806524E+05   0.805384E+05   0.195749E+00
   0.329684E+00   0.794186E+05   0.770084E+05   0.521408E+00   0.446249E+00   0.000000E+00   0.790466E+05   0.790466E+05   0.790466E+05  -0.164603E-01   0.787865E+05   0.786757E+05   0.187186E+00
   0.335099E+00   0.775244E+05   0.751611E+05   0.492643E+00   0.421630E+00   0.000000E+00   0.771597E+05   0.771597E+05   0.771597E+05  -0.160673E-01   0.769059E+05   0.767969E+05   0.181065E+00
   0.340514E+00   0.756350E+05   0.732997E+05   0.465438E+00   0.398348E+00   0.000000E+00   0.752746E+05   0.752746E+05   0.752746E+05  -0.156748E-01   0.750273E+05   0.749193E+05   0.176588E+00
   0.345930E+00   0.737799E+05   0.714634E+05   0.439879E+00   0.376473E+00   0.000000E+00   0.734224E+05   0.734224E+05   0.734224E+05  -0.152891E-01   0.731815E+05   0.730741E+05   0.172810E+00
   0.351345E+00   0.719886E+05   0.696920E+05   0.416034E+00   0.356066E+00   0.000000E+00   0.716341E+05   0.716341E+05   0.716341E+05  -0.149167E-01   0.713994E+05   0.712928E+05   0.168887E+00
   0.356760E+00   0.702844E+05   0.680163E+05   0.393922E+00   0.337142E+00   0.000000E+00   0.699343E+05   0.699343E+05   0.699343E+05  -0.145628E-01   0.697053E+05   0.696001E+05   0.164255E+00
   0.362175E+00   0.686810E+05   0.664539E+05   0.373501E+00   0.319665E+00   0.000000E+00   0.683373E+05   0.683373E+05   0.683373E+05  -0.142302E-01   0.681136E+05   0.680103E+05   0.158708E+00
   0.367591E+00   0.671800E+05   0.650061E+05   0.354658E+00   0.303537E+00   0.000000E+00   0.668445E+05   0.668445E+05   0.668445E+05  -0.139193E-01   0.666256E+05   0.665250E+05   0.152372E+00
   0.373006E+00   0.657696E+05   0.636577E+05   0.337219E+00   0.288612E+00   0.000000E+00   0.654437E+05   0.654437E+05   0.654437E+05  -0.136276E-01   0.652292E+05   0.651317E+05   0.145604E+00
   0.378421E+00   0.644300E+05   0.623833E+05   0.320983E+00   0.274716E+00   0.000000E+00   0.641142E+05   0.641142E+05   0.641142E+05  -0.133508E-01   0.639039E+05   0.638095E+05   0.138862E+00
   0.383836E+00   0.631404E+05   0.611564E+05   0.305763E+00   0.261689E+00   0.000000E+00   0.628342E+05   0.628342E+05   0.628342E+05  -0.130843E-01   0.626279E+05   0.625366E+05   0.132570E+00
   0.389252E+00   0.618830E+05   0.599548E+05   0.291407E+00   0.249403E+00   0.000000E+00   0.615854E+05   0.615854E+05   0.615854E+05  -0.128242E-01   0.613831E+05   0.612943E+05   0.127023E+00
   0.394667E+00   0.606447E+05   0.587628E+05   0.277799E+00   0.237756E+00   0.000000E+00   0.603542E+05   0.603542E+05   0.603542E+05  -0.125679E-01   0.601559E+05   0.600692E+05   0.122333E+00
   0.400082E+00   0.594186E+05   0.575737E+05   0.264864E+00   0.226685E+00   0.000000E+00   0.591339E+05   0.591339E+05   0.591339E+05  -0.123137E-01   0.589396E+05   0.588546E+05   0.118436E+00
   0.405497E+00   0.582068E+05   0.563911E+05   0.252571E+00   0.216165E+00   0.000000E+00   0.579266E+05   0.579266E+05   0.579266E+05  -0.120623E-01   0.577364E+05   0.576525E+05   0.115140E+00
   0.410913E+00   0.570182E+05   0.552274E+05   0.240927E+00   0.206199E+00   0.000000E+00   0.567418E+05   0.567418E+05   0.567418E+05  -0.118156E-01   0.565556E+05   0.564728E+05   0.112189E+00
   0.416328E+00   0.558634E+05   0.540963E+05   0.229938E+00   0.196794E+00   0.000000E+00   0.555907E+05   0.555907E+05   0.555907E+05  -0.115759E-01   0.554084E+05   0.553266E+05   0.109338E+00
   0.421743E+00   0.547496E+05   0.530078E+05   0.219596E+00   0.187943E+00   0.000000E+00   0.544808E+05   0.544808E+05   0.544808E+05  -0.113448E-01   0.543021E+05   0.542216E+05   0.106399E+00
   0.427158E+00   0.536803E+05   0.519673E+05   0.209879E+00   0.179627E+00   0.000000E+00   0.534160E+05   0.534160E+05   0.534160E+05  -0.111231E-01   0.532409E+05   0.531616E+05   0.103281E+00
   0.432574E+00   0.526577E+05   0.509772E+05   0.200759E+00   0.171821E+00   0.000000E+00   0.523983E+05   0.523983E+05   0.523983E+05  -0.109112E-01   0.522266E+05   0.521489E+05   0.999843E-01
   0.437989E+00   0.516805E+05   0.500353E+05   0.192194E+00   0.164491E+00   0.000000E+00   0.514266E+05   0.514266E+05   0.514266E+05  -0.107088E-01   0.512579E+05   0.511820E+05   0.965877E-01
   0.443404E+00   0.507425E+05   0.491341E+05   0.184129E+00   0.157588E+00   0.000000E+00   0.504943E+05   0.504943E+05   0.504943E+05  -0.105147E-01   0.503286E+05   0.502544E+05   0.932075E-01
   0.448819E+00   0.498348E+05   0.482626E+05   0.176502E+00   0.151061E+00   0.000000E+00   0.495922E+05   0.495922E+05   0.495922E+05  -0.103268E-01   0.494295E+05   0.493570E+05   0.899632E-01
   0.454235E+00   0.489505E+05   0.474123E+05   0.169265E+00   0.144866E+00   0.000000E+00   0.487131E+05   0.487131E+05   0.487131E+05  -0.101438E-01   0.485532E+05   0.484823E+05   0.869484E-01
   0.459650E+00   0.480858E+05   0.465784E+05   0.162382E+00   0.138976E+00   0.000000E+00   0.478532E+05   0.478532E+05   0.478532E+05  -0.996469E-02   0.476961E+05   0.476266E+05   0.842116E-01
   0.465065E+00   0.472382E+05   0.457582E+05   0.155827E+00   0.133365E+00   0.000000E+00   0.470098E+05   0.470098E+05   0.470098E+05  -0.978907E-02   0.468554E+05   0.467871E+05   0.817515E-01
   0.470480E+00   0.464056E+05   0.449499E+05   0.149576E+00   0.128015E+00   0.000000E+00   0.461810E+05   0.461810E+05   0.461810E+05  -0.961648E-02   0.460294E+05   0.459622E+05   0.795251E-01
   0.475896E+00   0.455887E+05   0.441550E+05   0.143616E+00   0.122915E+00   0.000000E+00   0.453675E+05   0.453675E+05   0.453675E+05  -0.944709E-02   0.452186E+05   0.451524E+05   0.774652E-01
   0.481311E+00   0.447912E+05   0.433784E+05   0.137944E+00   0.118060E+00   0.000000E+00   0.445731E+05   0.445731E+05   0.445731E+05  -0.928168E-02   0.444269E+05   0.443616E+05   0.755003E-01
   0.486726E+00   0.440166E+05   0.426246E+05   0.132557E+00   0.113450E+00   0.000000E+00   0.438018E+05   0.438018E+05   0.438018E+05  -0.912105E-02   0.436581E+05   0.435938E+05   0.735701E-01
   0.492141E+00   0.432662E+05   0.418957E+05   0.127444E+00   0.109074E+00   0.000000E+00   0.430547E+05   0.430547E+05   0.430547E+05  -0.896548E-02   0.429135E+05   0.428502E+05   0.716366E-01
   0.497557E+00   0.425395E+05   0.411913E+05   0.122590E+00   0.104920E+00   0.000000E+00   0.423314E+05   0.423314E+05   0.423314E+05  -0.881488E-02   0.421926E+05   0.421303E+05   0.696875E-01
   0.502972E+00   0.418361E+05   0.405109E+05   0.117982E+00   0.100975E+00   0.000000E+00   0.416316E+05   0.416316E+05   0.416316E+05  -0.866914E-02   0.414950E+05   0.414338E+05   0.677345E-01
   0.508387E+00   0.411551E+05   0.398534E+05   0.113603E+00   0.972278E-01   0.000000E+00   0.409542E+05   0.409542E+05   0.409542E+05  -0.852810E-02   0.408199E+05   0.407598E+05   0.658047E-01
   0.513802E+00   0.404943E+05   0.392159E+05   0.109436E+00   0.936616E-01   0.000000E+00   0.402970E+05   0.402970E+05   0.402970E+05  -0.839123E-02   0.401648E+05   0.401058E+05   0.639302E-01
   0.519218E+00   0.398502E+05   0.385943E+05   0.105462E+00   0.902601E-01   0.000000E+00   0.396564E+05   0.396564E+05   0.396564E+05  -0.825783E-02   0.395262E+05   0.394683E+05   0.621388E-01
   0.524633E+00   0.392204E+05   0.379859E+05   0.101664E+00   0.870098E-01   0.000000E+00   0.390299E+05   0.390299E+05   0.390299E+05  -0.812738E-02   0.389018E+05   0.388448E+05   0.604480E-01
   0.530048E+00   0.386041E+05   0.373897E+05   0.980325E-01   0.839018E-01   0.000000E+00   0.384167E+05   0.384167E+05   0.384167E+05  -0.799969E-02   0.382906E+05   0.382346E+05   0.588630E-01
   0.535463E+00   0.380009E+05   0.368053E+05   0.945586E-01   0.809287E-01   0.000000E+00   0.378164E+05   0.378164E+05   0.378164E+05  -0.787469E-02   0.376923E+05   0.376371E+05   0.573760E-01
   0.540879E+00   0.374102E+05   0.362323E+05   0.912337E-01   0.780830E-01   0.000000E+00   0.372284E+05   0.372284E+05   0.372284E+05  -0.775225E-02   0.371062E+05   0.370519E+05   0.559704E-01
   0.546294E+00   0.368319E+05   0.356710E+05   0.880511E-01   0.753591E-01   0.000000E+00   0.366528E+05   0.366528E+05   0.366528E+05  -0.763239E-02   0.365325E+05   0.364789E+05   0.546254E-01
   0.551709E+00   0.362672E+05   0.351228E+05   0.850068E-01   0.727536E-01   0.000000E+00   0.360906E+05   0.360906E+05   0.360906E+05  -0.751531E-02   0.359721E+05   0.359193E+05   0.533219E-01
   0.557124E+00   0.357169E+05   0.345890E+05   0.820971E-01   0.702634E-01   0.000000E+00   0.355428E+05   0.355428E+05   0.355428E+05  -0.740126E-02   0.354262E+05   0.353742E+05   0.520458E-01
   0.562540E+00   0.351812E+05   0.340697E+05   0.793161E-01   0.678832E-01   0.000000E+00   0.350096E+05   0.350096E+05   0.350096E+05  -0.729023E-02   0.348948E+05   0.348435E+05   0.507894E-01
   0.567955E+00   0.346591E+05   0.335642E+05   0.766562E-01   0.656068E-01   0.000000E+00   0.344901E+05   0.344901E+05   0.344901E+05  -0.718205E-02   0.343770E+05   0.343264E+05   0.495516E-01
   0.573370E+00   0.341502E+05   0.330718E+05   0.741109E-01   0.634283E-01   0.000000E+00   0.339838E+05   0.339838E+05   0.339838E+05  -0.707661E-02   0.338723E+05   0.338225E+05   0.483371E-01
   0.578785E+00   0.336542E+05   0.325921E+05   0.716744E-01   0.613430E-01   0.000000E+00   0.334903E+05   0.334903E+05   0.334903E+05  -0.697384E-02   0.333804E+05   0.333314E+05   0.471533E-01
   0.630078E+00   0.294586E+05   0.285292E+05   0.529400E-01   0.453091E-01   0.000000E+00   0.293152E+05   0.293152E+05   0.293152E+05  -0.610444E-02   0.292190E+05   0.291761E+05   0.379078E-01
   0.769579E+00   0.214455E+05   0.207696E+05   0.258341E-01   0.221103E-01   0.000000E+00   0.213412E+05   0.213412E+05   0.213412E+05  -0.444399E-02   0.212712E+05   0.212400E+05   0.225686E-01
   0.939966E+00   0.155343E+05   0.150448E+05   0.125439E-01   0.107357E-01   0.000000E+00   0.154588E+05   0.154588E+05   0.154588E+05  -0.321905E-02   0.154080E+05   0.153854E+05   0.133812E-01
   0.114808E+01   0.112019E+05   0.108490E+05   0.606334E-02   0.518935E-02   0.000000E+00   0.111474E+05   0.111474E+05   0.111474E+05  -0.232128E-02   0.111108E+05   0.110945E+05   0.790095E-02
   0.140226E+01   0.804477E+04   0.779140E+04   0.291889E-02   0.249816E-02   0.000000E+00   0.800566E+04   0.800566E+04   0.800566E+04  -0.166706E-02   0.797939E+04   0.796769E+04   0.464774E-02
   0.171273E+01   0.575589E+04   0.557463E+04   0.139991E-02   0.119812E-02   0.000000E+00   0.572791E+04   0.572791E+04   0.572791E+04  -0.119275E-02   0.570911E+04   0.570073E+04   0.272513E-02
   0.209193E+01   0.410419E+04   0.397496E+04   0.669110E-03   0.572663E-03   0.000000E+00   0.408424E+04   0.408424E+04   0.408424E+04  -0.850482E-03   0.407084E+04   0.406486E+04   0.159345E-02
   0.255509E+01   0.291733E+04   0.282547E+04   0.318813E-03   0.272859E-03   0.000000E+00   0.290315E+04   0.290315E+04   0.290315E+04  -0.604537E-03   0.289362E+04   0.288936E+04   0.929710E-03
   0.312080E+01   0.206776E+04   0.200265E+04   0.151472E-03   0.129639E-03   0.000000E+00   0.205771E+04   0.205771E+04   0.205771E+04  -0.428487E-03   0.205096E+04   0.204792E+04   0.541649E-03
   0.381175E+01   0.146175E+04   0.141571E+04   0.717771E-04   0.614311E-04   0.000000E+00   0.145464E+04   0.145464E+04   0.145464E+04  -0.302907E-03   0.144987E+04   0.144771E+04   0.315379E-03
   0.465568E+01   0.103084E+04   0.998366E+03   0.339301E-04   0.290395E-04   0.000000E+00   0.102583E+04   0.102583E+04   0.102583E+04  -0.213613E-03   0.102246E+04   0.102092E+04   0.183735E-03
   0.568646E+01   0.725329E+03   0.702472E+03   0.160033E-04   0.136967E-04   0.000000E+00   0.721802E+03   0.721802E+03   0.721802E+03  -0.150304E-03   0.719434E+03   0.718339E+03   0.107269E-03
   0.694546E+01   0.509308E+03   0.493247E+03   0.753239E-05   0.644672E-05   0.000000E+00   0.506829E+03   0.506829E+03   0.506829E+03  -0.105540E-03   0.505168E+03   0.504383E+03   0.628927E-04
   0.848320E+01   0.356938E+03   0.345670E+03   0.353851E-05   0.302851E-05   0.000000E+00   0.355199E+03   0.355199E+03   0.355199E+03  -0.739648E-04   0.354035E+03   0.353469E+03   0.371382E-04
   0.103614E+02   0.249707E+03   0.241811E+03   0.165932E-05   0.142018E-05   0.000000E+00   0.248488E+03   0.248488E+03   0.248488E+03  -0.517439E-04   0.247675E+03   0.247262E+03   0.221709E-04
   0.126554E+02   0.174400E+03   0.168872E+03   0.776811E-06   0.664865E-06   0.000000E+00   0.173547E+03   0.173547E+03   0.173547E+03  -0.361385E-04   0.172979E+03   0.172674E+03   0.134455E-04
   0.154574E+02   0.121615E+03   0.117746E+03   0.363093E-06   0.310774E-06   0.000000E+00   0.121018E+03   0.121018E+03   0.121018E+03  -0.252002E-04   0.120623E+03   0.120392E+03   0.833068E-05
   0.188797E+02   0.846834E+02   0.819745E+02   0.169464E-06   0.145049E-06   0.000000E+00   0.842653E+02   0.842653E+02   0.842653E+02  -0.175470E-04   0.839910E+02   0.838112E+02   0.530574E-05
   0.230597E+02   0.588863E+02   0.569873E+02   0.789819E-07   0.676059E-07   0.000000E+00   0.585932E+02   0.585932E+02   0.585932E+02  -0.122011E-04   0.584033E+02   0.582586E+02   0.349314E-05
   0.281652E+02   0.408948E+02   0.395600E+02   0.367614E-07   0.314685E-07   0.000000E+00   0.406888E+02   0.406888E+02   0.406888E+02  -0.847282E-05   0.405577E+02   0.404370E+02   0.238668E-05
   0.344011E+02   0.283652E+02   0.274229E+02   0.170878E-07   0.146289E-07   0.000000E+00   0.282198E+02   0.282198E+02   0.282198E+02  -0.587634E-05   0.281297E+02   0.280251E+02   0.169436E-05
   0.420176E+02   0.196511E+02   0.189813E+02   0.793250E-08   0.679198E-08   0.000000E+00   0.195477E+02   0.195477E+02   0.195477E+02  -0.407052E-05   0.194863E+02   0.193921E+02   0.124748E-05
   0.513204E+02   0.135983E+02   0.131172E+02   0.367748E-08   0.314940E-08   0.000000E+00   0.135240E+02   0.135240E+02   0.135240E+02  -0.281617E-05   0.134824E+02   0.133950E+02   0.948288E-06
   0.626829E+02   0.939890E+01   0.904833E+01   0.170245E-08   0.145843E-08   0.000000E+00   0.934480E+01   0.934480E+01   0.934480E+01  -0.194591E-05   0.931697E+01   0.923370E+01   0.739835E-06
   0.765610E+02   0.648865E+01   0.622812E+01   0.786881E-09   0.674409E-09   0.000000E+00   0.644844E+01   0.644844E+01   0.644844E+01  -0.134279E-05   0.643020E+01   0.634928E+01   0.588637E-06
   0.935118E+02   0.447387E+01   0.427534E+01   0.363030E-09   0.311355E-09   0.000000E+00   0.444323E+01   0.444323E+01   0.444323E+01  -0.925235E-06   0.443164E+01   0.435192E+01   0.474753E-06
   0.114216E+03   0.308038E+01   0.292449E+01   0.167108E-09   0.143467E-09   0.000000E+00   0.305632E+01   0.305632E+01   0.305632E+01  -0.636432E-06   0.304934E+01   0.297016E+01   0.386078E-06
