#          k/h    CDM            baryon         photon         nu             mass_nu        total          no_nu          total_de       Weyl           v_CDM          v_b            v_b-v_c     
   0.105234E-04   0.870166E+07   0.870166E+07   0.115998E+08   0.115997E+08   0.000000E+00   0.870166E+07   0.870166E+07   0.871129E+07  -0.590385E+00   0.828290E+07   0.828290E+07   0.107400E+02
   0.116201E-04   0.870166E+07   0.870166E+07   0.115993E+08   0.115992E+08   0.000000E+00   0.870166E+07   0.870166E+07   0.871129E+07  -0.590384E+00   0.828290E+07   0.828290E+07   0.118591E+02
   0.128311E-04   0.870166E+07   0.870165E+07   0.115987E+08   0.115985E+08   0.000000E+00   0.870166E+07   0.870166E+07   0.871129E+07  -0.590384E+00   0.828290E+07   0.828290E+07   0.130947E+02
   0.141684E-04   0.870165E+07   0.870165E+07   0.115979E+08   0.115977E+08   0.000000E+00   0.870165E+07   0.870165E+07   0.871128E+07  -0.590384E+00   0.828289E+07   0.828289E+07   0.144591E+02
   0.156450E-04   0.870165E+07   0.870165E+07   0.115969E+08   0.115967E+08   0.000000E+00   0.870165E+07   0.870165E+07   0.871128E+07  -0.590384E+00   0.828289E+07   0.828289E+07   0.159655E+02
   0.172755E-04   0.870164E+07   0.870164E+07   0.115958E+08   0.115955E+08   0.000000E+00   0.870164E+07   0.870164E+07   0.871127E+07  -0.590383E+00   0.828288E+07   0.828288E+07   0.176287E+02
   0.190759E-04   0.870164E+07   0.870164E+07   0.115943E+08   0.115940E+08   0.000000E+00   0.870164E+07   0.870164E+07   0.871127E+07  -0.590383E+00   0.828288E+07   0.828288E+07   0.194650E+02
   0.210640E-04   0.870163E+07   0.870163E+07   0.115926E+08   0.115922E+08   0.000000E+00   0.870163E+07   0.870163E+07   0.871126E+07  -0.590382E+00   0.828287E+07   0.828287E+07   0.214924E+02
   0.232593E-04   0.870162E+07   0.870162E+07   0.115905E+08   0.115900E+08   0.000000E+00   0.870162E+07   0.870162E+07   0.871125E+07  -0.590381E+00   0.828286E+07   0.828286E+07   0.237306E+02
   0.256833E-04   0.870161E+07   0.870161E+07   0.115879E+08   0.115874E+08   0.000000E+00   0.870161E+07   0.870161E+07   0.871124E+07  -0.590380E+00   0.828286E+07   0.828285E+07   0.262016E+02
   0.283600E-04   0.870160E+07   0.870160E+07   0.115848E+08   0.115841E+08   0.000000E+00   0.870160E+07   0.870160E+07   0.871122E+07  -0.590379E+00   0.828284E+07   0.828284E+07   0.289293E+02
   0.313157E-04   0.870158E+07   0.870158E+07   0.115810E+08   0.115802E+08   0.000000E+00   0.870158E+07   0.870158E+07   0.871120E+07  -0.590378E+00   0.828283E+07   0.828282E+07   0.319402E+02
   0.345794E-04   0.870156E+07   0.870156E+07   0.115763E+08   0.115753E+08   0.000000E+00   0.870156E+07   0.870156E+07   0.871118E+07  -0.590376E+00   0.828281E+07   0.828281E+07   0.352635E+02
   0.381832E-04   0.870154E+07   0.870154E+07   0.115707E+08   0.115694E+08   0.000000E+00   0.870154E+07   0.870154E+07   0.871115E+07  -0.590374E+00   0.828279E+07   0.828278E+07   0.389313E+02
   0.421626E-04   0.870151E+07   0.870151E+07   0.115638E+08   0.115622E+08   0.000000E+00   0.870151E+07   0.870151E+07   0.871112E+07  -0.590372E+00   0.828276E+07   0.828276E+07   0.429788E+02
   0.465567E-04   0.870148E+07   0.870147E+07   0.115553E+08   0.115535E+08   0.000000E+00   0.870148E+07   0.870148E+07   0.871107E+07  -0.590369E+00   0.828273E+07   0.828272E+07   0.474447E+02
   0.514088E-04   0.870144E+07   0.870143E+07   0.115451E+08   0.115428E+08   0.000000E+00   0.870144E+07   0.870144E+07   0.871102E+07  -0.590365E+00   0.828269E+07   0.828268E+07   0.523715E+02
   0.567666E-04   0.870139E+07   0.870138E+07   0.115326E+08   0.115298E+08   0.000000E+00   0.870138E+07   0.870138E+07   0.871096E+07  -0.590361E+00   0.828264E+07   0.828263E+07   0.578055E+02
   0.626827E-04   0.870132E+07   0.870131E+07   0.115174E+08   0.115140E+08   0.000000E+00   0.870132E+07   0.870132E+07   0.871089E+07  -0.590355E+00   0.828258E+07   0.828257E+07   0.637976E+02
   0.692154E-04   0.870125E+07   0.870123E+07   0.114989E+08   0.114948E+08   0.000000E+00   0.870124E+07   0.870124E+07   0.871079E+07  -0.590349E+00   0.828251E+07   0.828250E+07   0.704029E+02
   0.764290E-04   0.870116E+07   0.870114E+07   0.114763E+08   0.114713E+08   0.000000E+00   0.870115E+07   0.870115E+07   0.871068E+07  -0.590341E+00   0.828242E+07   0.828241E+07   0.776816E+02
   0.843944E-04   0.870104E+07   0.870102E+07   0.114489E+08   0.114428E+08   0.000000E+00   0.870104E+07   0.870104E+07   0.871055E+07  -0.590331E+00   0.828232E+07   0.828230E+07   0.856986E+02
   0.931898E-04   0.870090E+07   0.870088E+07   0.114155E+08   0.114081E+08   0.000000E+00   0.870090E+07   0.870090E+07   0.871038E+07  -0.590319E+00   0.828219E+07   0.828216E+07   0.945239E+02
   0.102902E-03   0.870074E+07   0.870070E+07   0.113749E+08   0.113660E+08   0.000000E+00   0.870073E+07   0.870073E+07   0.871018E+07  -0.590305E+00   0.828203E+07   0.828200E+07   0.104233E+03
   0.113626E-03   0.870053E+07   0.870049E+07   0.113257E+08   0.113148E+08   0.000000E+00   0.870053E+07   0.870053E+07   0.870993E+07  -0.590287E+00   0.828184E+07   0.828180E+07   0.114904E+03
   0.125468E-03   0.870029E+07   0.870024E+07   0.112659E+08   0.112526E+08   0.000000E+00   0.870028E+07   0.870028E+07   0.870963E+07  -0.590266E+00   0.828160E+07   0.828156E+07   0.126622E+03
   0.138544E-03   0.869998E+07   0.869992E+07   0.111933E+08   0.111773E+08   0.000000E+00   0.869997E+07   0.869997E+07   0.870926E+07  -0.590240E+00   0.828132E+07   0.828126E+07   0.139472E+03
   0.152983E-03   0.869961E+07   0.869954E+07   0.111055E+08   0.110861E+08   0.000000E+00   0.869960E+07   0.869960E+07   0.870882E+07  -0.590208E+00   0.828097E+07   0.828090E+07   0.153544E+03
   0.168927E-03   0.869916E+07   0.869908E+07   0.109994E+08   0.109759E+08   0.000000E+00   0.869915E+07   0.869915E+07   0.870828E+07  -0.590170E+00   0.828055E+07   0.828046E+07   0.168925E+03
   0.186533E-03   0.869862E+07   0.869851E+07   0.108713E+08   0.108428E+08   0.000000E+00   0.869860E+07   0.869860E+07   0.870762E+07  -0.590123E+00   0.828003E+07   0.827993E+07   0.185697E+03
   0.205973E-03   0.869795E+07   0.869783E+07   0.107170E+08   0.106827E+08   0.000000E+00   0.869794E+07   0.869794E+07   0.870682E+07  -0.590066E+00   0.827940E+07   0.827928E+07   0.203935E+03
   0.227439E-03   0.869714E+07   0.869699E+07   0.105317E+08   0.104905E+08   0.000000E+00   0.869712E+07   0.869712E+07   0.870585E+07  -0.589996E+00   0.827864E+07   0.827849E+07   0.223699E+03
   0.251143E-03   0.869616E+07   0.869598E+07   0.103101E+08   0.102605E+08   0.000000E+00   0.869613E+07   0.869613E+07   0.870468E+07  -0.589912E+00   0.827771E+07   0.827752E+07   0.245024E+03
   0.277316E-03   0.869497E+07   0.869474E+07   0.100458E+08   0.998665E+07   0.000000E+00   0.869493E+07   0.869493E+07   0.870326E+07  -0.589811E+00   0.827658E+07   0.827636E+07   0.267912E+03
   0.306218E-03   0.869352E+07   0.869324E+07   0.973257E+07   0.966210E+07   0.000000E+00   0.869348E+07   0.869348E+07   0.870153E+07  -0.589688E+00   0.827521E+07   0.827494E+07   0.292315E+03
   0.338132E-03   0.869176E+07   0.869143E+07   0.936343E+07   0.927998E+07   0.000000E+00   0.869171E+07   0.869171E+07   0.869946E+07  -0.589539E+00   0.827354E+07   0.827322E+07   0.318118E+03
   0.373371E-03   0.868963E+07   0.868923E+07   0.893180E+07   0.883361E+07   0.000000E+00   0.868957E+07   0.868957E+07   0.869695E+07  -0.589360E+00   0.827153E+07   0.827114E+07   0.345120E+03
   0.412284E-03   0.868705E+07   0.868657E+07   0.843186E+07   0.831724E+07   0.000000E+00   0.868698E+07   0.868698E+07   0.869394E+07  -0.589145E+00   0.826908E+07   0.826862E+07   0.373000E+03
   0.455251E-03   0.868393E+07   0.868336E+07   0.785954E+07   0.772704E+07   0.000000E+00   0.868385E+07   0.868385E+07   0.869033E+07  -0.588887E+00   0.826612E+07   0.826557E+07   0.401300E+03
   0.502697E-03   0.868018E+07   0.867950E+07   0.721380E+07   0.706242E+07   0.000000E+00   0.868007E+07   0.868007E+07   0.868601E+07  -0.588578E+00   0.826255E+07   0.826190E+07   0.429385E+03
   0.555088E-03   0.867566E+07   0.867485E+07   0.649822E+07   0.632781E+07   0.000000E+00   0.867554E+07   0.867554E+07   0.868087E+07  -0.588210E+00   0.825825E+07   0.825749E+07   0.456422E+03
   0.612938E-03   0.867024E+07   0.866928E+07   0.572295E+07   0.553450E+07   0.000000E+00   0.867009E+07   0.867009E+07   0.867478E+07  -0.587774E+00   0.825308E+07   0.825219E+07   0.481368E+03
   0.676818E-03   0.866375E+07   0.866264E+07   0.490644E+07   0.470262E+07   0.000000E+00   0.866358E+07   0.866358E+07   0.866759E+07  -0.587260E+00   0.824689E+07   0.824586E+07   0.502969E+03
   0.747355E-03   0.865602E+07   0.865472E+07   0.407680E+07   0.386226E+07   0.000000E+00   0.865582E+07   0.865582E+07   0.865913E+07  -0.586656E+00   0.823949E+07   0.823831E+07   0.519804E+03
   0.825244E-03   0.864684E+07   0.864534E+07   0.327157E+07   0.305319E+07   0.000000E+00   0.864661E+07   0.864661E+07   0.864925E+07  -0.585951E+00   0.823068E+07   0.822936E+07   0.530380E+03
   0.911250E-03   0.863599E+07   0.863429E+07   0.253492E+07   0.232164E+07   0.000000E+00   0.863573E+07   0.863573E+07   0.863776E+07  -0.585134E+00   0.822026E+07   0.821879E+07   0.533284E+03
   0.100622E-02   0.862322E+07   0.862131E+07   0.191109E+07   0.171315E+07   0.000000E+00   0.862293E+07   0.862293E+07   0.862445E+07  -0.584191E+00   0.820798E+07   0.820637E+07   0.527412E+03
   0.111109E-02   0.860828E+07   0.860616E+07   0.143374E+07   0.126113E+07   0.000000E+00   0.860795E+07   0.860795E+07   0.860908E+07  -0.583109E+00   0.819358E+07   0.819186E+07   0.512242E+03
   0.122688E-02   0.859088E+07   0.858857E+07   0.111288E+07   0.973223E+06   0.000000E+00   0.859052E+07   0.859052E+07   0.859140E+07  -0.581872E+00   0.817682E+07   0.817501E+07   0.488093E+03
   0.135475E-02   0.857073E+07   0.856826E+07   0.924755E+06   0.821186E+06   0.000000E+00   0.857035E+07   0.857035E+07   0.857108E+07  -0.580462E+00   0.815741E+07   0.815554E+07   0.456284E+03
   0.149594E-02   0.854750E+07   0.854491E+07   0.813266E+06   0.743322E+06   0.000000E+00   0.854710E+07   0.854710E+07   0.854775E+07  -0.578856E+00   0.813506E+07   0.813317E+07   0.419052E+03
   0.165184E-02   0.852083E+07   0.851816E+07   0.710858E+06   0.667533E+06   0.000000E+00   0.852042E+07   0.852042E+07   0.852100E+07  -0.577027E+00   0.810946E+07   0.810757E+07   0.379180E+03
   0.182399E-02   0.849035E+07   0.848764E+07   0.576004E+06   0.550930E+06   0.000000E+00   0.848993E+07   0.848993E+07   0.849040E+07  -0.574945E+00   0.808026E+07   0.807839E+07   0.339392E+03
   0.201409E-02   0.845563E+07   0.845289E+07   0.423306E+06   0.409933E+06   0.000000E+00   0.845520E+07   0.845520E+07   0.845555E+07  -0.572577E+00   0.804706E+07   0.804522E+07   0.301824E+03
   0.222400E-02   0.841619E+07   0.841344E+07   0.308616E+06   0.302337E+06   0.000000E+00   0.841577E+07   0.841577E+07   0.841602E+07  -0.569891E+00   0.800940E+07   0.800760E+07   0.267880E+03
   0.245578E-02   0.837156E+07   0.836875E+07   0.262155E+06   0.257712E+06   0.000000E+00   0.837112E+07   0.837112E+07   0.837134E+07  -0.566855E+00   0.796680E+07   0.796503E+07   0.238465E+03
   0.271172E-02   0.832120E+07   0.831829E+07   0.241412E+06   0.207794E+06   0.000000E+00   0.832075E+07   0.832075E+07   0.832094E+07  -0.563435E+00   0.791876E+07   0.791701E+07   0.214043E+03
   0.299433E-02   0.826457E+07   0.826149E+07   0.192857E+06   0.169272E+06   0.000000E+00   0.826409E+07   0.826409E+07   0.826425E+07  -0.559592E+00   0.786476E+07   0.786301E+07   0.194093E+03
   0.330639E-02   0.820110E+07   0.819780E+07   0.142904E+06   0.137768E+06   0.000000E+00   0.820059E+07   0.820059E+07   0.820071E+07  -0.555286E+00   0.780427E+07   0.780250E+07   0.176854E+03
   0.365098E-02   0.813020E+07   0.812664E+07   0.126389E+06   0.112017E+06   0.000000E+00   0.812965E+07   0.812965E+07   0.812975E+07  -0.550478E+00   0.773670E+07   0.773493E+07   0.160550E+03
   0.403148E-02   0.805127E+07   0.804742E+07   0.100492E+06   0.909806E+05   0.000000E+00   0.805067E+07   0.805067E+07   0.805075E+07  -0.545126E+00   0.766149E+07   0.765973E+07   0.144733E+03
   0.445164E-02   0.796368E+07   0.795951E+07   0.763493E+05   0.738072E+05   0.000000E+00   0.796304E+07   0.796304E+07   0.796310E+07  -0.539189E+00   0.757806E+07   0.757631E+07   0.129861E+03
   0.491559E-02   0.786682E+07   0.786225E+07   0.712953E+05   0.597971E+05   0.000000E+00   0.786612E+07   0.786612E+07   0.786617E+07  -0.532624E+00   0.748579E+07   0.748406E+07   0.116681E+03
   0.542788E-02   0.776005E+07   0.775498E+07   0.506192E+05   0.483771E+05   0.000000E+00   0.775927E+07   0.775927E+07   0.775931E+07  -0.525387E+00   0.738408E+07   0.738236E+07   0.105430E+03
   0.599357E-02   0.764275E+07   0.763706E+07   0.426097E+05   0.390764E+05   0.000000E+00   0.764187E+07   0.764187E+07   0.764190E+07  -0.517436E+00   0.727234E+07   0.727062E+07   0.952841E+02
   0.661821E-02   0.751428E+07   0.750788E+07   0.329439E+05   0.315095E+05   0.000000E+00   0.751329E+07   0.751329E+07   0.751332E+07  -0.508729E+00   0.714997E+07   0.714825E+07   0.858179E+02
   0.730796E-02   0.737403E+07   0.736677E+07   0.251786E+05   0.253597E+05   0.000000E+00   0.737291E+07   0.737291E+07   0.737293E+07  -0.499222E+00   0.701636E+07   0.701465E+07   0.773371E+02
   0.806958E-02   0.722136E+07   0.721308E+07   0.220305E+05   0.203676E+05   0.000000E+00   0.722008E+07   0.722008E+07   0.722010E+07  -0.488874E+00   0.687092E+07   0.686922E+07   0.699194E+02
   0.891059E-02   0.705567E+07   0.704617E+07   0.173381E+05   0.163207E+05   0.000000E+00   0.705421E+07   0.705421E+07   0.705422E+07  -0.477642E+00   0.671306E+07   0.671136E+07   0.632011E+02
   0.983924E-02   0.687636E+07   0.686542E+07   0.133802E+05   0.130447E+05   0.000000E+00   0.687467E+07   0.687467E+07   0.687468E+07  -0.465485E+00   0.654221E+07   0.654051E+07   0.571901E+02
   0.108647E-01   0.668282E+07   0.667019E+07   0.107484E+05   0.103970E+05   0.000000E+00   0.668087E+07   0.668087E+07   0.668088E+07  -0.452362E+00   0.635778E+07   0.635608E+07   0.518770E+02
   0.119970E-01   0.647450E+07   0.645988E+07   0.851626E+04   0.826072E+04   0.000000E+00   0.647224E+07   0.647224E+07   0.647225E+07  -0.438235E+00   0.615924E+07   0.615754E+07   0.471198E+02
   0.132473E-01   0.625087E+07   0.623398E+07   0.690417E+04   0.654052E+04   0.000000E+00   0.624826E+07   0.624826E+07   0.624827E+07  -0.423069E+00   0.594610E+07   0.594438E+07   0.429080E+02
   0.146279E-01   0.601152E+07   0.599202E+07   0.507909E+04   0.515833E+04   0.000000E+00   0.600851E+07   0.600851E+07   0.600852E+07  -0.406836E+00   0.571796E+07   0.571623E+07   0.391511E+02
   0.161524E-01   0.575621E+07   0.573377E+07   0.409608E+04   0.405047E+04   0.000000E+00   0.575275E+07   0.575275E+07   0.575275E+07  -0.389518E+00   0.547457E+07   0.547283E+07   0.357984E+02
   0.178358E-01   0.548497E+07   0.545928E+07   0.313016E+04   0.316503E+04   0.000000E+00   0.548100E+07   0.548100E+07   0.548101E+07  -0.371118E+00   0.521598E+07   0.521422E+07   0.327834E+02
   0.196946E-01   0.519825E+07   0.516905E+07   0.265028E+04   0.245972E+04   0.000000E+00   0.519374E+07   0.519374E+07   0.519375E+07  -0.351667E+00   0.494263E+07   0.494084E+07   0.300415E+02
   0.217472E-01   0.489716E+07   0.486428E+07   0.207607E+04   0.190014E+04   0.000000E+00   0.489208E+07   0.489208E+07   0.489209E+07  -0.331242E+00   0.465557E+07   0.465376E+07   0.275069E+02
   0.240136E-01   0.458368E+07   0.454712E+07   0.148455E+04   0.145833E+04   0.000000E+00   0.457804E+07   0.457804E+07   0.457804E+07  -0.309978E+00   0.435672E+07   0.435490E+07   0.251141E+02
   0.265163E-01   0.426098E+07   0.422098E+07   0.108453E+04   0.111158E+04   0.000000E+00   0.425481E+07   0.425481E+07   0.425481E+07  -0.288092E+00   0.404914E+07   0.404732E+07   0.227944E+02
   0.292798E-01   0.393369E+07   0.389078E+07   0.915549E+03   0.841423E+03   0.000000E+00   0.392706E+07   0.392706E+07   0.392707E+07  -0.265901E+00   0.373726E+07   0.373545E+07   0.204870E+02
   0.323313E-01   0.360798E+07   0.356311E+07   0.704125E+03   0.632792E+03   0.000000E+00   0.360106E+07   0.360106E+07   0.360106E+07  -0.243827E+00   0.342702E+07   0.342525E+07   0.181478E+02
   0.357009E-01   0.329154E+07   0.324606E+07   0.459844E+03   0.473357E+03   0.000000E+00   0.328452E+07   0.328452E+07   0.328452E+07  -0.222394E+00   0.312579E+07   0.312410E+07   0.157482E+02
   0.394216E-01   0.299291E+07   0.294860E+07   0.362533E+03   0.352944E+03   0.000000E+00   0.298607E+07   0.298607E+07   0.298607E+07  -0.202186E+00   0.284178E+07   0.284020E+07   0.132926E+02
   0.435300E-01   0.272032E+07   0.267919E+07   0.294278E+03   0.263088E+03   0.000000E+00   0.271397E+07   0.271397E+07   0.271397E+07  -0.183762E+00   0.258282E+07   0.258140E+07   0.108280E+02
   0.478830E-01   0.248754E+07   0.245132E+07   0.206175E+03   0.198842E+03   0.000000E+00   0.248195E+07   0.248195E+07   0.248195E+07  -0.168052E+00   0.236200E+07   0.236077E+07   0.853710E+01
   0.522360E-01   0.230372E+07   0.227321E+07   0.160477E+03   0.154770E+03   0.000000E+00   0.229901E+07   0.229901E+07   0.229901E+07  -0.155665E+00   0.218789E+07   0.218685E+07   0.661885E+01
   0.565890E-01   0.215379E+07   0.212895E+07   0.127875E+03   0.123327E+03   0.000000E+00   0.214996E+07   0.214996E+07   0.214996E+07  -0.145573E+00   0.204602E+07   0.204515E+07   0.509220E+01
   0.609421E-01   0.202708E+07   0.200719E+07   0.103803E+03   0.100111E+03   0.000000E+00   0.202401E+07   0.202401E+07   0.202401E+07  -0.137045E+00   0.192615E+07   0.192543E+07   0.395175E+01
   0.652951E-01   0.191357E+07   0.189742E+07   0.853792E+02   0.823423E+02   0.000000E+00   0.191107E+07   0.191107E+07   0.191108E+07  -0.129398E+00   0.181867E+07   0.181804E+07   0.316127E+01
   0.696481E-01   0.180620E+07   0.179240E+07   0.708390E+02   0.683193E+02   0.000000E+00   0.180407E+07   0.180407E+07   0.180407E+07  -0.122153E+00   0.171683E+07   0.171627E+07   0.266294E+01
   0.740011E-01   0.170079E+07   0.168798E+07   0.590890E+02   0.569872E+02   0.000000E+00   0.169881E+07   0.169881E+07   0.169881E+07  -0.115026E+00   0.161666E+07   0.161613E+07   0.238569E+01
   0.783541E-01   0.159608E+07   0.158315E+07   0.494564E+02   0.476973E+02   0.000000E+00   0.159409E+07   0.159409E+07   0.159409E+07  -0.107935E+00   0.151701E+07   0.151648E+07   0.225508E+01
   0.827071E-01   0.149315E+07   0.147938E+07   0.415172E+02   0.400405E+02   0.000000E+00   0.149103E+07   0.149103E+07   0.149103E+07  -0.100957E+00   0.141894E+07   0.141839E+07   0.220213E+01
   0.870601E-01   0.139434E+07   0.137944E+07   0.349812E+02   0.337370E+02   0.000000E+00   0.139204E+07   0.139204E+07   0.139204E+07  -0.942548E-01   0.132475E+07   0.132418E+07   0.217029E+01
   0.914131E-01   0.130220E+07   0.128630E+07   0.296249E+02   0.285712E+02   0.000000E+00   0.129975E+07   0.129975E+07   0.129975E+07  -0.880055E-01   0.123692E+07   0.123634E+07   0.211958E+01
   0.968283E-01   0.120028E+07   0.118376E+07   0.243312E+02   0.234658E+02   0.000000E+00   0.119773E+07   0.119773E+07   0.119773E+07  -0.810981E-01   0.113985E+07   0.113926E+07   0.199842E+01
   0.102244E+00   0.111525E+07   0.109907E+07   0.202737E+02   0.195526E+02   0.000000E+00   0.111275E+07   0.111275E+07   0.111275E+07  -0.753442E-01   0.105898E+07   0.105842E+07   0.180735E+01
   0.107659E+00   0.104756E+07   0.103265E+07   0.171764E+02   0.165655E+02   0.000000E+00   0.104526E+07   0.104526E+07   0.104526E+07  -0.707740E-01   0.994739E+06   0.994230E+06   0.156661E+01
   0.113074E+00   0.994386E+06   0.981395E+06   0.147831E+02   0.142573E+02   0.000000E+00   0.992381E+06   0.992381E+06   0.992381E+06  -0.671938E-01   0.944414E+06   0.943966E+06   0.131036E+01
   0.118489E+00   0.950880E+06   0.940007E+06   0.128772E+02   0.124192E+02   0.000000E+00   0.949202E+06   0.949202E+06   0.949202E+06  -0.642702E-01   0.903315E+06   0.902931E+06   0.107371E+01
   0.123905E+00   0.912104E+06   0.903118E+06   0.112989E+02   0.108971E+02   0.000000E+00   0.910717E+06   0.910717E+06   0.910717E+06  -0.616644E-01   0.866685E+06   0.866355E+06   0.883100E+00
   0.129320E+00   0.874181E+06   0.866541E+06   0.994302E+01   0.958936E+01   0.000000E+00   0.873002E+06   0.873002E+06   0.873002E+06  -0.591107E-01   0.830790E+06   0.830496E+06   0.750990E+00
   0.134735E+00   0.834720E+06   0.827753E+06   0.874690E+01   0.843578E+01   0.000000E+00   0.833644E+06   0.833644E+06   0.833644E+06  -0.564458E-01   0.793334E+06   0.793060E+06   0.675382E+00
   0.140150E+00   0.793101E+06   0.786190E+06   0.768047E+01   0.740729E+01   0.000000E+00   0.792034E+06   0.792034E+06   0.792034E+06  -0.536284E-01   0.753738E+06   0.753466E+06   0.643238E+00
   0.145566E+00   0.750333E+06   0.743060E+06   0.673463E+01   0.649509E+01   0.000000E+00   0.749211E+06   0.749211E+06   0.749211E+06  -0.507289E-01   0.712988E+06   0.712709E+06   0.635928E+00
   0.150981E+00   0.708302E+06   0.700515E+06   0.590825E+01   0.569810E+01   0.000000E+00   0.707100E+06   0.707100E+06   0.707100E+06  -0.478775E-01   0.672918E+06   0.672628E+06   0.634758E+00
   0.156396E+00   0.669027E+06   0.660830E+06   0.519979E+01   0.501485E+01   0.000000E+00   0.667762E+06   0.667762E+06   0.667762E+06  -0.452140E-01   0.635485E+06   0.635190E+06   0.625313E+00
   0.161811E+00   0.634235E+06   0.625910E+06   0.460430E+01   0.444054E+01   0.000000E+00   0.632950E+06   0.632950E+06   0.632950E+06  -0.428569E-01   0.602357E+06   0.602064E+06   0.599904E+00
   0.167227E+00   0.604912E+06   0.596814E+06   0.411145E+01   0.396522E+01   0.000000E+00   0.603662E+06   0.603662E+06   0.603662E+06  -0.408738E-01   0.574485E+06   0.574204E+06   0.557810E+00
   0.172642E+00   0.580898E+06   0.573345E+06   0.370467E+01   0.357291E+01   0.000000E+00   0.579732E+06   0.579732E+06   0.579732E+06  -0.392535E-01   0.551711E+06   0.551448E+06   0.503710E+00
   0.178057E+00   0.561003E+06   0.554193E+06   0.336396E+01   0.324431E+01   0.000000E+00   0.559952E+06   0.559952E+06   0.559952E+06  -0.379142E-01   0.532884E+06   0.532645E+06   0.445176E+00
   0.183472E+00   0.543619E+06   0.537596E+06   0.307067E+01   0.296146E+01   0.000000E+00   0.542690E+06   0.542690E+06   0.542690E+06  -0.367454E-01   0.516454E+06   0.516238E+06   0.390092E+00
   0.188888E+00   0.527245E+06   0.521907E+06   0.281031E+01   0.271035E+01   0.000000E+00   0.526421E+06   0.526421E+06   0.526421E+06  -0.356438E-01   0.500970E+06   0.500774E+06   0.344561E+00
   0.194303E+00   0.510687E+06   0.505834E+06   0.257270E+01   0.248119E+01   0.000000E+00   0.509938E+06   0.509938E+06   0.509938E+06  -0.345278E-01   0.485283E+06   0.485100E+06   0.311663E+00
   0.199718E+00   0.493222E+06   0.488615E+06   0.235186E+01   0.226821E+01   0.000000E+00   0.492511E+06   0.492511E+06   0.492511E+06  -0.333478E-01   0.468698E+06   0.468523E+06   0.291239E+00
   0.205133E+00   0.474772E+06   0.470200E+06   0.214583E+01   0.206951E+01   0.000000E+00   0.474066E+06   0.474066E+06   0.474066E+06  -0.320989E-01   0.451146E+06   0.450972E+06   0.280564E+00
   0.210549E+00   0.455851E+06   0.451176E+06   0.195549E+01   0.188594E+01   0.000000E+00   0.455129E+06   0.455129E+06   0.455129E+06  -0.308167E-01   0.433126E+06   0.432951E+06   0.275514E+00
   0.215964E+00   0.437254E+06   0.432432E+06   0.178260E+01   0.171920E+01   0.000000E+00   0.436510E+06   0.436510E+06   0.436510E+06  -0.295559E-01   0.415408E+06   0.415230E+06   0.271820E+00
   0.221379E+00   0.419754E+06   0.414826E+06   0.162837E+01   0.157045E+01   0.000000E+00   0.418993E+06   0.418993E+06   0.418993E+06  -0.283699E-01   0.398739E+06   0.398561E+06   0.266101E+00
   0.226794E+00   0.403926E+06   0.398995E+06   0.149291E+01   0.143982E+01   0.000000E+00   0.403165E+06   0.403165E+06   0.403165E+06  -0.272982E-01   0.383676E+06   0.383501E+06   0.256483E+00
   0.232210E+00   0.390044E+06   0.385235E+06   0.137513E+01   0.132622E+01   0.000000E+00   0.389302E+06   0.389302E+06   0.389302E+06  -0.263595E-01   0.370484E+06   0.370314E+06   0.242717E+00
   0.237625E+00   0.378036E+06   0.373457E+06   0.127278E+01   0.122751E+01   0.000000E+00   0.377329E+06   0.377329E+06   0.377329E+06  -0.255488E-01   0.359089E+06   0.358927E+06   0.225887E+00
   0.243040E+00   0.367537E+06   0.363259E+06   0.118300E+01   0.114092E+01   0.000000E+00   0.366876E+06   0.366876E+06   0.366876E+06  -0.248411E-01   0.349141E+06   0.348989E+06   0.207851E+00
   0.248455E+00   0.358028E+06   0.354066E+06   0.110281E+01   0.106359E+01   0.000000E+00   0.357416E+06   0.357416E+06   0.357416E+06  -0.242006E-01   0.340138E+06   0.339995E+06   0.190601E+00
   0.253871E+00   0.348955E+06   0.345273E+06   0.102958E+01   0.992963E+00   0.000000E+00   0.348386E+06   0.348386E+06   0.348386E+06  -0.235891E-01   0.331544E+06   0.331409E+06   0.175728E+00
   0.259286E+00   0.339848E+06   0.336377E+06   0.961321E+00   0.927129E+00   0.000000E+00   0.339312E+06   0.339312E+06   0.339312E+06  -0.229747E-01   0.322908E+06   0.322779E+06   0.164089E+00
   0.264701E+00   0.330453E+06   0.327110E+06   0.896905E+00   0.865004E+00   0.000000E+00   0.329937E+06   0.329937E+06   0.329937E+06  -0.223399E-01   0.313986E+06   0.313861E+06   0.155745E+00
   0.270116E+00   0.320777E+06   0.317487E+06   0.836064E+00   0.806327E+00   0.000000E+00   0.320269E+06   0.320269E+06   0.320269E+06  -0.216854E-01   0.304786E+06   0.304663E+06   0.150088E+00
   0.275532E+00   0.311012E+06   0.307723E+06   0.779021E+00   0.751313E+00   0.000000E+00   0.310504E+06   0.310504E+06   0.310504E+06  -0.210242E-01   0.295493E+06   0.295372E+06   0.146106E+00
   0.280947E+00   0.301411E+06   0.298105E+06   0.726103E+00   0.700277E+00   0.000000E+00   0.300901E+06   0.300901E+06   0.300901E+06  -0.203739E-01   0.286355E+06   0.286234E+06   0.142694E+00
   0.286362E+00   0.292228E+06   0.288916E+06   0.677565E+00   0.653466E+00   0.000000E+00   0.291716E+06   0.291716E+06   0.291716E+06  -0.197520E-01   0.277614E+06   0.277494E+06   0.138933E+00
   0.291777E+00   0.283679E+06   0.280393E+06   0.633530E+00   0.610997E+00   0.000000E+00   0.283172E+06   0.283172E+06   0.283172E+06  -0.191735E-01   0.269483E+06   0.269365E+06   0.134275E+00
   0.297192E+00   0.275894E+06   0.272676E+06   0.593886E+00   0.572763E+00   0.000000E+00   0.275397E+06   0.275397E+06   0.275397E+06  -0.186471E-01   0.262084E+06   0.261969E+06   0.128594E+00
   0.302608E+00   0.268859E+06   0.265748E+06   0.558223E+00   0.538369E+00   0.000000E+00   0.268379E+06   0.268379E+06   0.268379E+06  -0.181718E-01   0.255405E+06   0.255293E+06   0.122122E+00
   0.308023E+00   0.262439E+06   0.259459E+06   0.525923E+00   0.507217E+00   0.000000E+00   0.261979E+06   0.261979E+06   0.261979E+06  -0.177386E-01   0.249315E+06   0.249208E+06   0.115314E+00
   0.313438E+00   0.256447E+06   0.253606E+06   0.496333E+00   0.478680E+00   0.000000E+00   0.256009E+06   0.256009E+06   0.256009E+06  -0.173343E-01   0.243633E+06   0.243530E+06   0.108695E+00
   0.318853E+00   0.250700E+06   0.247987E+06   0.468889E+00   0.452211E+00   0.000000E+00   0.250281E+06   0.250281E+06   0.250281E+06  -0.169465E-01   0.238182E+06   0.238083E+06   0.102713E+00
   0.324269E+00   0.245043E+06   0.242435E+06   0.443141E+00   0.427380E+00   0.000000E+00   0.244640E+06   0.244640E+06   0.244640E+06  -0.165645E-01   0.232813E+06   0.232718E+06   0.976390E-01
   0.329684E+00   0.239372E+06   0.236840E+06   0.418786E+00   0.403891E+00   0.000000E+00   0.238981E+06   0.238981E+06   0.238981E+06  -0.161813E-01   0.227427E+06   0.227334E+06   0.935271E-01
   0.335099E+00   0.233659E+06   0.231176E+06   0.395683E+00   0.381609E+00   0.000000E+00   0.233276E+06   0.233276E+06   0.233276E+06  -0.157951E-01   0.221998E+06   0.221907E+06   0.902455E-01
   0.340514E+00   0.227956E+06   0.225502E+06   0.373836E+00   0.360539E+00   0.000000E+00   0.227577E+06   0.227577E+06   0.227577E+06  -0.154092E-01   0.216575E+06   0.216485E+06   0.875401E-01
   0.345930E+00   0.222353E+06   0.219919E+06   0.353309E+00   0.340743E+00   0.000000E+00   0.221977E+06   0.221977E+06   0.221977E+06  -0.150300E-01   0.211246E+06   0.211157E+06   0.851141E-01
   0.351345E+00   0.216943E+06   0.214531E+06   0.334160E+00   0.322275E+00   0.000000E+00   0.216571E+06   0.216571E+06   0.216571E+06  -0.146639E-01   0.206101E+06   0.206014E+06   0.827025E-01
   0.356760E+00   0.211799E+06   0.209418E+06   0.316402E+00   0.305148E+00   0.000000E+00   0.211432E+06   0.211432E+06   0.211432E+06  -0.143160E-01   0.201211E+06   0.201124E+06   0.801285E-01
   0.362175E+00   0.206964E+06   0.204626E+06   0.300000E+00   0.289329E+00   0.000000E+00   0.206603E+06   0.206603E+06   0.206603E+06  -0.139891E-01   0.196616E+06   0.196531E+06   0.773277E-01
   0.367591E+00   0.202442E+06   0.200160E+06   0.284864E+00   0.274732E+00   0.000000E+00   0.202090E+06   0.202090E+06   0.202090E+06  -0.136835E-01   0.192321E+06   0.192238E+06   0.743383E-01
   0.373006E+00   0.198197E+06   0.195980E+06   0.270855E+00   0.261222E+00   0.000000E+00   0.197855E+06   0.197855E+06   0.197855E+06  -0.133967E-01   0.188290E+06   0.188210E+06   0.712693E-01
   0.378421E+00   0.194167E+06   0.192018E+06   0.257813E+00   0.248643E+00   0.000000E+00   0.193836E+06   0.193836E+06   0.193836E+06  -0.131246E-01   0.184465E+06   0.184387E+06   0.682590E-01
   0.383836E+00   0.190288E+06   0.188204E+06   0.245587E+00   0.236853E+00   0.000000E+00   0.189966E+06   0.189966E+06   0.189966E+06  -0.128625E-01   0.180782E+06   0.180707E+06   0.654357E-01
   0.389252E+00   0.186503E+06   0.184478E+06   0.234056E+00   0.225731E+00   0.000000E+00   0.186190E+06   0.186190E+06   0.186190E+06  -0.126069E-01   0.177189E+06   0.177115E+06   0.628870E-01
   0.394667E+00   0.182773E+06   0.180797E+06   0.223126E+00   0.215190E+00   0.000000E+00   0.182468E+06   0.182468E+06   0.182468E+06  -0.123549E-01   0.173647E+06   0.173575E+06   0.606434E-01
   0.400082E+00   0.179078E+06   0.177140E+06   0.212736E+00   0.205170E+00   0.000000E+00   0.178779E+06   0.178779E+06   0.178779E+06  -0.121051E-01   0.170136E+06   0.170065E+06   0.586808E-01
   0.405497E+00   0.175423E+06   0.173516E+06   0.202864E+00   0.195648E+00   0.000000E+00   0.175129E+06   0.175129E+06   0.175129E+06  -0.118579E-01   0.166662E+06   0.166593E+06   0.569361E-01
   0.410913E+00   0.171837E+06   0.169956E+06   0.193511E+00   0.186629E+00   0.000000E+00   0.171547E+06   0.171547E+06   0.171547E+06  -0.116154E-01   0.163254E+06   0.163185E+06   0.553291E-01
   0.416328E+00   0.168353E+06   0.166497E+06   0.184686E+00   0.178117E+00   0.000000E+00   0.168067E+06   0.168067E+06   0.168067E+06  -0.113798E-01   0.159942E+06   0.159874E+06   0.537820E-01
   0.421743E+00   0.164993E+06   0.163164E+06   0.176380E+00   0.170106E+00   0.000000E+00   0.164711E+06   0.164711E+06   0.164711E+06  -0.111525E-01   0.156749E+06   0.156682E+06   0.522358E-01
   0.427158E+00   0.161770E+06   0.159971E+06   0.168576E+00   0.162580E+00   0.000000E+00   0.161492E+06   0.161492E+06   0.161492E+06  -0.109346E-01   0.153685E+06   0.153620E+06   0.506604E-01
   0.432574E+00   0.158688E+06   0.156923E+06   0.161250E+00   0.155514E+00   0.000000E+00   0.158415E+06   0.158415E+06   0.158415E+06  -0.107263E-01   0.150757E+06   0.150693E+06   0.490562E-01
   0.437989E+00   0.155744E+06   0.154016E+06   0.154370E+00   0.148880E+00   0.000000E+00   0.155477E+06   0.155477E+06   0.155477E+06  -0.105273E-01   0.147961E+06   0.147898E+06   0.474468E-01
   0.443404E+00   0.152919E+06   0.151230E+06   0.147892E+00   0.142632E+00   0.000000E+00   0.152659E+06   0.152659E+06   0.152659E+06  -0.103365E-01   0.145279E+06   0.145217E+06   0.458672E-01
   0.448819E+00   0.150186E+06   0.148535E+06   0.141766E+00   0.136724E+00   0.000000E+00   0.149932E+06   0.149932E+06   0.149932E+06  -0.101518E-01   0.142683E+06   0.142623E+06   0.443525E-01
   0.454235E+00   0.147523E+06   0.145908E+06   0.135953E+00   0.131117E+00   0.000000E+00   0.147274E+06   0.147274E+06   0.147274E+06  -0.997187E-02   0.140154E+06   0.140095E+06   0.429303E-01
   0.459650E+00   0.144918E+06   0.143335E+06   0.130424E+00   0.125786E+00   0.000000E+00   0.144674E+06   0.144674E+06   0.144674E+06  -0.979583E-02   0.137680E+06   0.137622E+06   0.416144E-01
   0.465065E+00   0.142364E+06   0.140810E+06   0.125159E+00   0.120708E+00   0.000000E+00   0.142124E+06   0.142124E+06   0.142124E+06  -0.962318E-02   0.135253E+06   0.135197E+06   0.404033E-01
   0.470480E+00   0.139854E+06   0.138325E+06   0.120139E+00   0.115866E+00   0.000000E+00   0.139618E+06   0.139618E+06   0.139618E+06  -0.945352E-02   0.132869E+06   0.132813E+06   0.392817E-01
   0.475896E+00   0.137391E+06   0.135886E+06   0.115352E+00   0.111249E+00   0.000000E+00   0.137159E+06   0.137159E+06   0.137159E+06  -0.928700E-02   0.130528E+06   0.130473E+06   0.382277E-01
   0.481311E+00   0.134986E+06   0.133503E+06   0.110796E+00   0.106855E+00   0.000000E+00   0.134758E+06   0.134758E+06   0.134758E+06  -0.912439E-02   0.128243E+06   0.128189E+06   0.372186E-01
   0.486726E+00   0.132651E+06   0.131189E+06   0.106469E+00   0.102682E+00   0.000000E+00   0.132425E+06   0.132425E+06   0.132425E+06  -0.896649E-02   0.126024E+06   0.125970E+06   0.362354E-01
   0.492141E+00   0.130389E+06   0.128950E+06   0.102363E+00   0.987221E-01   0.000000E+00   0.130167E+06   0.130167E+06   0.130167E+06  -0.881356E-02   0.123874E+06   0.123822E+06   0.352657E-01
   0.497557E+00   0.128199E+06   0.126783E+06   0.984646E-01   0.949624E-01   0.000000E+00   0.127980E+06   0.127980E+06   0.127980E+06  -0.866550E-02   0.121793E+06   0.121742E+06   0.343049E-01
   0.502972E+00   0.126079E+06   0.124687E+06   0.947627E-01   0.913922E-01   0.000000E+00   0.125864E+06   0.125864E+06   0.125864E+06  -0.852223E-02   0.119780E+06   0.119729E+06   0.333561E-01
   0.508387E+00   0.124027E+06   0.122660E+06   0.912456E-01   0.880002E-01   0.000000E+00   0.123816E+06   0.123816E+06   0.123816E+06  -0.838358E-02   0.117831E+06   0.117781E+06   0.324276E-01
   0.513802E+00   0.122037E+06   0.120694E+06   0.878987E-01   0.847724E-01   0.000000E+00   0.121829E+06   0.121829E+06   0.121829E+06  -0.824903E-02   0.115940E+06   0.115891E+06   0.315288E-01
   0.519218E+00   0.120096E+06   0.118777E+06   0.847064E-01   0.816936E-01   0.000000E+00   0.119893E+06   0.119893E+06   0.119893E+06  -0.811790E-02   0.114097E+06   0.114049E+06   0.306673E-01
   0.524633E+00   0.118199E+06   0.116902E+06   0.816561E-01   0.787518E-01   0.000000E+00   0.117999E+06   0.117999E+06   0.117999E+06  -0.798966E-02   0.112294E+06   0.112247E+06   0.298480E-01
   0.530048E+00   0.116342E+06   0.115066E+06   0.787394E-01   0.759388E-01   0.000000E+00   0.116145E+06   0.116145E+06   0.116145E+06  -0.786413E-02   0.110530E+06   0.110483E+06   0.290719E-01
   0.535463E+00   0.114524E+06   0.113268E+06   0.759491E-01   0.732478E-01   0.000000E+00   0.114330E+06   0.114330E+06   0.114330E+06  -0.774124E-02   0.108803E+06   0.108757E+06   0.283363E-01
   0.540879E+00   0.112743E+06   0.111506E+06   0.732786E-01   0.706723E-01   0.000000E+00   0.112552E+06   0.112552E+06   0.112552E+06  -0.762088E-02   0.107111E+06   0.107066E+06   0.276352E-01
   0.546294E+00   0.111000E+06   0.109781E+06   0.707223E-01   0.682069E-01   0.000000E+00   0.110812E+06   0.110812E+06   0.110812E+06  -0.750305E-02   0.105455E+06   0.105410E+06   0.269617E-01
   0.551709E+00   0.109298E+06   0.108096E+06   0.682772E-01   0.658487E-01   0.000000E+00   0.109112E+06   0.109112E+06   0.109112E+06  -0.738796E-02   0.103837E+06   0.103794E+06   0.263097E-01
   0.557124E+00   0.107639E+06   0.106455E+06   0.659402E-01   0.635949E-01   0.000000E+00   0.107456E+06   0.107456E+06   0.107456E+06  -0.727584E-02   0.102262E+06   0.102218E+06   0.256745E-01
   0.562540E+00   0.106024E+06   0.104857E+06   0.637065E-01   0.614406E-01   0.000000E+00   0.105844E+06   0.105844E+06   0.105844E+06  -0.716669E-02   0.100727E+06   0.100685E+06   0.250535E-01
   0.567955E+00   0.104451E+06   0.103301E+06   0.615701E-01   0.593802E-01   0.000000E+00   0.104274E+06   0.104274E+06   0.104274E+06  -0.706034E-02   0.992328E+05   0.991909E+05   0.244459E-01
   0.573370E+00   0.102918E+06   0.101785E+06   0.595256E-01   0.574085E-01   0.000000E+00   0.102743E+06   0.102743E+06   0.102743E+06  -0.695669E-02   0.977760E+05   0.977347E+05   0.238528E-01
   0.578785E+00   0.101423E+06   0.100308E+06   0.575687E-01   0.555211E-01   0.000000E+00   0.101251E+06   0.101251E+06   0.101251E+06  -0.685567E-02   0.963561E+05   0.963154E+05   0.232765E-01
   0.630078E+00   0.887788E+05   0.878027E+05   0.425213E-01   0.410089E-01   0.000000E+00   0.886282E+05   0.886282E+05   0.886282E+05  -0.600099E-02   0.843436E+05   0.843080E+05   0.187274E-01
   0.769579E+00   0.646303E+05   0.639203E+05   0.207499E-01   0.200119E-01   0.000000E+00   0.645207E+05   0.645207E+05   0.645207E+05  -0.436868E-02   0.614016E+05   0.613756E+05   0.111795E-01
   0.939966E+00   0.468156E+05   0.463015E+05   0.100752E-01   0.971682E-02   0.000000E+00   0.467363E+05   0.467363E+05   0.467363E+05  -0.316450E-02   0.444769E+05   0.444581E+05   0.665167E-02
   0.114808E+01   0.337590E+05   0.333883E+05   0.487005E-02   0.469683E-02   0.000000E+00   0.337018E+05   0.337018E+05   0.337018E+05  -0.228194E-02   0.320725E+05   0.320589E+05   0.394735E-02
   0.140226E+01   0.242445E+05   0.239783E+05   0.234444E-02   0.226105E-02   0.000000E+00   0.242034E+05   0.242034E+05   0.242034E+05  -0.163881E-02   0.230334E+05   0.230235E+05   0.233920E-02
   0.171273E+01   0.173465E+05   0.171560E+05   0.112440E-02   0.108441E-02   0.000000E+00   0.173171E+05   0.173171E+05   0.173171E+05  -0.117254E-02   0.164800E+05   0.164728E+05   0.138642E-02
   0.209193E+01   0.123688E+05   0.122329E+05   0.537424E-03   0.518309E-03   0.000000E+00   0.123478E+05   0.123478E+05   0.123478E+05  -0.836068E-03   0.117509E+05   0.117457E+05   0.823551E-03
   0.255509E+01   0.879195E+04   0.869531E+04   0.256068E-03   0.246960E-03   0.000000E+00   0.877704E+04   0.877704E+04   0.877704E+04  -0.594291E-03   0.835274E+04   0.834895E+04   0.491637E-03
   0.312080E+01   0.623161E+04   0.616305E+04   0.121661E-03   0.117334E-03   0.000000E+00   0.622103E+04   0.622103E+04   0.622103E+04  -0.421224E-03   0.592030E+04   0.591751E+04   0.296023E-03
   0.381175E+01   0.440526E+04   0.435672E+04   0.576503E-04   0.555999E-04   0.000000E+00   0.439777E+04   0.439777E+04   0.439777E+04  -0.297772E-03   0.418518E+04   0.418310E+04   0.180604E-03
   0.465568E+01   0.310663E+04   0.307232E+04   0.272519E-04   0.262827E-04   0.000000E+00   0.310133E+04   0.310133E+04   0.310133E+04  -0.209990E-03   0.295142E+04   0.294985E+04   0.112269E-03
   0.568646E+01   0.218592E+04   0.216170E+04   0.128534E-04   0.123963E-04   0.000000E+00   0.218218E+04   0.218218E+04   0.218218E+04  -0.147755E-03   0.207670E+04   0.207548E+04   0.715487E-04
   0.694546E+01   0.153489E+04   0.151780E+04   0.604970E-05   0.583457E-05   0.000000E+00   0.153225E+04   0.153225E+04   0.153225E+04  -0.103748E-03   0.145820E+04   0.145721E+04   0.470278E-04
   0.848320E+01   0.107569E+04   0.106362E+04   0.284192E-05   0.274087E-05   0.000000E+00   0.107383E+04   0.107383E+04   0.107383E+04  -0.727086E-04   0.102194E+04   0.102112E+04   0.320306E-04
   0.103614E+02   0.752527E+03   0.743987E+03   0.133262E-05   0.128525E-05   0.000000E+00   0.751209E+03   0.751209E+03   0.751209E+03  -0.508642E-04   0.714915E+03   0.714207E+03   0.226579E-04
   0.126554E+02   0.525574E+03   0.519510E+03   0.623836E-06   0.601662E-06   0.000000E+00   0.524638E+03   0.524638E+03   0.524638E+03  -0.355231E-04   0.499298E+03   0.498663E+03   0.166337E-04
   0.154574E+02   0.366495E+03   0.362163E+03   0.291568E-06   0.281208E-06   0.000000E+00   0.365827E+03   0.365827E+03   0.365827E+03  -0.247700E-04   0.348165E+03   0.347576E+03   0.126280E-04
   0.188797E+02   0.255192E+03   0.252068E+03   0.136066E-06   0.131234E-06   0.000000E+00   0.254710E+03   0.254710E+03   0.254710E+03  -0.172463E-04   0.242422E+03   0.241860E+03   0.986091E-05
   0.230597E+02   0.177447E+03   0.175162E+03   0.634058E-07   0.611557E-07   0.000000E+00   0.177094E+03   0.177094E+03   0.177094E+03  -0.119910E-04   0.168559E+03   0.168011E+03   0.787289E-05
   0.281652E+02   0.123225E+03   0.121523E+03   0.295043E-07   0.284584E-07   0.000000E+00   0.122962E+03   0.122962E+03   0.122962E+03  -0.832573E-05   0.117045E+03   0.116502E+03   0.639014E-05
   0.344011E+02   0.854636E+02   0.841632E+02   0.137094E-07   0.132242E-07   0.000000E+00   0.852629E+02   0.852629E+02   0.852629E+02  -0.577313E-05   0.811690E+02   0.806241E+02   0.524723E-05
   0.420176E+02   0.592012E+02   0.581769E+02   0.636068E-08   0.613613E-08   0.000000E+00   0.590431E+02   0.590431E+02   0.590431E+02  -0.399779E-05   0.562176E+02   0.556670E+02   0.434202E-05
   0.513204E+02   0.409590E+02   0.401232E+02   0.294637E-08   0.284274E-08   0.000000E+00   0.408300E+02   0.408300E+02   0.408300E+02  -0.276459E-05   0.388859E+02   0.383267E+02   0.360967E-05
   0.626829E+02   0.283026E+02   0.275946E+02   0.136232E-08   0.131467E-08   0.000000E+00   0.281934E+02   0.281934E+02   0.281934E+02  -0.190897E-05   0.268610E+02   0.262920E+02   0.300748E-05
   0.765610E+02   0.195314E+02   0.189092E+02   0.628534E-09   0.606728E-09   0.000000E+00   0.194354E+02   0.194354E+02   0.194354E+02  -0.131596E-05   0.185271E+02   0.179480E+02   0.250617E-05
   0.935118E+02   0.134588E+02   0.128940E+02   0.289199E-09   0.279289E-09   0.000000E+00   0.133717E+02   0.133717E+02   0.133717E+02  -0.905392E-06   0.127573E+02   0.121689E+02   0.208477E-05
   0.114216E+03   0.925878E+01   0.873250E+01   0.132596E-09   0.128135E-09   0.000000E+00   0.917756E+01   0.917756E+01   0.917756E+01  -0.621410E-06   0.876647E+01   0.817091E+01   0.172758E-05
