#          k/h    CDM            baryon         photon         nu             mass_nu        total          no_nu          total_de       Weyl           v_CDM          v_b            v_b-v_c     
   0.105234E-04   0.108936E+08   0.108936E+08   0.145210E+08   0.145208E+08   0.000000E+00   0.108936E+08   0.108936E+08   0.109030E+08  -0.580792E+00   0.988754E+07   0.988754E+07   0.983456E+01
   0.116201E-04   0.108936E+08   0.108936E+08   0.145201E+08   0.145199E+08   0.000000E+00   0.108936E+08   0.108936E+08   0.109030E+08  -0.580791E+00   0.988754E+07   0.988754E+07   0.108593E+02
   0.128311E-04   0.108935E+08   0.108935E+08   0.145191E+08   0.145189E+08   0.000000E+00   0.108935E+08   0.108935E+08   0.109030E+08  -0.580791E+00   0.988754E+07   0.988754E+07   0.119907E+02
   0.141684E-04   0.108935E+08   0.108935E+08   0.145179E+08   0.145176E+08   0.000000E+00   0.108935E+08   0.108935E+08   0.109030E+08  -0.580791E+00   0.988754E+07   0.988754E+07   0.132400E+02
   0.156450E-04   0.108935E+08   0.108935E+08   0.145164E+08   0.145160E+08   0.000000E+00   0.108935E+08   0.108935E+08   0.109030E+08  -0.580790E+00   0.988753E+07   0.988753E+07   0.146193E+02
   0.172755E-04   0.108935E+08   0.108935E+08   0.145145E+08   0.145141E+08   0.000000E+00   0.108935E+08   0.108935E+08   0.109030E+08  -0.580790E+00   0.988752E+07   0.988752E+07   0.161422E+02
   0.190759E-04   0.108935E+08   0.108935E+08   0.145123E+08   0.145118E+08   0.000000E+00   0.108935E+08   0.108935E+08   0.109030E+08  -0.580790E+00   0.988752E+07   0.988752E+07   0.178236E+02
   0.210640E-04   0.108935E+08   0.108935E+08   0.145095E+08   0.145090E+08   0.000000E+00   0.108935E+08   0.108935E+08   0.109030E+08  -0.580789E+00   0.988751E+07   0.988751E+07   0.196798E+02
   0.232593E-04   0.108935E+08   0.108935E+08   0.145062E+08   0.145055E+08   0.000000E+00   0.108935E+08   0.108935E+08   0.109030E+08  -0.580788E+00   0.988750E+07   0.988750E+07   0.217291E+02
   0.256833E-04   0.108935E+08   0.108935E+08   0.145021E+08   0.145013E+08   0.000000E+00   0.108935E+08   0.108935E+08   0.109030E+08  -0.580787E+00   0.988749E+07   0.988749E+07   0.239913E+02
   0.283600E-04   0.108935E+08   0.108935E+08   0.144972E+08   0.144961E+08   0.000000E+00   0.108935E+08   0.108935E+08   0.109029E+08  -0.580786E+00   0.988747E+07   0.988747E+07   0.264884E+02
   0.313157E-04   0.108935E+08   0.108934E+08   0.144911E+08   0.144899E+08   0.000000E+00   0.108935E+08   0.108935E+08   0.109029E+08  -0.580785E+00   0.988745E+07   0.988745E+07   0.292447E+02
   0.345794E-04   0.108934E+08   0.108934E+08   0.144838E+08   0.144822E+08   0.000000E+00   0.108934E+08   0.108934E+08   0.109029E+08  -0.580783E+00   0.988743E+07   0.988743E+07   0.322868E+02
   0.381832E-04   0.108934E+08   0.108934E+08   0.144748E+08   0.144729E+08   0.000000E+00   0.108934E+08   0.108934E+08   0.109028E+08  -0.580781E+00   0.988740E+07   0.988740E+07   0.356439E+02
   0.421626E-04   0.108934E+08   0.108934E+08   0.144639E+08   0.144616E+08   0.000000E+00   0.108934E+08   0.108934E+08   0.109028E+08  -0.580778E+00   0.988737E+07   0.988736E+07   0.393482E+02
   0.465567E-04   0.108933E+08   0.108933E+08   0.144505E+08   0.144477E+08   0.000000E+00   0.108933E+08   0.108933E+08   0.109027E+08  -0.580775E+00   0.988733E+07   0.988732E+07   0.434350E+02
   0.514088E-04   0.108933E+08   0.108932E+08   0.144343E+08   0.144309E+08   0.000000E+00   0.108933E+08   0.108933E+08   0.109027E+08  -0.580772E+00   0.988728E+07   0.988727E+07   0.479428E+02
   0.567666E-04   0.108932E+08   0.108932E+08   0.144146E+08   0.144104E+08   0.000000E+00   0.108932E+08   0.108932E+08   0.109026E+08  -0.580767E+00   0.988722E+07   0.988721E+07   0.529138E+02
   0.626827E-04   0.108931E+08   0.108931E+08   0.143905E+08   0.143854E+08   0.000000E+00   0.108931E+08   0.108931E+08   0.109025E+08  -0.580762E+00   0.988714E+07   0.988713E+07   0.583941E+02
   0.692154E-04   0.108930E+08   0.108930E+08   0.143612E+08   0.143550E+08   0.000000E+00   0.108930E+08   0.108930E+08   0.109024E+08  -0.580755E+00   0.988705E+07   0.988704E+07   0.644338E+02
   0.764290E-04   0.108929E+08   0.108929E+08   0.143256E+08   0.143181E+08   0.000000E+00   0.108929E+08   0.108929E+08   0.109022E+08  -0.580747E+00   0.988694E+07   0.988693E+07   0.710869E+02
   0.843944E-04   0.108927E+08   0.108927E+08   0.142823E+08   0.142731E+08   0.000000E+00   0.108927E+08   0.108927E+08   0.109021E+08  -0.580737E+00   0.988681E+07   0.988679E+07   0.784121E+02
   0.931898E-04   0.108926E+08   0.108925E+08   0.142296E+08   0.142185E+08   0.000000E+00   0.108926E+08   0.108926E+08   0.109018E+08  -0.580724E+00   0.988665E+07   0.988662E+07   0.864719E+02
   0.102902E-03   0.108923E+08   0.108923E+08   0.141656E+08   0.141521E+08   0.000000E+00   0.108923E+08   0.108923E+08   0.109016E+08  -0.580709E+00   0.988645E+07   0.988642E+07   0.953331E+02
   0.113626E-03   0.108921E+08   0.108920E+08   0.140880E+08   0.140716E+08   0.000000E+00   0.108921E+08   0.108921E+08   0.109013E+08  -0.580691E+00   0.988620E+07   0.988616E+07   0.105066E+03
   0.125468E-03   0.108917E+08   0.108917E+08   0.139939E+08   0.139740E+08   0.000000E+00   0.108917E+08   0.108917E+08   0.109009E+08  -0.580669E+00   0.988591E+07   0.988586E+07   0.115744E+03
   0.138544E-03   0.108913E+08   0.108913E+08   0.138800E+08   0.138559E+08   0.000000E+00   0.108913E+08   0.108913E+08   0.109004E+08  -0.580642E+00   0.988555E+07   0.988549E+07   0.127442E+03
   0.152983E-03   0.108909E+08   0.108908E+08   0.137424E+08   0.137131E+08   0.000000E+00   0.108908E+08   0.108908E+08   0.108998E+08  -0.580610E+00   0.988511E+07   0.988504E+07   0.140234E+03
   0.168927E-03   0.108903E+08   0.108902E+08   0.135763E+08   0.135410E+08   0.000000E+00   0.108902E+08   0.108902E+08   0.108991E+08  -0.580570E+00   0.988457E+07   0.988449E+07   0.154193E+03
   0.186533E-03   0.108895E+08   0.108894E+08   0.133763E+08   0.133338E+08   0.000000E+00   0.108895E+08   0.108895E+08   0.108982E+08  -0.580522E+00   0.988392E+07   0.988382E+07   0.169385E+03
   0.205973E-03   0.108887E+08   0.108885E+08   0.131364E+08   0.130853E+08   0.000000E+00   0.108886E+08   0.108886E+08   0.108972E+08  -0.580463E+00   0.988313E+07   0.988301E+07   0.185865E+03
   0.227439E-03   0.108876E+08   0.108874E+08   0.128494E+08   0.127881E+08   0.000000E+00   0.108876E+08   0.108876E+08   0.108959E+08  -0.580392E+00   0.988217E+07   0.988202E+07   0.203671E+03
   0.251143E-03   0.108863E+08   0.108861E+08   0.125077E+08   0.124345E+08   0.000000E+00   0.108863E+08   0.108863E+08   0.108944E+08  -0.580306E+00   0.988100E+07   0.988082E+07   0.222812E+03
   0.277316E-03   0.108847E+08   0.108844E+08   0.121029E+08   0.120159E+08   0.000000E+00   0.108847E+08   0.108847E+08   0.108926E+08  -0.580202E+00   0.987958E+07   0.987936E+07   0.243263E+03
   0.306218E-03   0.108828E+08   0.108825E+08   0.116265E+08   0.115236E+08   0.000000E+00   0.108828E+08   0.108828E+08   0.108903E+08  -0.580077E+00   0.987785E+07   0.987758E+07   0.264945E+03
   0.338132E-03   0.108805E+08   0.108801E+08   0.110702E+08   0.109495E+08   0.000000E+00   0.108804E+08   0.108804E+08   0.108876E+08  -0.579925E+00   0.987576E+07   0.987544E+07   0.287711E+03
   0.373371E-03   0.108777E+08   0.108772E+08   0.104270E+08   0.102866E+08   0.000000E+00   0.108776E+08   0.108776E+08   0.108844E+08  -0.579743E+00   0.987322E+07   0.987284E+07   0.311324E+03
   0.412284E-03   0.108743E+08   0.108737E+08   0.969236E+07   0.953057E+07   0.000000E+00   0.108742E+08   0.108742E+08   0.108805E+08  -0.579525E+00   0.987016E+07   0.986971E+07   0.335437E+03
   0.455251E-03   0.108703E+08   0.108696E+08   0.886569E+07   0.868174E+07   0.000000E+00   0.108702E+08   0.108702E+08   0.108759E+08  -0.579264E+00   0.986646E+07   0.986592E+07   0.359564E+03
   0.502697E-03   0.108654E+08   0.108645E+08   0.795272E+07   0.774688E+07   0.000000E+00   0.108652E+08   0.108652E+08   0.108704E+08  -0.578953E+00   0.986200E+07   0.986137E+07   0.383065E+03
   0.555088E-03   0.108595E+08   0.108585E+08   0.696775E+07   0.674190E+07   0.000000E+00   0.108593E+08   0.108593E+08   0.108638E+08  -0.578584E+00   0.985664E+07   0.985590E+07   0.405129E+03
   0.612938E-03   0.108524E+08   0.108513E+08   0.593589E+07   0.569406E+07   0.000000E+00   0.108523E+08   0.108523E+08   0.108561E+08  -0.578148E+00   0.985021E+07   0.984937E+07   0.424777E+03
   0.676818E-03   0.108440E+08   0.108427E+08   0.489445E+07   0.464328E+07   0.000000E+00   0.108438E+08   0.108438E+08   0.108470E+08  -0.577637E+00   0.984254E+07   0.984157E+07   0.440889E+03
   0.747355E-03   0.108341E+08   0.108325E+08   0.389230E+07   0.364119E+07   0.000000E+00   0.108338E+08   0.108338E+08   0.108363E+08  -0.577040E+00   0.983341E+07   0.983231E+07   0.452271E+03
   0.825244E-03   0.108223E+08   0.108205E+08   0.298559E+07   0.274636E+07   0.000000E+00   0.108220E+08   0.108220E+08   0.108239E+08  -0.576346E+00   0.982260E+07   0.982136E+07   0.457768E+03
   0.911250E-03   0.108084E+08   0.108063E+08   0.222878E+07   0.201443E+07   0.000000E+00   0.108081E+08   0.108081E+08   0.108095E+08  -0.575545E+00   0.980984E+07   0.980849E+07   0.456430E+03
   0.100622E-02   0.107921E+08   0.107898E+08   0.166046E+07   0.148301E+07   0.000000E+00   0.107917E+08   0.107917E+08   0.107928E+08  -0.574624E+00   0.979490E+07   0.979343E+07   0.447702E+03
   0.111109E-02   0.107731E+08   0.107706E+08   0.128720E+07   0.115472E+07   0.000000E+00   0.107727E+08   0.107727E+08   0.107735E+08  -0.573569E+00   0.977747E+07   0.977590E+07   0.431624E+03
   0.122688E-02   0.107511E+08   0.107484E+08   0.107254E+07   0.986295E+06   0.000000E+00   0.107507E+08   0.107507E+08   0.107514E+08  -0.572362E+00   0.975726E+07   0.975563E+07   0.408931E+03
   0.135475E-02   0.107257E+08   0.107228E+08   0.942331E+06   0.895617E+06   0.000000E+00   0.107253E+08   0.107253E+08   0.107259E+08  -0.570984E+00   0.973396E+07   0.973228E+07   0.381014E+03
   0.149594E-02   0.106965E+08   0.106935E+08   0.814939E+06   0.795029E+06   0.000000E+00   0.106960E+08   0.106960E+08   0.106965E+08  -0.569410E+00   0.970722E+07   0.970552E+07   0.349673E+03
   0.165184E-02   0.106630E+08   0.106599E+08   0.648796E+06   0.641919E+06   0.000000E+00   0.106625E+08   0.106625E+08   0.106629E+08  -0.567613E+00   0.967664E+07   0.967494E+07   0.316765E+03
   0.182399E-02   0.106247E+08   0.106216E+08   0.472735E+06   0.469190E+06   0.000000E+00   0.106243E+08   0.106243E+08   0.106246E+08  -0.565563E+00   0.964179E+07   0.964010E+07   0.283920E+03
   0.201409E-02   0.105812E+08   0.105780E+08   0.354471E+06   0.349679E+06   0.000000E+00   0.105807E+08   0.105807E+08   0.105809E+08  -0.563233E+00   0.960214E+07   0.960049E+07   0.252549E+03
   0.222400E-02   0.105318E+08   0.105286E+08   0.313856E+06   0.279321E+06   0.000000E+00   0.105313E+08   0.105313E+08   0.105315E+08  -0.560593E+00   0.955718E+07   0.955556E+07   0.224004E+03
   0.245578E-02   0.104758E+08   0.104726E+08   0.285288E+06   0.227881E+06   0.000000E+00   0.104753E+08   0.104753E+08   0.104755E+08  -0.557609E+00   0.950634E+07   0.950474E+07   0.199453E+03
   0.271172E-02   0.104128E+08   0.104095E+08   0.217306E+06   0.185780E+06   0.000000E+00   0.104123E+08   0.104123E+08   0.104124E+08  -0.554246E+00   0.944900E+07   0.944742E+07   0.179236E+03
   0.299433E-02   0.103419E+08   0.103384E+08   0.160516E+06   0.151336E+06   0.000000E+00   0.103413E+08   0.103413E+08   0.103414E+08  -0.550465E+00   0.938457E+07   0.938298E+07   0.162492E+03
   0.330639E-02   0.102624E+08   0.102587E+08   0.143187E+06   0.123167E+06   0.000000E+00   0.102618E+08   0.102618E+08   0.102619E+08  -0.546230E+00   0.931237E+07   0.931078E+07   0.147831E+03
   0.365098E-02   0.101736E+08   0.101697E+08   0.110377E+06   0.100144E+06   0.000000E+00   0.101730E+08   0.101730E+08   0.101731E+08  -0.541500E+00   0.923174E+07   0.923015E+07   0.134155E+03
   0.403148E-02   0.100748E+08   0.100706E+08   0.903990E+05   0.813364E+05   0.000000E+00   0.100742E+08   0.100742E+08   0.100742E+08  -0.536236E+00   0.914200E+07   0.914041E+07   0.120895E+03
   0.445164E-02   0.996519E+07   0.996062E+07   0.794649E+05   0.659826E+05   0.000000E+00   0.996449E+07   0.996449E+07   0.996453E+07  -0.530396E+00   0.904244E+07   0.904087E+07   0.108423E+03
   0.491559E-02   0.984395E+07   0.983899E+07   0.560686E+05   0.534574E+05   0.000000E+00   0.984319E+07   0.984319E+07   0.984322E+07  -0.523938E+00   0.893234E+07   0.893078E+07   0.974373E+02
   0.542788E-02   0.971032E+07   0.970485E+07   0.468139E+05   0.432478E+05   0.000000E+00   0.970947E+07   0.970947E+07   0.970950E+07  -0.516819E+00   0.881098E+07   0.880942E+07   0.879599E+02
   0.599357E-02   0.956349E+07   0.955742E+07   0.381942E+05   0.349331E+05   0.000000E+00   0.956255E+07   0.956255E+07   0.956258E+07  -0.508998E+00   0.867764E+07   0.867609E+07   0.794382E+02
   0.661821E-02   0.940270E+07   0.939591E+07   0.268363E+05   0.281683E+05   0.000000E+00   0.940165E+07   0.940165E+07   0.940167E+07  -0.500432E+00   0.853162E+07   0.853008E+07   0.714999E+02
   0.730796E-02   0.922715E+07   0.921951E+07   0.249517E+05   0.226705E+05   0.000000E+00   0.922598E+07   0.922598E+07   0.922599E+07  -0.491081E+00   0.837219E+07   0.837066E+07   0.643768E+02
   0.806958E-02   0.903608E+07   0.902740E+07   0.227834E+05   0.182078E+05   0.000000E+00   0.903474E+07   0.903474E+07   0.903475E+07  -0.480901E+00   0.819865E+07   0.819712E+07   0.581399E+02
   0.891059E-02   0.882869E+07   0.881880E+07   0.155115E+05   0.145900E+05   0.000000E+00   0.882717E+07   0.882717E+07   0.882718E+07  -0.469852E+00   0.801028E+07   0.800876E+07   0.524951E+02
   0.983924E-02   0.860425E+07   0.859292E+07   0.135280E+05   0.116613E+05   0.000000E+00   0.860250E+07   0.860250E+07   0.860251E+07  -0.457893E+00   0.780641E+07   0.780489E+07   0.474376E+02
   0.108647E-01   0.836200E+07   0.834898E+07   0.113274E+05   0.929437E+04   0.000000E+00   0.835999E+07   0.835999E+07   0.836000E+07  -0.444985E+00   0.758634E+07   0.758482E+07   0.429629E+02
   0.119970E-01   0.810124E+07   0.808624E+07   0.823675E+04   0.738467E+04   0.000000E+00   0.809892E+07   0.809892E+07   0.809893E+07  -0.431089E+00   0.734943E+07   0.734791E+07   0.389564E+02
   0.132473E-01   0.782132E+07   0.780403E+07   0.654532E+04   0.584689E+04   0.000000E+00   0.781865E+07   0.781865E+07   0.781865E+07  -0.416170E+00   0.709510E+07   0.709357E+07   0.354046E+02
   0.146279E-01   0.752171E+07   0.750182E+07   0.547004E+04   0.461128E+04   0.000000E+00   0.751864E+07   0.751864E+07   0.751865E+07  -0.400201E+00   0.682287E+07   0.682133E+07   0.322347E+02
   0.161524E-01   0.720212E+07   0.717928E+07   0.388652E+04   0.362092E+04   0.000000E+00   0.719860E+07   0.719860E+07   0.719860E+07  -0.383166E+00   0.653245E+07   0.653090E+07   0.294057E+02
   0.178358E-01   0.686258E+07   0.683649E+07   0.306099E+04   0.282938E+04   0.000000E+00   0.685855E+07   0.685855E+07   0.685855E+07  -0.365066E+00   0.622388E+07   0.622232E+07   0.268621E+02
   0.196946E-01   0.650366E+07   0.647406E+07   0.241702E+04   0.219887E+04   0.000000E+00   0.649909E+07   0.649909E+07   0.649910E+07  -0.345932E+00   0.589770E+07   0.589612E+07   0.245521E+02
   0.217472E-01   0.612675E+07   0.609347E+07   0.170664E+04   0.169863E+04   0.000000E+00   0.612162E+07   0.612162E+07   0.612162E+07  -0.325840E+00   0.555517E+07   0.555358E+07   0.224220E+02
   0.240136E-01   0.573434E+07   0.569738E+07   0.143062E+04   0.130368E+04   0.000000E+00   0.572864E+07   0.572864E+07   0.572864E+07  -0.304923E+00   0.519857E+07   0.519697E+07   0.204192E+02
   0.265163E-01   0.533041E+07   0.529000E+07   0.101380E+04   0.993705E+03   0.000000E+00   0.532418E+07   0.532418E+07   0.532418E+07  -0.283394E+00   0.483155E+07   0.482995E+07   0.184885E+02
   0.292798E-01   0.492074E+07   0.487743E+07   0.817612E+03   0.752195E+03   0.000000E+00   0.491406E+07   0.491406E+07   0.491406E+07  -0.261564E+00   0.445939E+07   0.445781E+07   0.165811E+02
   0.323313E-01   0.451310E+07   0.446782E+07   0.610654E+03   0.565690E+03   0.000000E+00   0.450611E+07   0.450611E+07   0.450611E+07  -0.239850E+00   0.408921E+07   0.408766E+07   0.146616E+02
   0.357009E-01   0.411710E+07   0.407124E+07   0.447107E+03   0.423162E+03   0.000000E+00   0.411002E+07   0.411002E+07   0.411002E+07  -0.218767E+00   0.372977E+07   0.372829E+07   0.127064E+02
   0.394216E-01   0.374346E+07   0.369879E+07   0.342409E+03   0.315518E+03   0.000000E+00   0.373656E+07   0.373656E+07   0.373656E+07  -0.198889E+00   0.339087E+07   0.338949E+07   0.107183E+02
   0.435300E-01   0.340247E+07   0.336102E+07   0.237736E+03   0.235190E+03   0.000000E+00   0.339608E+07   0.339608E+07   0.339608E+07  -0.180766E+00   0.308188E+07   0.308064E+07   0.873336E+01
   0.478830E-01   0.311137E+07   0.307488E+07   0.182764E+03   0.177756E+03   0.000000E+00   0.310574E+07   0.310574E+07   0.310574E+07  -0.165312E+00   0.281840E+07   0.281732E+07   0.689512E+01
   0.522360E-01   0.288157E+07   0.285082E+07   0.142255E+03   0.138357E+03   0.000000E+00   0.287682E+07   0.287682E+07   0.287682E+07  -0.153127E+00   0.261065E+07   0.260973E+07   0.535940E+01
   0.565890E-01   0.269417E+07   0.266913E+07   0.113355E+03   0.110248E+03   0.000000E+00   0.269031E+07   0.269031E+07   0.269031E+07  -0.143199E+00   0.244137E+07   0.244061E+07   0.413792E+01
   0.609421E-01   0.253581E+07   0.251575E+07   0.920153E+02   0.894938E+02   0.000000E+00   0.253271E+07   0.253271E+07   0.253271E+07  -0.134811E+00   0.229835E+07   0.229771E+07   0.322444E+01
   0.652951E-01   0.239390E+07   0.237762E+07   0.756837E+02   0.736097E+02   0.000000E+00   0.239139E+07   0.239139E+07   0.239139E+07  -0.127288E+00   0.217009E+07   0.216954E+07   0.258904E+01
   0.696481E-01   0.225964E+07   0.224571E+07   0.627946E+02   0.610738E+02   0.000000E+00   0.225749E+07   0.225749E+07   0.225749E+07  -0.120161E+00   0.204858E+07   0.204808E+07   0.218535E+01
   0.740011E-01   0.212777E+07   0.211484E+07   0.523789E+02   0.509435E+02   0.000000E+00   0.212578E+07   0.212578E+07   0.212578E+07  -0.113150E+00   0.192906E+07   0.192859E+07   0.195695E+01
   0.783541E-01   0.199675E+07   0.198369E+07   0.438403E+02   0.426389E+02   0.000000E+00   0.199473E+07   0.199473E+07   0.199473E+07  -0.106175E+00   0.181015E+07   0.180968E+07   0.184500E+01
   0.827071E-01   0.186791E+07   0.185401E+07   0.368027E+02   0.357942E+02   0.000000E+00   0.186577E+07   0.186577E+07   0.186577E+07  -0.993106E-01   0.169312E+07   0.169264E+07   0.179515E+01
   0.870601E-01   0.174422E+07   0.172919E+07   0.310090E+02   0.301593E+02   0.000000E+00   0.174190E+07   0.174190E+07   0.174190E+07  -0.927177E-01   0.158073E+07   0.158023E+07   0.176289E+01
   0.914131E-01   0.162889E+07   0.161285E+07   0.262610E+02   0.255414E+02   0.000000E+00   0.162641E+07   0.162641E+07   0.162641E+07  -0.865703E-01   0.147593E+07   0.147542E+07   0.171674E+01
   0.968283E-01   0.150133E+07   0.148467E+07   0.215684E+02   0.209774E+02   0.000000E+00   0.149876E+07   0.149876E+07   0.149876E+07  -0.797756E-01   0.136009E+07   0.135958E+07   0.161493E+01
   0.102244E+00   0.139494E+07   0.137863E+07   0.179717E+02   0.174792E+02   0.000000E+00   0.139242E+07   0.139242E+07   0.139242E+07  -0.741155E-01   0.126360E+07   0.126311E+07   0.145945E+01
   0.107659E+00   0.131028E+07   0.129526E+07   0.152260E+02   0.148088E+02   0.000000E+00   0.130796E+07   0.130796E+07   0.130796E+07  -0.696198E-01   0.118695E+07   0.118650E+07   0.126604E+01
   0.113074E+00   0.124382E+07   0.123073E+07   0.131045E+02   0.127454E+02   0.000000E+00   0.124180E+07   0.124180E+07   0.124180E+07  -0.660980E-01   0.112690E+07   0.112651E+07   0.106129E+01
   0.118489E+00   0.118946E+07   0.117850E+07   0.114150E+02   0.111022E+02   0.000000E+00   0.118777E+07   0.118777E+07   0.118777E+07  -0.632221E-01   0.107786E+07   0.107753E+07   0.872540E+00
   0.123905E+00   0.114101E+07   0.113195E+07   0.100159E+02   0.974142E+01   0.000000E+00   0.113961E+07   0.113961E+07   0.113961E+07  -0.606588E-01   0.103416E+07   0.103386E+07   0.720352E+00
   0.129320E+00   0.109360E+07   0.108590E+07   0.881392E+01   0.857239E+01   0.000000E+00   0.109241E+07   0.109241E+07   0.109241E+07  -0.581467E-01   0.991326E+06   0.991067E+06   0.614372E+00
   0.134735E+00   0.104425E+07   0.103722E+07   0.775362E+01   0.754114E+01   0.000000E+00   0.104316E+07   0.104316E+07   0.104316E+07  -0.555253E-01   0.946633E+06   0.946390E+06   0.552936E+00
   0.140150E+00   0.992173E+06   0.985200E+06   0.680830E+01   0.662173E+01   0.000000E+00   0.991097E+06   0.991097E+06   0.991097E+06  -0.527539E-01   0.899385E+06   0.899145E+06   0.525763E+00
   0.145566E+00   0.938642E+06   0.931306E+06   0.596988E+01   0.580629E+01   0.000000E+00   0.937510E+06   0.937510E+06   0.937510E+06  -0.499016E-01   0.850760E+06   0.850514E+06   0.518226E+00
   0.150981E+00   0.886028E+06   0.878175E+06   0.523735E+01   0.509383E+01   0.000000E+00   0.884816E+06   0.884816E+06   0.884816E+06  -0.470968E-01   0.802945E+06   0.802691E+06   0.515660E+00
   0.156396E+00   0.836867E+06   0.828603E+06   0.460936E+01   0.448305E+01   0.000000E+00   0.835591E+06   0.835591E+06   0.835591E+06  -0.444767E-01   0.758278E+06   0.758019E+06   0.506766E+00
   0.161811E+00   0.793324E+06   0.784933E+06   0.408149E+01   0.396965E+01   0.000000E+00   0.792029E+06   0.792029E+06   0.792029E+06  -0.421580E-01   0.718748E+06   0.718492E+06   0.485520E+00
   0.167227E+00   0.756640E+06   0.748479E+06   0.364460E+01   0.354473E+01   0.000000E+00   0.755380E+06   0.755380E+06   0.755380E+06  -0.402072E-01   0.685490E+06   0.685244E+06   0.451358E+00
   0.172642E+00   0.726612E+06   0.718999E+06   0.328401E+01   0.319402E+01   0.000000E+00   0.725437E+06   0.725437E+06   0.725437E+06  -0.386134E-01   0.658316E+06   0.658087E+06   0.407935E+00
   0.178057E+00   0.701744E+06   0.694880E+06   0.298198E+01   0.290026E+01   0.000000E+00   0.700685E+06   0.700685E+06   0.700685E+06  -0.372959E-01   0.635853E+06   0.635643E+06   0.361164E+00
   0.183472E+00   0.680021E+06   0.673949E+06   0.272199E+01   0.264740E+01   0.000000E+00   0.679084E+06   0.679084E+06   0.679084E+06  -0.361461E-01   0.616248E+06   0.616058E+06   0.317198E+00
   0.188888E+00   0.659557E+06   0.654175E+06   0.249118E+01   0.242292E+01   0.000000E+00   0.658727E+06   0.658727E+06   0.658727E+06  -0.350625E-01   0.597773E+06   0.597600E+06   0.280799E+00
   0.194303E+00   0.638857E+06   0.633961E+06   0.228056E+01   0.221806E+01   0.000000E+00   0.638101E+06   0.638101E+06   0.638101E+06  -0.339647E-01   0.579055E+06   0.578894E+06   0.254361E+00
   0.199718E+00   0.617011E+06   0.612364E+06   0.208479E+01   0.202766E+01   0.000000E+00   0.616294E+06   0.616294E+06   0.616294E+06  -0.328040E-01   0.559266E+06   0.559111E+06   0.237743E+00
   0.205133E+00   0.593925E+06   0.589314E+06   0.190216E+01   0.185003E+01   0.000000E+00   0.593214E+06   0.593214E+06   0.593214E+06  -0.315754E-01   0.538322E+06   0.538169E+06   0.228801E+00
   0.210549E+00   0.570244E+06   0.565531E+06   0.173344E+01   0.168593E+01   0.000000E+00   0.569517E+06   0.569517E+06   0.569517E+06  -0.303141E-01   0.516819E+06   0.516665E+06   0.224300E+00
   0.215964E+00   0.546968E+06   0.542106E+06   0.158018E+01   0.153688E+01   0.000000E+00   0.546218E+06   0.546218E+06   0.546218E+06  -0.290739E-01   0.495677E+06   0.495521E+06   0.220897E+00
   0.221379E+00   0.525065E+06   0.520098E+06   0.144346E+01   0.140391E+01   0.000000E+00   0.524299E+06   0.524299E+06   0.524299E+06  -0.279072E-01   0.475787E+06   0.475631E+06   0.215944E+00
   0.226794E+00   0.505259E+06   0.500289E+06   0.132339E+01   0.128713E+01   0.000000E+00   0.504492E+06   0.504492E+06   0.504492E+06  -0.268530E-01   0.457813E+06   0.457660E+06   0.207974E+00
   0.232210E+00   0.487894E+06   0.483046E+06   0.121898E+01   0.118558E+01   0.000000E+00   0.487146E+06   0.487146E+06   0.487146E+06  -0.259297E-01   0.442072E+06   0.441923E+06   0.196793E+00
   0.237625E+00   0.472875E+06   0.468261E+06   0.112826E+01   0.109734E+01   0.000000E+00   0.472163E+06   0.472163E+06   0.472163E+06  -0.251322E-01   0.428475E+06   0.428334E+06   0.183249E+00
   0.243040E+00   0.459749E+06   0.455437E+06   0.104867E+01   0.101993E+01   0.000000E+00   0.459084E+06   0.459084E+06   0.459084E+06  -0.244360E-01   0.416605E+06   0.416472E+06   0.168792E+00
   0.248455E+00   0.447862E+06   0.443868E+06   0.977583E+00   0.950794E+00   0.000000E+00   0.447246E+06   0.447246E+06   0.447246E+06  -0.238059E-01   0.405862E+06   0.405737E+06   0.154980E+00
   0.253871E+00   0.436519E+06   0.432807E+06   0.912670E+00   0.887660E+00   0.000000E+00   0.435946E+06   0.435946E+06   0.435946E+06  -0.232045E-01   0.395608E+06   0.395489E+06   0.143052E+00
   0.259286E+00   0.425132E+06   0.421632E+06   0.852159E+00   0.828807E+00   0.000000E+00   0.424592E+06   0.424592E+06   0.424592E+06  -0.226001E-01   0.385303E+06   0.385190E+06   0.133677E+00
   0.264701E+00   0.413380E+06   0.410009E+06   0.795057E+00   0.773270E+00   0.000000E+00   0.412860E+06   0.412860E+06   0.412860E+06  -0.219756E-01   0.374657E+06   0.374548E+06   0.126896E+00
   0.270116E+00   0.401275E+06   0.397957E+06   0.741126E+00   0.720816E+00   0.000000E+00   0.400763E+06   0.400763E+06   0.400763E+06  -0.213317E-01   0.363680E+06   0.363572E+06   0.122233E+00
   0.275532E+00   0.389055E+06   0.385739E+06   0.690561E+00   0.671637E+00   0.000000E+00   0.388544E+06   0.388544E+06   0.388544E+06  -0.206813E-01   0.352591E+06   0.352484E+06   0.118894E+00
   0.280947E+00   0.377041E+06   0.373708E+06   0.643652E+00   0.626014E+00   0.000000E+00   0.376527E+06   0.376527E+06   0.376527E+06  -0.200417E-01   0.341687E+06   0.341581E+06   0.116013E+00
   0.286362E+00   0.365549E+06   0.362210E+06   0.600626E+00   0.584167E+00   0.000000E+00   0.365034E+06   0.365034E+06   0.365034E+06  -0.194299E-01   0.331258E+06   0.331152E+06   0.112870E+00
   0.291777E+00   0.354853E+06   0.351540E+06   0.561591E+00   0.546202E+00   0.000000E+00   0.354342E+06   0.354342E+06   0.354342E+06  -0.188608E-01   0.321555E+06   0.321451E+06   0.109037E+00
   0.297192E+00   0.345113E+06   0.341870E+06   0.526449E+00   0.512023E+00   0.000000E+00   0.344613E+06   0.344613E+06   0.344613E+06  -0.183430E-01   0.312726E+06   0.312625E+06   0.104415E+00
   0.302608E+00   0.336314E+06   0.333178E+06   0.494836E+00   0.481276E+00   0.000000E+00   0.335830E+06   0.335830E+06   0.335830E+06  -0.178755E-01   0.304757E+06   0.304659E+06   0.991861E-01
   0.308023E+00   0.328286E+06   0.325282E+06   0.466203E+00   0.453428E+00   0.000000E+00   0.327823E+06   0.327823E+06   0.327823E+06  -0.174493E-01   0.297490E+06   0.297396E+06   0.937049E-01
   0.313438E+00   0.320794E+06   0.317929E+06   0.439973E+00   0.427917E+00   0.000000E+00   0.320352E+06   0.320352E+06   0.320352E+06  -0.170516E-01   0.290710E+06   0.290619E+06   0.883817E-01
   0.318853E+00   0.313607E+06   0.310871E+06   0.415645E+00   0.404255E+00   0.000000E+00   0.313185E+06   0.313185E+06   0.313185E+06  -0.166701E-01   0.284206E+06   0.284119E+06   0.835664E-01
   0.324269E+00   0.306532E+06   0.303902E+06   0.392821E+00   0.382057E+00   0.000000E+00   0.306126E+06   0.306126E+06   0.306126E+06  -0.162944E-01   0.277800E+06   0.277716E+06   0.794688E-01
   0.329684E+00   0.299438E+06   0.296885E+06   0.371231E+00   0.361058E+00   0.000000E+00   0.299044E+06   0.299044E+06   0.299044E+06  -0.159174E-01   0.271373E+06   0.271291E+06   0.761313E-01
   0.335099E+00   0.292292E+06   0.289788E+06   0.350752E+00   0.341140E+00   0.000000E+00   0.291905E+06   0.291905E+06   0.291905E+06  -0.155375E-01   0.264895E+06   0.264815E+06   0.734493E-01
   0.340514E+00   0.285156E+06   0.282682E+06   0.331385E+00   0.322304E+00   0.000000E+00   0.284774E+06   0.284774E+06   0.284774E+06  -0.151579E-01   0.258424E+06   0.258345E+06   0.712235E-01
   0.345930E+00   0.278145E+06   0.275692E+06   0.313190E+00   0.304608E+00   0.000000E+00   0.277767E+06   0.277767E+06   0.277767E+06  -0.147849E-01   0.252065E+06   0.251987E+06   0.692215E-01
   0.351345E+00   0.271377E+06   0.268945E+06   0.296215E+00   0.288098E+00   0.000000E+00   0.271002E+06   0.271002E+06   0.271002E+06  -0.144248E-01   0.245926E+06   0.245849E+06   0.672357E-01
   0.356760E+00   0.264942E+06   0.262540E+06   0.280473E+00   0.272788E+00   0.000000E+00   0.264571E+06   0.264571E+06   0.264571E+06  -0.140825E-01   0.240090E+06   0.240015E+06   0.651276E-01
   0.362175E+00   0.258893E+06   0.256535E+06   0.265934E+00   0.258647E+00   0.000000E+00   0.258529E+06   0.258529E+06   0.258529E+06  -0.137609E-01   0.234608E+06   0.234534E+06   0.628468E-01
   0.367591E+00   0.253237E+06   0.250936E+06   0.252517E+00   0.245597E+00   0.000000E+00   0.252882E+06   0.252882E+06   0.252882E+06  -0.134603E-01   0.229483E+06   0.229410E+06   0.604232E-01
   0.373006E+00   0.247927E+06   0.245691E+06   0.240099E+00   0.233520E+00   0.000000E+00   0.247582E+06   0.247582E+06   0.247582E+06  -0.131782E-01   0.224674E+06   0.224603E+06   0.579418E-01
   0.378421E+00   0.242887E+06   0.240720E+06   0.228538E+00   0.222275E+00   0.000000E+00   0.242552E+06   0.242552E+06   0.242552E+06  -0.129105E-01   0.220109E+06   0.220041E+06   0.555106E-01
   0.383836E+00   0.238034E+06   0.235934E+06   0.217700E+00   0.211735E+00   0.000000E+00   0.237710E+06   0.237710E+06   0.237710E+06  -0.126528E-01   0.215715E+06   0.215648E+06   0.532295E-01
   0.389252E+00   0.233301E+06   0.231259E+06   0.207478E+00   0.201793E+00   0.000000E+00   0.232986E+06   0.232986E+06   0.232986E+06  -0.124013E-01   0.211428E+06   0.211363E+06   0.511668E-01
   0.394667E+00   0.228636E+06   0.226643E+06   0.197789E+00   0.192369E+00   0.000000E+00   0.228328E+06   0.228328E+06   0.228328E+06  -0.121534E-01   0.207201E+06   0.207137E+06   0.493461E-01
   0.400082E+00   0.224013E+06   0.222059E+06   0.188579E+00   0.183412E+00   0.000000E+00   0.223711E+06   0.223711E+06   0.223711E+06  -0.119077E-01   0.203011E+06   0.202949E+06   0.477482E-01
   0.405497E+00   0.219441E+06   0.217518E+06   0.179828E+00   0.174900E+00   0.000000E+00   0.219144E+06   0.219144E+06   0.219144E+06  -0.116645E-01   0.198867E+06   0.198805E+06   0.463233E-01
   0.410913E+00   0.214955E+06   0.213058E+06   0.171538E+00   0.166837E+00   0.000000E+00   0.214662E+06   0.214662E+06   0.214662E+06  -0.114260E-01   0.194799E+06   0.194739E+06   0.450086E-01
   0.416328E+00   0.210596E+06   0.208725E+06   0.163714E+00   0.159228E+00   0.000000E+00   0.210307E+06   0.210307E+06   0.210307E+06  -0.111942E-01   0.190847E+06   0.190788E+06   0.437433E-01
   0.421743E+00   0.206393E+06   0.204548E+06   0.156351E+00   0.152067E+00   0.000000E+00   0.206108E+06   0.206108E+06   0.206108E+06  -0.109707E-01   0.187037E+06   0.186979E+06   0.424809E-01
   0.427158E+00   0.202360E+06   0.200546E+06   0.149433E+00   0.145339E+00   0.000000E+00   0.202080E+06   0.202080E+06   0.202080E+06  -0.107563E-01   0.183381E+06   0.183324E+06   0.411980E-01
   0.432574E+00   0.198504E+06   0.196725E+06   0.142939E+00   0.139022E+00   0.000000E+00   0.198230E+06   0.198230E+06   0.198230E+06  -0.105513E-01   0.179888E+06   0.179832E+06   0.398946E-01
   0.437989E+00   0.194822E+06   0.193081E+06   0.136841E+00   0.133091E+00   0.000000E+00   0.194554E+06   0.194554E+06   0.194554E+06  -0.103557E-01   0.176552E+06   0.176497E+06   0.385894E-01
   0.443404E+00   0.191289E+06   0.189586E+06   0.131098E+00   0.127506E+00   0.000000E+00   0.191027E+06   0.191027E+06   0.191027E+06  -0.101679E-01   0.173351E+06   0.173297E+06   0.373095E-01
   0.448819E+00   0.187871E+06   0.186206E+06   0.125668E+00   0.122224E+00   0.000000E+00   0.187614E+06   0.187614E+06   0.187614E+06  -0.998627E-02   0.170254E+06   0.170201E+06   0.360823E-01
   0.454235E+00   0.184540E+06   0.182911E+06   0.120515E+00   0.117212E+00   0.000000E+00   0.184288E+06   0.184288E+06   0.184288E+06  -0.980925E-02   0.167236E+06   0.167184E+06   0.349292E-01
   0.459650E+00   0.181281E+06   0.179685E+06   0.115614E+00   0.112446E+00   0.000000E+00   0.181035E+06   0.181035E+06   0.181035E+06  -0.963608E-02   0.164284E+06   0.164233E+06   0.338610E-01
   0.465065E+00   0.178086E+06   0.176519E+06   0.110947E+00   0.107907E+00   0.000000E+00   0.177844E+06   0.177844E+06   0.177844E+06  -0.946625E-02   0.161388E+06   0.161338E+06   0.328762E-01
   0.470480E+00   0.174947E+06   0.173405E+06   0.106496E+00   0.103578E+00   0.000000E+00   0.174709E+06   0.174709E+06   0.174709E+06  -0.929935E-02   0.158543E+06   0.158494E+06   0.319630E-01
   0.475896E+00   0.171866E+06   0.170347E+06   0.102253E+00   0.994510E-01   0.000000E+00   0.171631E+06   0.171631E+06   0.171631E+06  -0.913555E-02   0.155750E+06   0.155702E+06   0.311039E-01
   0.481311E+00   0.168857E+06   0.167361E+06   0.982148E-01   0.955234E-01   0.000000E+00   0.168626E+06   0.168626E+06   0.168626E+06  -0.897559E-02   0.153023E+06   0.152976E+06   0.302812E-01
   0.486726E+00   0.165935E+06   0.164462E+06   0.943794E-01   0.917931E-01   0.000000E+00   0.165708E+06   0.165708E+06   0.165708E+06  -0.882026E-02   0.150375E+06   0.150328E+06   0.294801E-01
   0.492141E+00   0.163106E+06   0.161654E+06   0.907393E-01   0.882528E-01   0.000000E+00   0.162882E+06   0.162882E+06   0.162882E+06  -0.866982E-02   0.147810E+06   0.147764E+06   0.286907E-01
   0.497557E+00   0.160366E+06   0.158938E+06   0.872836E-01   0.848918E-01   0.000000E+00   0.160145E+06   0.160145E+06   0.160145E+06  -0.852419E-02   0.145327E+06   0.145282E+06   0.279094E-01
   0.502972E+00   0.157714E+06   0.156311E+06   0.840021E-01   0.817002E-01   0.000000E+00   0.157498E+06   0.157498E+06   0.157498E+06  -0.838325E-02   0.142925E+06   0.142880E+06   0.271386E-01
   0.508387E+00   0.155148E+06   0.153770E+06   0.808844E-01   0.786679E-01   0.000000E+00   0.154935E+06   0.154935E+06   0.154935E+06  -0.824686E-02   0.140599E+06   0.140555E+06   0.263848E-01
   0.513802E+00   0.152658E+06   0.151304E+06   0.779176E-01   0.757824E-01   0.000000E+00   0.152449E+06   0.152449E+06   0.152449E+06  -0.811451E-02   0.138343E+06   0.138300E+06   0.256552E-01
   0.519218E+00   0.150230E+06   0.148901E+06   0.750877E-01   0.730301E-01   0.000000E+00   0.150025E+06   0.150025E+06   0.150025E+06  -0.798551E-02   0.136143E+06   0.136101E+06   0.249559E-01
   0.524633E+00   0.147857E+06   0.146550E+06   0.723838E-01   0.704003E-01   0.000000E+00   0.147655E+06   0.147655E+06   0.147655E+06  -0.785936E-02   0.133993E+06   0.133951E+06   0.242904E-01
   0.530048E+00   0.145534E+06   0.144248E+06   0.697983E-01   0.678856E-01   0.000000E+00   0.145335E+06   0.145335E+06   0.145335E+06  -0.773588E-02   0.131888E+06   0.131847E+06   0.236596E-01
   0.535463E+00   0.143260E+06   0.141994E+06   0.673249E-01   0.654800E-01   0.000000E+00   0.143064E+06   0.143064E+06   0.143064E+06  -0.761500E-02   0.129827E+06   0.129786E+06   0.230612E-01
   0.540879E+00   0.141032E+06   0.139785E+06   0.649576E-01   0.631776E-01   0.000000E+00   0.140840E+06   0.140840E+06   0.140840E+06  -0.749660E-02   0.127808E+06   0.127768E+06   0.224907E-01
   0.546294E+00   0.138852E+06   0.137623E+06   0.626916E-01   0.609737E-01   0.000000E+00   0.138662E+06   0.138662E+06   0.138662E+06  -0.738069E-02   0.125832E+06   0.125793E+06   0.219425E-01
   0.551709E+00   0.136722E+06   0.135511E+06   0.605241E-01   0.588656E-01   0.000000E+00   0.136535E+06   0.136535E+06   0.136535E+06  -0.726747E-02   0.123902E+06   0.123863E+06   0.214117E-01
   0.557124E+00   0.134648E+06   0.133453E+06   0.584525E-01   0.568507E-01   0.000000E+00   0.134463E+06   0.134463E+06   0.134463E+06  -0.715718E-02   0.122021E+06   0.121984E+06   0.208949E-01
   0.562540E+00   0.132628E+06   0.131451E+06   0.564724E-01   0.549249E-01   0.000000E+00   0.132446E+06   0.132446E+06   0.132446E+06  -0.704981E-02   0.120191E+06   0.120154E+06   0.203898E-01
   0.567955E+00   0.130660E+06   0.129500E+06   0.545786E-01   0.530830E-01   0.000000E+00   0.130481E+06   0.130481E+06   0.130481E+06  -0.694520E-02   0.118407E+06   0.118371E+06   0.198958E-01
   0.573370E+00   0.128742E+06   0.127600E+06   0.527663E-01   0.513204E-01   0.000000E+00   0.128565E+06   0.128565E+06   0.128565E+06  -0.684324E-02   0.116669E+06   0.116633E+06   0.194138E-01
   0.578785E+00   0.126872E+06   0.125747E+06   0.510316E-01   0.496332E-01   0.000000E+00   0.126698E+06   0.126698E+06   0.126698E+06  -0.674386E-02   0.114975E+06   0.114939E+06   0.189455E-01
   0.630078E+00   0.111055E+06   0.110071E+06   0.376928E-01   0.366599E-01   0.000000E+00   0.110903E+06   0.110903E+06   0.110903E+06  -0.590312E-02   0.100641E+06   0.100610E+06   0.152466E-01
   0.769579E+00   0.808472E+05   0.801314E+05   0.183937E-01   0.178896E-01   0.000000E+00   0.807367E+05   0.807367E+05   0.807367E+05  -0.429743E-02   0.732662E+05   0.732433E+05   0.910853E-02
   0.939966E+00   0.585625E+05   0.580442E+05   0.893111E-02   0.868637E-02   0.000000E+00   0.584825E+05   0.584825E+05   0.584825E+05  -0.311289E-02   0.530712E+05   0.530546E+05   0.542549E-02
   0.114808E+01   0.422297E+05   0.418559E+05   0.431704E-02   0.419874E-02   0.000000E+00   0.421721E+05   0.421721E+05   0.421721E+05  -0.224472E-02   0.382699E+05   0.382578E+05   0.322492E-02
   0.140226E+01   0.303279E+05   0.300594E+05   0.207822E-02   0.202127E-02   0.000000E+00   0.302865E+05   0.302865E+05   0.302865E+05  -0.161208E-02   0.274841E+05   0.274753E+05   0.191564E-02
   0.171273E+01   0.216991E+05   0.215069E+05   0.996718E-03   0.969406E-03   0.000000E+00   0.216694E+05   0.216694E+05   0.216694E+05  -0.115341E-02   0.196644E+05   0.196580E+05   0.113932E-02
   0.209193E+01   0.154724E+05   0.153353E+05   0.476397E-03   0.463343E-03   0.000000E+00   0.154512E+05   0.154512E+05   0.154512E+05  -0.822433E-03   0.140215E+05   0.140169E+05   0.680158E-03
   0.255509E+01   0.109980E+05   0.109005E+05   0.226990E-03   0.220770E-03   0.000000E+00   0.109830E+05   0.109830E+05   0.109830E+05  -0.584599E-03   0.996673E+04   0.996332E+04   0.408924E-03
   0.312080E+01   0.779523E+04   0.772603E+04   0.107846E-03   0.104890E-03   0.000000E+00   0.778455E+04   0.778455E+04   0.778455E+04  -0.414354E-03   0.706427E+04   0.706174E+04   0.248656E-03
   0.381175E+01   0.551061E+04   0.546160E+04   0.511038E-04   0.497034E-04   0.000000E+00   0.550305E+04   0.550305E+04   0.550305E+04  -0.292915E-03   0.499388E+04   0.499196E+04   0.153732E-03
   0.465568E+01   0.388613E+04   0.385146E+04   0.241573E-04   0.234954E-04   0.000000E+00   0.388078E+04   0.388078E+04   0.388078E+04  -0.206565E-03   0.352172E+04   0.352024E+04   0.972203E-04
   0.568646E+01   0.273440E+04   0.270989E+04   0.113938E-04   0.110816E-04   0.000000E+00   0.273062E+04   0.273062E+04   0.273062E+04  -0.145345E-03   0.247798E+04   0.247680E+04   0.632792E-04
   0.694546E+01   0.192002E+04   0.190269E+04   0.536269E-05   0.521576E-05   0.000000E+00   0.191734E+04   0.191734E+04   0.191734E+04  -0.102056E-03   0.173996E+04   0.173899E+04   0.426163E-04
   0.848320E+01   0.134560E+04   0.133333E+04   0.251918E-05   0.245016E-05   0.000000E+00   0.134370E+04   0.134370E+04   0.134370E+04  -0.715223E-04   0.121940E+04   0.121857E+04   0.297923E-04
   0.103614E+02   0.941344E+03   0.932630E+03   0.118128E-05   0.114892E-05   0.000000E+00   0.939999E+03   0.939999E+03   0.939999E+03  -0.500341E-04   0.853049E+03   0.852318E+03   0.216260E-04
   0.126554E+02   0.657443E+03   0.651221E+03   0.552980E-06   0.537836E-06   0.000000E+00   0.656483E+03   0.656483E+03   0.656483E+03  -0.349431E-04   0.595768E+03   0.595097E+03   0.162568E-04
   0.154574E+02   0.458449E+03   0.453969E+03   0.258448E-06   0.251372E-06   0.000000E+00   0.457757E+03   0.457757E+03   0.457757E+03  -0.243654E-04   0.415431E+03   0.414797E+03   0.125940E-04
   0.188797E+02   0.319218E+03   0.315951E+03   0.120607E-06   0.117307E-06   0.000000E+00   0.318714E+03   0.318714E+03   0.318714E+03  -0.169644E-04   0.289254E+03   0.288639E+03   0.999544E-05
   0.230597E+02   0.221964E+03   0.219540E+03   0.562000E-07   0.546632E-07   0.000000E+00   0.221590E+03   0.221590E+03   0.221590E+03  -0.117947E-04   0.201119E+03   0.200511E+03   0.807984E-05
   0.281652E+02   0.154136E+03   0.152295E+03   0.261500E-07   0.254356E-07   0.000000E+00   0.153852E+03   0.153852E+03   0.153852E+03  -0.818921E-05   0.139650E+03   0.139042E+03   0.661795E-05
   0.344011E+02   0.106900E+03   0.105460E+03   0.121498E-07   0.118184E-07   0.000000E+00   0.106678E+03   0.106678E+03   0.106678E+03  -0.567821E-05   0.968415E+02   0.962283E+02   0.546936E-05
   0.420176E+02   0.740476E+02   0.728814E+02   0.563646E-08   0.548307E-08   0.000000E+00   0.738676E+02   0.738676E+02   0.738676E+02  -0.393181E-05   0.670685E+02   0.664459E+02   0.454584E-05
   0.513204E+02   0.512278E+02   0.502477E+02   0.261046E-08   0.253966E-08   0.000000E+00   0.510765E+02   0.510765E+02   0.510765E+02  -0.271869E-05   0.463874E+02   0.457534E+02   0.379006E-05
   0.626829E+02   0.353955E+02   0.345405E+02   0.120671E-08   0.117414E-08   0.000000E+00   0.352636E+02   0.352636E+02   0.352636E+02  -0.187700E-05   0.320386E+02   0.313923E+02   0.316330E-05
   0.765610E+02   0.244231E+02   0.236513E+02   0.556531E-09   0.541626E-09   0.000000E+00   0.243040E+02   0.243040E+02   0.243040E+02  -0.129365E-05   0.220941E+02   0.214357E+02   0.263824E-05
   0.935118E+02   0.168267E+02   0.161098E+02   0.255930E-09   0.249153E-09   0.000000E+00   0.167160E+02   0.167160E+02   0.167160E+02  -0.889757E-06   0.152090E+02   0.145401E+02   0.219473E-05
   0.114216E+03   0.115726E+02   0.108924E+02   0.117249E-09   0.114196E-09   0.000000E+00   0.114676E+02   0.114676E+02   0.114676E+02  -0.610395E-06   0.104469E+02   0.977028E+01   0.181734E-05
