#          k/h    CDM            baryon         photon         nu             mass_nu        total          no_nu          total_de       Weyl           v_CDM          v_b            v_b-v_c     
   0.105234E-04   0.938991E+07   0.938991E+07   0.125171E+08   0.125170E+08   0.000000E+00   0.938991E+07   0.938991E+07   0.939950E+07  -0.587835E+00   0.882586E+07   0.882586E+07   0.104663E+02
   0.116201E-04   0.938991E+07   0.938990E+07   0.125165E+08   0.125163E+08   0.000000E+00   0.938991E+07   0.938991E+07   0.939950E+07  -0.587835E+00   0.882586E+07   0.882586E+07   0.115568E+02
   0.128311E-04   0.938990E+07   0.938990E+07   0.125157E+08   0.125156E+08   0.000000E+00   0.938990E+07   0.938990E+07   0.939950E+07  -0.587834E+00   0.882586E+07   0.882586E+07   0.127610E+02
   0.141684E-04   0.938990E+07   0.938990E+07   0.125148E+08   0.125146E+08   0.000000E+00   0.938990E+07   0.938990E+07   0.939949E+07  -0.587834E+00   0.882586E+07   0.882586E+07   0.140905E+02
   0.156450E-04   0.938990E+07   0.938989E+07   0.125137E+08   0.125135E+08   0.000000E+00   0.938990E+07   0.938990E+07   0.939949E+07  -0.587834E+00   0.882585E+07   0.882585E+07   0.155585E+02
   0.172755E-04   0.938989E+07   0.938989E+07   0.125123E+08   0.125120E+08   0.000000E+00   0.938989E+07   0.938989E+07   0.939948E+07  -0.587833E+00   0.882585E+07   0.882585E+07   0.171793E+02
   0.190759E-04   0.938988E+07   0.938988E+07   0.125107E+08   0.125103E+08   0.000000E+00   0.938988E+07   0.938988E+07   0.939947E+07  -0.587833E+00   0.882584E+07   0.882584E+07   0.189688E+02
   0.210640E-04   0.938988E+07   0.938987E+07   0.125087E+08   0.125082E+08   0.000000E+00   0.938988E+07   0.938988E+07   0.939946E+07  -0.587832E+00   0.882584E+07   0.882583E+07   0.209444E+02
   0.232593E-04   0.938987E+07   0.938986E+07   0.125062E+08   0.125057E+08   0.000000E+00   0.938987E+07   0.938987E+07   0.939945E+07  -0.587831E+00   0.882583E+07   0.882582E+07   0.231255E+02
   0.256833E-04   0.938986E+07   0.938985E+07   0.125032E+08   0.125026E+08   0.000000E+00   0.938985E+07   0.938985E+07   0.939944E+07  -0.587830E+00   0.882582E+07   0.882581E+07   0.255334E+02
   0.283600E-04   0.938984E+07   0.938984E+07   0.124996E+08   0.124988E+08   0.000000E+00   0.938984E+07   0.938984E+07   0.939942E+07  -0.587829E+00   0.882580E+07   0.882580E+07   0.281913E+02
   0.313157E-04   0.938982E+07   0.938982E+07   0.124951E+08   0.124941E+08   0.000000E+00   0.938982E+07   0.938982E+07   0.939940E+07  -0.587828E+00   0.882579E+07   0.882578E+07   0.311253E+02
   0.345794E-04   0.938980E+07   0.938980E+07   0.124897E+08   0.124885E+08   0.000000E+00   0.938980E+07   0.938980E+07   0.939937E+07  -0.587826E+00   0.882577E+07   0.882576E+07   0.343635E+02
   0.381832E-04   0.938978E+07   0.938977E+07   0.124830E+08   0.124816E+08   0.000000E+00   0.938978E+07   0.938978E+07   0.939934E+07  -0.587824E+00   0.882574E+07   0.882574E+07   0.379373E+02
   0.421626E-04   0.938975E+07   0.938974E+07   0.124750E+08   0.124732E+08   0.000000E+00   0.938974E+07   0.938974E+07   0.939931E+07  -0.587822E+00   0.882571E+07   0.882571E+07   0.418810E+02
   0.465567E-04   0.938971E+07   0.938970E+07   0.124651E+08   0.124630E+08   0.000000E+00   0.938971E+07   0.938971E+07   0.939926E+07  -0.587819E+00   0.882568E+07   0.882567E+07   0.462322E+02
   0.514088E-04   0.938966E+07   0.938965E+07   0.124532E+08   0.124506E+08   0.000000E+00   0.938966E+07   0.938966E+07   0.939920E+07  -0.587815E+00   0.882564E+07   0.882563E+07   0.510322E+02
   0.567666E-04   0.938961E+07   0.938960E+07   0.124386E+08   0.124354E+08   0.000000E+00   0.938960E+07   0.938960E+07   0.939914E+07  -0.587811E+00   0.882558E+07   0.882557E+07   0.563260E+02
   0.626827E-04   0.938954E+07   0.938952E+07   0.124208E+08   0.124170E+08   0.000000E+00   0.938954E+07   0.938954E+07   0.939906E+07  -0.587805E+00   0.882552E+07   0.882551E+07   0.621631E+02
   0.692154E-04   0.938946E+07   0.938944E+07   0.123992E+08   0.123945E+08   0.000000E+00   0.938945E+07   0.938945E+07   0.939895E+07  -0.587799E+00   0.882544E+07   0.882543E+07   0.685971E+02
   0.764290E-04   0.938935E+07   0.938933E+07   0.123729E+08   0.123671E+08   0.000000E+00   0.938935E+07   0.938935E+07   0.939883E+07  -0.587791E+00   0.882535E+07   0.882533E+07   0.756862E+02
   0.843944E-04   0.938923E+07   0.938921E+07   0.123409E+08   0.123339E+08   0.000000E+00   0.938923E+07   0.938923E+07   0.939868E+07  -0.587781E+00   0.882523E+07   0.882521E+07   0.834934E+02
   0.931898E-04   0.938908E+07   0.938905E+07   0.123019E+08   0.122934E+08   0.000000E+00   0.938907E+07   0.938907E+07   0.939850E+07  -0.587769E+00   0.882509E+07   0.882506E+07   0.920865E+02
   0.102902E-03   0.938890E+07   0.938886E+07   0.122546E+08   0.122443E+08   0.000000E+00   0.938889E+07   0.938889E+07   0.939828E+07  -0.587754E+00   0.882492E+07   0.882489E+07   0.101538E+03
   0.113626E-03   0.938867E+07   0.938863E+07   0.121972E+08   0.121846E+08   0.000000E+00   0.938866E+07   0.938866E+07   0.939801E+07  -0.587736E+00   0.882471E+07   0.882467E+07   0.111924E+03
   0.125468E-03   0.938840E+07   0.938834E+07   0.121275E+08   0.121122E+08   0.000000E+00   0.938839E+07   0.938839E+07   0.939768E+07  -0.587715E+00   0.882446E+07   0.882441E+07   0.123325E+03
   0.138544E-03   0.938806E+07   0.938800E+07   0.120430E+08   0.120245E+08   0.000000E+00   0.938806E+07   0.938806E+07   0.939728E+07  -0.587688E+00   0.882415E+07   0.882409E+07   0.135825E+03
   0.152983E-03   0.938766E+07   0.938758E+07   0.119408E+08   0.119184E+08   0.000000E+00   0.938765E+07   0.938765E+07   0.939679E+07  -0.587656E+00   0.882377E+07   0.882370E+07   0.149506E+03
   0.168927E-03   0.938717E+07   0.938707E+07   0.118173E+08   0.117902E+08   0.000000E+00   0.938715E+07   0.938715E+07   0.939620E+07  -0.587617E+00   0.882331E+07   0.882322E+07   0.164452E+03
   0.186533E-03   0.938656E+07   0.938645E+07   0.116683E+08   0.116356E+08   0.000000E+00   0.938655E+07   0.938655E+07   0.939548E+07  -0.587570E+00   0.882275E+07   0.882264E+07   0.180739E+03
   0.205973E-03   0.938584E+07   0.938570E+07   0.114892E+08   0.114497E+08   0.000000E+00   0.938581E+07   0.938581E+07   0.939461E+07  -0.587512E+00   0.882207E+07   0.882194E+07   0.198437E+03
   0.227439E-03   0.938495E+07   0.938478E+07   0.112743E+08   0.112269E+08   0.000000E+00   0.938492E+07   0.938492E+07   0.939355E+07  -0.587442E+00   0.882124E+07   0.882108E+07   0.217596E+03
   0.251143E-03   0.938387E+07   0.938366E+07   0.110176E+08   0.109608E+08   0.000000E+00   0.938384E+07   0.938384E+07   0.939226E+07  -0.587358E+00   0.882023E+07   0.882004E+07   0.238245E+03
   0.277316E-03   0.938256E+07   0.938231E+07   0.107122E+08   0.106444E+08   0.000000E+00   0.938252E+07   0.938252E+07   0.939071E+07  -0.587255E+00   0.881900E+07   0.881878E+07   0.260375E+03
   0.306218E-03   0.938096E+07   0.938067E+07   0.103509E+08   0.102704E+08   0.000000E+00   0.938092E+07   0.938092E+07   0.938883E+07  -0.587131E+00   0.881751E+07   0.881724E+07   0.283926E+03
   0.338132E-03   0.937903E+07   0.937868E+07   0.992640E+07   0.983133E+07   0.000000E+00   0.937898E+07   0.937898E+07   0.938656E+07  -0.586981E+00   0.881571E+07   0.881538E+07   0.308773E+03
   0.373371E-03   0.937670E+07   0.937627E+07   0.943177E+07   0.932029E+07   0.000000E+00   0.937663E+07   0.937663E+07   0.938382E+07  -0.586801E+00   0.881352E+07   0.881313E+07   0.334700E+03
   0.412284E-03   0.937387E+07   0.937335E+07   0.886133E+07   0.873173E+07   0.000000E+00   0.937379E+07   0.937379E+07   0.938054E+07  -0.586584E+00   0.881087E+07   0.881041E+07   0.361376E+03
   0.455251E-03   0.937046E+07   0.936984E+07   0.821178E+07   0.806271E+07   0.000000E+00   0.937036E+07   0.937036E+07   0.937661E+07  -0.586325E+00   0.880767E+07   0.880712E+07   0.388328E+03
   0.502697E-03   0.936634E+07   0.936561E+07   0.748374E+07   0.731450E+07   0.000000E+00   0.936623E+07   0.936623E+07   0.937191E+07  -0.586014E+00   0.880380E+07   0.880315E+07   0.414916E+03
   0.555088E-03   0.936140E+07   0.936053E+07   0.668361E+07   0.649454E+07   0.000000E+00   0.936126E+07   0.936126E+07   0.936633E+07  -0.585646E+00   0.879915E+07   0.879839E+07   0.440308E+03
   0.612938E-03   0.935547E+07   0.935444E+07   0.582565E+07   0.561858E+07   0.000000E+00   0.935531E+07   0.935531E+07   0.935971E+07  -0.585209E+00   0.879356E+07   0.879268E+07   0.463474E+03
   0.676818E-03   0.934839E+07   0.934719E+07   0.493379E+07   0.471250E+07   0.000000E+00   0.934820E+07   0.934820E+07   0.935192E+07  -0.584695E+00   0.878687E+07   0.878586E+07   0.483196E+03
   0.747355E-03   0.933995E+07   0.933856E+07   0.404252E+07   0.381310E+07   0.000000E+00   0.933974E+07   0.933974E+07   0.934276E+07  -0.584092E+00   0.877889E+07   0.877774E+07   0.498119E+03
   0.825244E-03   0.932995E+07   0.932835E+07   0.319574E+07   0.296668E+07   0.000000E+00   0.932970E+07   0.932970E+07   0.933208E+07  -0.583390E+00   0.876942E+07   0.876812E+07   0.506855E+03
   0.911250E-03   0.931815E+07   0.931633E+07   0.244226E+07   0.222402E+07   0.000000E+00   0.931786E+07   0.931786E+07   0.931967E+07  -0.582577E+00   0.875821E+07   0.875677E+07   0.508143E+03
   0.100622E-02   0.930428E+07   0.930223E+07   0.182694E+07   0.163078E+07   0.000000E+00   0.930396E+07   0.930396E+07   0.930530E+07  -0.581640E+00   0.874502E+07   0.874346E+07   0.501070E+03
   0.111109E-02   0.928806E+07   0.928581E+07   0.137777E+07   0.121378E+07   0.000000E+00   0.928772E+07   0.928772E+07   0.928872E+07  -0.580566E+00   0.872960E+07   0.872793E+07   0.485325E+03
   0.122688E-02   0.926922E+07   0.926676E+07   0.109219E+07   0.966771E+06   0.000000E+00   0.926884E+07   0.926884E+07   0.926964E+07  -0.579338E+00   0.871167E+07   0.870991E+07   0.461407E+03
   0.135475E-02   0.924740E+07   0.924479E+07   0.929834E+06   0.843590E+06   0.000000E+00   0.924700E+07   0.924700E+07   0.924769E+07  -0.577938E+00   0.869094E+07   0.868912E+07   0.430715E+03
   0.149594E-02   0.922228E+07   0.921955E+07   0.821718E+06   0.769007E+06   0.000000E+00   0.922186E+07   0.922186E+07   0.922248E+07  -0.576341E+00   0.866710E+07   0.866526E+07   0.395388E+03
   0.165184E-02   0.919348E+07   0.919066E+07   0.701181E+06   0.672307E+06   0.000000E+00   0.919304E+07   0.919304E+07   0.919357E+07  -0.574521E+00   0.863981E+07   0.863797E+07   0.357908E+03
   0.182399E-02   0.916055E+07   0.915769E+07   0.545378E+06   0.530673E+06   0.000000E+00   0.916011E+07   0.916011E+07   0.916053E+07  -0.572448E+00   0.860869E+07   0.860688E+07   0.320578E+03
   0.201409E-02   0.912306E+07   0.912018E+07   0.392761E+06   0.385539E+06   0.000000E+00   0.912261E+07   0.912261E+07   0.912291E+07  -0.570089E+00   0.857331E+07   0.857153E+07   0.285187E+03
   0.222400E-02   0.908048E+07   0.907758E+07   0.301624E+06   0.297260E+06   0.000000E+00   0.908004E+07   0.908004E+07   0.908027E+07  -0.567416E+00   0.853318E+07   0.853144E+07   0.253053E+03
   0.245578E-02   0.903230E+07   0.902936E+07   0.273179E+06   0.247719E+06   0.000000E+00   0.903185E+07   0.903185E+07   0.903205E+07  -0.564394E+00   0.848779E+07   0.848607E+07   0.225221E+03
   0.271172E-02   0.897795E+07   0.897490E+07   0.242232E+06   0.201955E+06   0.000000E+00   0.897748E+07   0.897748E+07   0.897765E+07  -0.560990E+00   0.843661E+07   0.843490E+07   0.202222E+03
   0.299433E-02   0.891684E+07   0.891362E+07   0.180896E+06   0.164514E+06   0.000000E+00   0.891634E+07   0.891634E+07   0.891647E+07  -0.557163E+00   0.837908E+07   0.837737E+07   0.183402E+03
   0.330639E-02   0.884834E+07   0.884490E+07   0.141508E+06   0.133895E+06   0.000000E+00   0.884781E+07   0.884781E+07   0.884792E+07  -0.552876E+00   0.831462E+07   0.831290E+07   0.167013E+03
   0.365098E-02   0.877183E+07   0.876813E+07   0.125877E+06   0.108867E+06   0.000000E+00   0.877126E+07   0.877126E+07   0.877135E+07  -0.548088E+00   0.824263E+07   0.824092E+07   0.151574E+03
   0.403148E-02   0.868666E+07   0.868267E+07   0.922449E+05   0.884218E+05   0.000000E+00   0.868604E+07   0.868604E+07   0.868611E+07  -0.542760E+00   0.816251E+07   0.816080E+07   0.136653E+03
   0.445164E-02   0.859215E+07   0.858784E+07   0.805872E+05   0.717309E+05   0.000000E+00   0.859149E+07   0.859149E+07   0.859155E+07  -0.536849E+00   0.807362E+07   0.807192E+07   0.122566E+03
   0.491559E-02   0.848764E+07   0.848293E+07   0.666620E+05   0.581148E+05   0.000000E+00   0.848691E+07   0.848691E+07   0.848696E+07  -0.530312E+00   0.797531E+07   0.797363E+07   0.110142E+03
   0.542788E-02   0.837243E+07   0.836722E+07   0.500663E+05   0.470159E+05   0.000000E+00   0.837163E+07   0.837163E+07   0.837166E+07  -0.523107E+00   0.786696E+07   0.786528E+07   0.994857E+02
   0.599357E-02   0.824586E+07   0.824004E+07   0.390244E+05   0.379769E+05   0.000000E+00   0.824496E+07   0.824496E+07   0.824499E+07  -0.515191E+00   0.774791E+07   0.774623E+07   0.898932E+02
   0.661821E-02   0.810724E+07   0.810071E+07   0.341212E+05   0.306228E+05   0.000000E+00   0.810623E+07   0.810623E+07   0.810626E+07  -0.506521E+00   0.761753E+07   0.761587E+07   0.809320E+02
   0.730796E-02   0.795590E+07   0.794852E+07   0.238981E+05   0.246460E+05   0.000000E+00   0.795476E+07   0.795476E+07   0.795478E+07  -0.497056E+00   0.747518E+07   0.747353E+07   0.729175E+02
   0.806958E-02   0.779118E+07   0.778276E+07   0.197643E+05   0.197944E+05   0.000000E+00   0.778988E+07   0.778988E+07   0.778989E+07  -0.486752E+00   0.732023E+07   0.731858E+07   0.658987E+02
   0.891059E-02   0.761240E+07   0.760276E+07   0.167383E+05   0.158614E+05   0.000000E+00   0.761091E+07   0.761091E+07   0.761092E+07  -0.475569E+00   0.715205E+07   0.715040E+07   0.595377E+02
   0.983924E-02   0.741891E+07   0.740784E+07   0.130467E+05   0.126776E+05   0.000000E+00   0.741720E+07   0.741720E+07   0.741721E+07  -0.463464E+00   0.697002E+07   0.696838E+07   0.538477E+02
   0.108647E-01   0.721008E+07   0.719731E+07   0.111035E+05   0.101043E+05   0.000000E+00   0.720811E+07   0.720811E+07   0.720812E+07  -0.450399E+00   0.677353E+07   0.677189E+07   0.488153E+02
   0.119970E-01   0.698529E+07   0.697054E+07   0.825919E+04   0.802821E+04   0.000000E+00   0.698301E+07   0.698301E+07   0.698302E+07  -0.436333E+00   0.656201E+07   0.656036E+07   0.443104E+02
   0.132473E-01   0.674398E+07   0.672696E+07   0.658337E+04   0.635642E+04   0.000000E+00   0.674136E+07   0.674136E+07   0.674136E+07  -0.421233E+00   0.633493E+07   0.633327E+07   0.403197E+02
   0.146279E-01   0.648572E+07   0.646608E+07   0.534075E+04   0.501314E+04   0.000000E+00   0.648269E+07   0.648269E+07   0.648269E+07  -0.405070E+00   0.609187E+07   0.609020E+07   0.367589E+02
   0.161524E-01   0.621022E+07   0.618765E+07   0.396544E+04   0.393646E+04   0.000000E+00   0.620674E+07   0.620674E+07   0.620674E+07  -0.387827E+00   0.583257E+07   0.583088E+07   0.335816E+02
   0.178358E-01   0.591754E+07   0.589171E+07   0.329514E+04   0.307595E+04   0.000000E+00   0.591355E+07   0.591355E+07   0.591355E+07  -0.369507E+00   0.555706E+07   0.555536E+07   0.307242E+02
   0.196946E-01   0.560815E+07   0.557880E+07   0.247432E+04   0.239049E+04   0.000000E+00   0.560362E+07   0.560362E+07   0.560362E+07  -0.350141E+00   0.526583E+07   0.526411E+07   0.281274E+02
   0.217472E-01   0.528325E+07   0.525023E+07   0.218490E+04   0.184666E+04   0.000000E+00   0.527815E+07   0.527815E+07   0.527815E+07  -0.329804E+00   0.496000E+07   0.495826E+07   0.257288E+02
   0.240136E-01   0.494499E+07   0.490829E+07   0.149801E+04   0.141729E+04   0.000000E+00   0.493932E+07   0.493932E+07   0.493932E+07  -0.308633E+00   0.464161E+07   0.463986E+07   0.234682E+02
   0.265163E-01   0.459678E+07   0.455664E+07   0.114367E+04   0.108030E+04   0.000000E+00   0.459059E+07   0.459059E+07   0.459059E+07  -0.286842E+00   0.431392E+07   0.431216E+07   0.212812E+02
   0.292798E-01   0.424362E+07   0.420057E+07   0.858620E+03   0.817742E+03   0.000000E+00   0.423698E+07   0.423698E+07   0.423698E+07  -0.264747E+00   0.398163E+07   0.397990E+07   0.191115E+02
   0.323313E-01   0.389219E+07   0.384717E+07   0.698191E+03   0.614984E+03   0.000000E+00   0.388524E+07   0.388524E+07   0.388524E+07  -0.242768E+00   0.365111E+07   0.364941E+07   0.169180E+02
   0.357009E-01   0.355076E+07   0.350515E+07   0.493203E+03   0.460036E+03   0.000000E+00   0.354372E+07   0.354372E+07   0.354372E+07  -0.221429E+00   0.333018E+07   0.332856E+07   0.146738E+02
   0.394216E-01   0.322858E+07   0.318414E+07   0.351106E+03   0.343011E+03   0.000000E+00   0.322172E+07   0.322172E+07   0.322172E+07  -0.201309E+00   0.302760E+07   0.302608E+07   0.123829E+02
   0.435300E-01   0.293451E+07   0.289327E+07   0.263942E+03   0.255684E+03   0.000000E+00   0.292815E+07   0.292815E+07   0.292815E+07  -0.182965E+00   0.275171E+07   0.275034E+07   0.100880E+02
   0.478830E-01   0.268342E+07   0.264711E+07   0.199712E+03   0.193246E+03   0.000000E+00   0.267782E+07   0.267782E+07   0.267782E+07  -0.167323E+00   0.251645E+07   0.251527E+07   0.795773E+01
   0.522360E-01   0.248516E+07   0.245457E+07   0.155447E+03   0.150414E+03   0.000000E+00   0.248044E+07   0.248044E+07   0.248044E+07  -0.154990E+00   0.233095E+07   0.232995E+07   0.617552E+01
   0.565890E-01   0.232347E+07   0.229856E+07   0.123867E+03   0.119856E+03   0.000000E+00   0.231962E+07   0.231962E+07   0.231962E+07  -0.144941E+00   0.217981E+07   0.217898E+07   0.475746E+01
   0.609421E-01   0.218682E+07   0.216687E+07   0.100548E+03   0.972928E+02   0.000000E+00   0.218374E+07   0.218374E+07   0.218374E+07  -0.136451E+00   0.205211E+07   0.205141E+07   0.369770E+01
   0.652951E-01   0.206439E+07   0.204820E+07   0.827024E+02   0.800246E+02   0.000000E+00   0.206189E+07   0.206189E+07   0.206189E+07  -0.128837E+00   0.193759E+07   0.193699E+07   0.296218E+01
   0.696481E-01   0.194858E+07   0.193474E+07   0.686181E+02   0.663963E+02   0.000000E+00   0.194644E+07   0.194644E+07   0.194644E+07  -0.121623E+00   0.182910E+07   0.182856E+07   0.249715E+01
   0.740011E-01   0.183486E+07   0.182201E+07   0.572364E+02   0.553831E+02   0.000000E+00   0.183288E+07   0.183288E+07   0.183288E+07  -0.114527E+00   0.172238E+07   0.172187E+07   0.223678E+01
   0.783541E-01   0.172189E+07   0.170892E+07   0.479060E+02   0.463548E+02   0.000000E+00   0.171989E+07   0.171989E+07   0.171989E+07  -0.107467E+00   0.161621E+07   0.161570E+07   0.211224E+01
   0.827071E-01   0.161083E+07   0.159701E+07   0.402156E+02   0.389135E+02   0.000000E+00   0.160869E+07   0.160869E+07   0.160869E+07  -0.100519E+00   0.151172E+07   0.151120E+07   0.205983E+01
   0.870601E-01   0.150420E+07   0.148926E+07   0.338846E+02   0.327875E+02   0.000000E+00   0.150190E+07   0.150190E+07   0.150190E+07  -0.938457E-01   0.141137E+07   0.141083E+07   0.202733E+01
   0.914131E-01   0.140478E+07   0.138883E+07   0.286962E+02   0.277671E+02   0.000000E+00   0.140232E+07   0.140232E+07   0.140232E+07  -0.876236E-01   0.131780E+07   0.131724E+07   0.197782E+01
   0.968283E-01   0.129481E+07   0.127824E+07   0.235685E+02   0.228054E+02   0.000000E+00   0.129225E+07   0.129225E+07   0.129225E+07  -0.807462E-01   0.121438E+07   0.121382E+07   0.186318E+01
   0.102244E+00   0.120307E+07   0.118685E+07   0.196382E+02   0.190024E+02   0.000000E+00   0.120057E+07   0.120057E+07   0.120057E+07  -0.750172E-01   0.112822E+07   0.112769E+07   0.168457E+01
   0.107659E+00   0.113005E+07   0.111511E+07   0.166380E+02   0.160993E+02   0.000000E+00   0.112774E+07   0.112774E+07   0.112774E+07  -0.704668E-01   0.105978E+07   0.105930E+07   0.146061E+01
   0.113074E+00   0.107271E+07   0.105968E+07   0.143197E+02   0.138561E+02   0.000000E+00   0.107070E+07   0.107070E+07   0.107070E+07  -0.669022E-01   0.100617E+07   0.100574E+07   0.122271E+01
   0.118489E+00   0.102579E+07   0.101489E+07   0.124735E+02   0.120697E+02   0.000000E+00   0.102411E+07   0.102411E+07   0.102411E+07  -0.639913E-01   0.962383E+06   0.962014E+06   0.100315E+01
   0.123905E+00   0.983979E+06   0.974967E+06   0.109447E+02   0.105903E+02   0.000000E+00   0.982588E+06   0.982588E+06   0.982588E+06  -0.613968E-01   0.923358E+06   0.923040E+06   0.826232E+00
   0.129320E+00   0.943079E+06   0.935416E+06   0.963130E+01   0.931945E+01   0.000000E+00   0.941896E+06   0.941896E+06   0.941896E+06  -0.588542E-01   0.885116E+06   0.884834E+06   0.703398E+00
   0.134735E+00   0.900511E+06   0.893523E+06   0.847267E+01   0.819833E+01   0.000000E+00   0.899433E+06   0.899433E+06   0.899433E+06  -0.562008E-01   0.845212E+06   0.844947E+06   0.632762E+00
   0.140150E+00   0.855609E+06   0.848677E+06   0.743969E+01   0.719880E+01   0.000000E+00   0.854539E+06   0.854539E+06   0.854539E+06  -0.533957E-01   0.803026E+06   0.802764E+06   0.602276E+00
   0.145566E+00   0.809462E+06   0.802167E+06   0.652351E+01   0.631228E+01   0.000000E+00   0.808336E+06   0.808336E+06   0.808336E+06  -0.505087E-01   0.759611E+06   0.759342E+06   0.594758E+00
   0.150981E+00   0.764107E+06   0.756298E+06   0.572303E+01   0.553773E+01   0.000000E+00   0.762902E+06   0.762902E+06   0.762902E+06  -0.476698E-01   0.716920E+06   0.716642E+06   0.592968E+00
   0.156396E+00   0.721729E+06   0.713508E+06   0.503679E+01   0.487371E+01   0.000000E+00   0.720460E+06   0.720460E+06   0.720460E+06  -0.450178E-01   0.677039E+06   0.676755E+06   0.583617E+00
   0.161811E+00   0.684189E+06   0.675841E+06   0.445997E+01   0.431557E+01   0.000000E+00   0.682900E+06   0.682900E+06   0.682900E+06  -0.426709E-01   0.641745E+06   0.641464E+06   0.559619E+00
   0.167227E+00   0.652554E+06   0.644434E+06   0.398257E+01   0.385362E+01   0.000000E+00   0.651301E+06   0.651301E+06   0.651301E+06  -0.406964E-01   0.612050E+06   0.611780E+06   0.520311E+00
   0.172642E+00   0.626652E+06   0.619078E+06   0.358854E+01   0.347235E+01   0.000000E+00   0.625483E+06   0.625483E+06   0.625483E+06  -0.390832E-01   0.587787E+06   0.587535E+06   0.470000E+00
   0.178057E+00   0.605196E+06   0.598366E+06   0.325850E+01   0.315300E+01   0.000000E+00   0.604142E+06   0.604142E+06   0.604142E+06  -0.377496E-01   0.567730E+06   0.567500E+06   0.415656E+00
   0.183472E+00   0.586449E+06   0.580409E+06   0.297441E+01   0.287810E+01   0.000000E+00   0.585517E+06   0.585517E+06   0.585517E+06  -0.365859E-01   0.550225E+06   0.550017E+06   0.364537E+00
   0.188888E+00   0.568791E+06   0.563437E+06   0.272221E+01   0.263406E+01   0.000000E+00   0.567964E+06   0.567964E+06   0.567964E+06  -0.354891E-01   0.533729E+06   0.533540E+06   0.322258E+00
   0.194303E+00   0.550932E+06   0.546064E+06   0.249205E+01   0.241136E+01   0.000000E+00   0.550181E+06   0.550181E+06   0.550181E+06  -0.343779E-01   0.517016E+06   0.516840E+06   0.291650E+00
   0.199718E+00   0.532092E+06   0.527471E+06   0.227813E+01   0.220437E+01   0.000000E+00   0.531378E+06   0.531378E+06   0.531378E+06  -0.332031E-01   0.499347E+06   0.499178E+06   0.272559E+00
   0.205133E+00   0.512186E+06   0.507601E+06   0.207856E+01   0.201126E+01   0.000000E+00   0.511478E+06   0.511478E+06   0.511478E+06  -0.319596E-01   0.480647E+06   0.480480E+06   0.262470E+00
   0.210549E+00   0.491770E+06   0.487082E+06   0.189419E+01   0.183285E+01   0.000000E+00   0.491046E+06   0.491046E+06   0.491046E+06  -0.306829E-01   0.461448E+06   0.461280E+06   0.257581E+00
   0.215964E+00   0.471704E+06   0.466868E+06   0.172672E+01   0.167081E+01   0.000000E+00   0.470957E+06   0.470957E+06   0.470957E+06  -0.294277E-01   0.442571E+06   0.442401E+06   0.253956E+00
   0.221379E+00   0.452821E+06   0.447880E+06   0.157732E+01   0.152625E+01   0.000000E+00   0.452059E+06   0.452059E+06   0.452059E+06  -0.282468E-01   0.424813E+06   0.424642E+06   0.248482E+00
   0.226794E+00   0.435744E+06   0.430800E+06   0.144612E+01   0.139929E+01   0.000000E+00   0.434981E+06   0.434981E+06   0.434981E+06  -0.271797E-01   0.408765E+06   0.408596E+06   0.239429E+00
   0.232210E+00   0.420769E+06   0.415946E+06   0.133202E+01   0.128889E+01   0.000000E+00   0.420025E+06   0.420025E+06   0.420025E+06  -0.262451E-01   0.394710E+06   0.394547E+06   0.226570E+00
   0.237625E+00   0.407815E+06   0.403224E+06   0.123288E+01   0.119297E+01   0.000000E+00   0.407107E+06   0.407107E+06   0.407107E+06  -0.254380E-01   0.382570E+06   0.382415E+06   0.210904E+00
   0.243040E+00   0.396491E+06   0.392201E+06   0.114591E+01   0.110881E+01   0.000000E+00   0.395829E+06   0.395829E+06   0.395829E+06  -0.247333E-01   0.371972E+06   0.371825E+06   0.194139E+00
   0.248455E+00   0.386236E+06   0.382262E+06   0.106824E+01   0.103365E+01   0.000000E+00   0.385622E+06   0.385622E+06   0.385622E+06  -0.240955E-01   0.362379E+06   0.362242E+06   0.178112E+00
   0.253871E+00   0.376450E+06   0.372758E+06   0.997307E+00   0.965015E+00   0.000000E+00   0.375880E+06   0.375880E+06   0.375880E+06  -0.234868E-01   0.353223E+06   0.353094E+06   0.164284E+00
   0.259286E+00   0.366627E+06   0.363146E+06   0.931185E+00   0.901034E+00   0.000000E+00   0.366090E+06   0.366090E+06   0.366090E+06  -0.228750E-01   0.344023E+06   0.343899E+06   0.153447E+00
   0.264701E+00   0.356492E+06   0.353139E+06   0.868788E+00   0.840657E+00   0.000000E+00   0.355975E+06   0.355975E+06   0.355975E+06  -0.222430E-01   0.334517E+06   0.334398E+06   0.145651E+00
   0.270116E+00   0.346053E+06   0.342753E+06   0.809854E+00   0.783632E+00   0.000000E+00   0.345544E+06   0.345544E+06   0.345544E+06  -0.215912E-01   0.324716E+06   0.324598E+06   0.140337E+00
   0.275532E+00   0.335517E+06   0.332219E+06   0.754600E+00   0.730167E+00   0.000000E+00   0.335008E+06   0.335008E+06   0.335008E+06  -0.209329E-01   0.314816E+06   0.314699E+06   0.136573E+00
   0.280947E+00   0.325159E+06   0.321843E+06   0.703341E+00   0.680567E+00   0.000000E+00   0.324647E+06   0.324647E+06   0.324647E+06  -0.202855E-01   0.305080E+06   0.304963E+06   0.133338E+00
   0.286362E+00   0.315250E+06   0.311929E+06   0.656325E+00   0.635074E+00   0.000000E+00   0.314738E+06   0.314738E+06   0.314738E+06  -0.196663E-01   0.295768E+06   0.295652E+06   0.129786E+00
   0.291777E+00   0.306027E+06   0.302732E+06   0.613670E+00   0.593800E+00   0.000000E+00   0.305519E+06   0.305519E+06   0.305519E+06  -0.190903E-01   0.287105E+06   0.286991E+06   0.125414E+00
   0.297192E+00   0.297628E+06   0.294402E+06   0.575269E+00   0.556642E+00   0.000000E+00   0.297130E+06   0.297130E+06   0.297130E+06  -0.185661E-01   0.279222E+06   0.279111E+06   0.120104E+00
   0.302608E+00   0.290040E+06   0.286920E+06   0.540724E+00   0.523216E+00   0.000000E+00   0.289558E+06   0.289558E+06   0.289558E+06  -0.180930E-01   0.272106E+06   0.271999E+06   0.114071E+00
   0.308023E+00   0.283115E+06   0.280127E+06   0.509436E+00   0.492941E+00   0.000000E+00   0.282654E+06   0.282654E+06   0.282654E+06  -0.176616E-01   0.265618E+06   0.265514E+06   0.107732E+00
   0.313438E+00   0.276652E+06   0.273802E+06   0.480774E+00   0.465207E+00   0.000000E+00   0.276212E+06   0.276212E+06   0.276212E+06  -0.172591E-01   0.259564E+06   0.259465E+06   0.101572E+00
   0.318853E+00   0.270453E+06   0.267732E+06   0.454190E+00   0.439483E+00   0.000000E+00   0.270033E+06   0.270033E+06   0.270033E+06  -0.168729E-01   0.253757E+06   0.253661E+06   0.960033E-01
   0.324269E+00   0.264350E+06   0.261735E+06   0.429249E+00   0.415351E+00   0.000000E+00   0.263947E+06   0.263947E+06   0.263947E+06  -0.164926E-01   0.248037E+06   0.247945E+06   0.912737E-01
   0.329684E+00   0.258232E+06   0.255693E+06   0.405657E+00   0.392523E+00   0.000000E+00   0.257840E+06   0.257840E+06   0.257840E+06  -0.161111E-01   0.242299E+06   0.242209E+06   0.874337E-01
   0.335099E+00   0.252070E+06   0.249580E+06   0.383279E+00   0.370869E+00   0.000000E+00   0.251685E+06   0.251685E+06   0.251685E+06  -0.157265E-01   0.236515E+06   0.236427E+06   0.843612E-01
   0.340514E+00   0.245916E+06   0.243456E+06   0.362116E+00   0.350391E+00   0.000000E+00   0.245537E+06   0.245537E+06   0.245537E+06  -0.153423E-01   0.230737E+06   0.230650E+06   0.818219E-01
   0.345930E+00   0.239871E+06   0.237431E+06   0.342234E+00   0.331153E+00   0.000000E+00   0.239495E+06   0.239495E+06   0.239495E+06  -0.149648E-01   0.225059E+06   0.224974E+06   0.795421E-01
   0.351345E+00   0.234035E+06   0.231616E+06   0.323684E+00   0.313204E+00   0.000000E+00   0.233662E+06   0.233662E+06   0.233662E+06  -0.146003E-01   0.219578E+06   0.219494E+06   0.772777E-01
   0.356760E+00   0.228486E+06   0.226097E+06   0.306483E+00   0.296559E+00   0.000000E+00   0.228117E+06   0.228117E+06   0.228117E+06  -0.142538E-01   0.214368E+06   0.214285E+06   0.748659E-01
   0.362175E+00   0.223270E+06   0.220925E+06   0.290595E+00   0.281186E+00   0.000000E+00   0.222908E+06   0.222908E+06   0.222908E+06  -0.139283E-01   0.209473E+06   0.209391E+06   0.722471E-01
   0.367591E+00   0.218392E+06   0.216103E+06   0.275934E+00   0.267000E+00   0.000000E+00   0.218038E+06   0.218038E+06   0.218038E+06  -0.136241E-01   0.204897E+06   0.204817E+06   0.694566E-01
   0.373006E+00   0.213812E+06   0.211589E+06   0.262365E+00   0.253870E+00   0.000000E+00   0.213469E+06   0.213469E+06   0.213469E+06  -0.133386E-01   0.200603E+06   0.200526E+06   0.665948E-01
   0.378421E+00   0.209465E+06   0.207310E+06   0.249731E+00   0.241645E+00   0.000000E+00   0.209133E+06   0.209133E+06   0.209133E+06  -0.130676E-01   0.196527E+06   0.196452E+06   0.637888E-01
   0.383836E+00   0.205280E+06   0.203190E+06   0.237889E+00   0.230186E+00   0.000000E+00   0.204957E+06   0.204957E+06   0.204957E+06  -0.128067E-01   0.192604E+06   0.192531E+06   0.611568E-01
   0.389252E+00   0.201197E+06   0.199167E+06   0.226719E+00   0.219378E+00   0.000000E+00   0.200884E+06   0.200884E+06   0.200884E+06  -0.125522E-01   0.188776E+06   0.188705E+06   0.587792E-01
   0.394667E+00   0.197174E+06   0.195192E+06   0.216131E+00   0.209133E+00   0.000000E+00   0.196868E+06   0.196868E+06   0.196868E+06  -0.123013E-01   0.185002E+06   0.184932E+06   0.566842E-01
   0.400082E+00   0.193187E+06   0.191244E+06   0.206067E+00   0.199395E+00   0.000000E+00   0.192888E+06   0.192888E+06   0.192888E+06  -0.120525E-01   0.181261E+06   0.181193E+06   0.548492E-01
   0.405497E+00   0.189245E+06   0.187332E+06   0.196504E+00   0.190142E+00   0.000000E+00   0.188949E+06   0.188949E+06   0.188949E+06  -0.118065E-01   0.177561E+06   0.177494E+06   0.532162E-01
   0.410913E+00   0.185376E+06   0.183490E+06   0.187445E+00   0.181376E+00   0.000000E+00   0.185085E+06   0.185085E+06   0.185085E+06  -0.115650E-01   0.173929E+06   0.173863E+06   0.517110E-01
   0.416328E+00   0.181617E+06   0.179756E+06   0.178896E+00   0.173104E+00   0.000000E+00   0.181330E+06   0.181330E+06   0.181330E+06  -0.113304E-01   0.170401E+06   0.170336E+06   0.502621E-01
   0.421743E+00   0.177993E+06   0.176158E+06   0.170851E+00   0.165319E+00   0.000000E+00   0.177710E+06   0.177710E+06   0.177710E+06  -0.111041E-01   0.166998E+06   0.166934E+06   0.488150E-01
   0.427158E+00   0.174515E+06   0.172711E+06   0.163291E+00   0.158004E+00   0.000000E+00   0.174236E+06   0.174236E+06   0.174236E+06  -0.108871E-01   0.163734E+06   0.163672E+06   0.473420E-01
   0.432574E+00   0.171190E+06   0.169420E+06   0.156195E+00   0.151137E+00   0.000000E+00   0.170917E+06   0.170917E+06   0.170917E+06  -0.106797E-01   0.160615E+06   0.160554E+06   0.458434E-01
   0.437989E+00   0.168015E+06   0.166282E+06   0.149531E+00   0.144689E+00   0.000000E+00   0.167747E+06   0.167747E+06   0.167747E+06  -0.104816E-01   0.157636E+06   0.157576E+06   0.443409E-01
   0.443404E+00   0.164968E+06   0.163274E+06   0.143256E+00   0.138617E+00   0.000000E+00   0.164706E+06   0.164706E+06   0.164706E+06  -0.102916E-01   0.154779E+06   0.154720E+06   0.428667E-01
   0.448819E+00   0.162019E+06   0.160363E+06   0.137322E+00   0.132876E+00   0.000000E+00   0.161764E+06   0.161764E+06   0.161764E+06  -0.101078E-01   0.152014E+06   0.151956E+06   0.414532E-01
   0.454235E+00   0.159146E+06   0.157526E+06   0.131691E+00   0.127427E+00   0.000000E+00   0.158896E+06   0.158896E+06   0.158896E+06  -0.992859E-02   0.149319E+06   0.149262E+06   0.401255E-01
   0.459650E+00   0.156336E+06   0.154749E+06   0.126336E+00   0.122245E+00   0.000000E+00   0.156091E+06   0.156091E+06   0.156091E+06  -0.975332E-02   0.146683E+06   0.146627E+06   0.388967E-01
   0.465065E+00   0.153581E+06   0.152022E+06   0.121236E+00   0.117310E+00   0.000000E+00   0.153340E+06   0.153340E+06   0.153340E+06  -0.958142E-02   0.144098E+06   0.144043E+06   0.377649E-01
   0.470480E+00   0.150873E+06   0.149340E+06   0.116372E+00   0.112604E+00   0.000000E+00   0.150637E+06   0.150637E+06   0.150637E+06  -0.941249E-02   0.141557E+06   0.141503E+06   0.367163E-01
   0.475896E+00   0.148216E+06   0.146706E+06   0.111735E+00   0.108118E+00   0.000000E+00   0.147983E+06   0.147983E+06   0.147983E+06  -0.924669E-02   0.139064E+06   0.139011E+06   0.357304E-01
   0.481311E+00   0.145622E+06   0.144134E+06   0.107323E+00   0.103848E+00   0.000000E+00   0.145392E+06   0.145392E+06   0.145392E+06  -0.908479E-02   0.136629E+06   0.136577E+06   0.347865E-01
   0.486726E+00   0.143102E+06   0.141636E+06   0.103132E+00   0.997924E-01   0.000000E+00   0.142876E+06   0.142876E+06   0.142876E+06  -0.892757E-02   0.134264E+06   0.134213E+06   0.338670E-01
   0.492141E+00   0.140662E+06   0.139218E+06   0.991540E-01   0.959435E-01   0.000000E+00   0.140439E+06   0.140439E+06   0.140439E+06  -0.877530E-02   0.131974E+06   0.131924E+06   0.329605E-01
   0.497557E+00   0.138299E+06   0.136879E+06   0.953778E-01   0.922897E-01   0.000000E+00   0.138080E+06   0.138080E+06   0.138080E+06  -0.862789E-02   0.129757E+06   0.129708E+06   0.320626E-01
   0.502972E+00   0.136012E+06   0.134617E+06   0.917920E-01   0.888199E-01   0.000000E+00   0.135797E+06   0.135797E+06   0.135797E+06  -0.848525E-02   0.127612E+06   0.127563E+06   0.311763E-01
   0.508387E+00   0.133799E+06   0.132428E+06   0.883851E-01   0.855234E-01   0.000000E+00   0.133588E+06   0.133588E+06   0.133588E+06  -0.834719E-02   0.125536E+06   0.125488E+06   0.303091E-01
   0.513802E+00   0.131652E+06   0.130305E+06   0.851432E-01   0.823864E-01   0.000000E+00   0.131444E+06   0.131444E+06   0.131444E+06  -0.821323E-02   0.123521E+06   0.123474E+06   0.294697E-01
   0.519218E+00   0.129558E+06   0.128236E+06   0.820510E-01   0.793943E-01   0.000000E+00   0.129354E+06   0.129354E+06   0.129354E+06  -0.808266E-02   0.121557E+06   0.121511E+06   0.286652E-01
   0.524633E+00   0.127511E+06   0.126211E+06   0.790963E-01   0.765353E-01   0.000000E+00   0.127311E+06   0.127311E+06   0.127311E+06  -0.795498E-02   0.119637E+06   0.119592E+06   0.278998E-01
   0.530048E+00   0.125508E+06   0.124229E+06   0.762710E-01   0.738014E-01   0.000000E+00   0.125311E+06   0.125311E+06   0.125311E+06  -0.783000E-02   0.117758E+06   0.117713E+06   0.271747E-01
   0.535463E+00   0.123547E+06   0.122287E+06   0.735682E-01   0.711862E-01   0.000000E+00   0.123352E+06   0.123352E+06   0.123352E+06  -0.770764E-02   0.115917E+06   0.115873E+06   0.264872E-01
   0.540879E+00   0.121626E+06   0.120385E+06   0.709814E-01   0.686831E-01   0.000000E+00   0.121434E+06   0.121434E+06   0.121434E+06  -0.758780E-02   0.114115E+06   0.114072E+06   0.258319E-01
   0.546294E+00   0.119746E+06   0.118523E+06   0.685053E-01   0.662872E-01   0.000000E+00   0.119557E+06   0.119557E+06   0.119557E+06  -0.747048E-02   0.112351E+06   0.112308E+06   0.252023E-01
   0.551709E+00   0.117909E+06   0.116704E+06   0.661368E-01   0.639954E-01   0.000000E+00   0.117723E+06   0.117723E+06   0.117723E+06  -0.735589E-02   0.110627E+06   0.110585E+06   0.245927E-01
   0.557124E+00   0.116120E+06   0.114932E+06   0.638731E-01   0.618049E-01   0.000000E+00   0.115936E+06   0.115936E+06   0.115936E+06  -0.724426E-02   0.108948E+06   0.108907E+06   0.239990E-01
   0.562540E+00   0.114378E+06   0.113207E+06   0.617094E-01   0.597113E-01   0.000000E+00   0.114197E+06   0.114197E+06   0.114197E+06  -0.713558E-02   0.107314E+06   0.107273E+06   0.234186E-01
   0.567955E+00   0.112681E+06   0.111527E+06   0.596399E-01   0.577089E-01   0.000000E+00   0.112503E+06   0.112503E+06   0.112503E+06  -0.702970E-02   0.105722E+06   0.105681E+06   0.228509E-01
   0.573370E+00   0.111026E+06   0.109890E+06   0.576596E-01   0.557927E-01   0.000000E+00   0.110851E+06   0.110851E+06   0.110851E+06  -0.692650E-02   0.104170E+06   0.104130E+06   0.222967E-01
   0.578785E+00   0.109414E+06   0.108295E+06   0.557640E-01   0.539584E-01   0.000000E+00   0.109241E+06   0.109241E+06   0.109241E+06  -0.682591E-02   0.102657E+06   0.102618E+06   0.217583E-01
   0.630078E+00   0.957735E+05   0.947946E+05   0.411883E-01   0.398547E-01   0.000000E+00   0.956224E+05   0.956224E+05   0.956224E+05  -0.597494E-02   0.898589E+05   0.898246E+05   0.175073E-01
   0.769579E+00   0.697223E+05   0.690104E+05   0.200994E-01   0.194486E-01   0.000000E+00   0.696125E+05   0.696125E+05   0.696125E+05  -0.434972E-02   0.654166E+05   0.653917E+05   0.104537E-01
   0.939966E+00   0.505041E+05   0.499886E+05   0.975933E-02   0.944334E-02   0.000000E+00   0.504246E+05   0.504246E+05   0.504246E+05  -0.315077E-02   0.473853E+05   0.473671E+05   0.622207E-02
   0.114808E+01   0.364188E+05   0.360470E+05   0.471738E-02   0.456464E-02   0.000000E+00   0.363614E+05   0.363614E+05   0.363614E+05  -0.227203E-02   0.341698E+05   0.341566E+05   0.369434E-02
   0.140226E+01   0.261547E+05   0.258877E+05   0.227095E-02   0.219742E-02   0.000000E+00   0.261135E+05   0.261135E+05   0.261135E+05  -0.163169E-02   0.245395E+05   0.245300E+05   0.219095E-02
   0.171273E+01   0.187132E+05   0.185221E+05   0.108915E-02   0.105388E-02   0.000000E+00   0.186837E+05   0.186837E+05   0.186837E+05  -0.116745E-02   0.175576E+05   0.175507E+05   0.130001E-02
   0.209193E+01   0.133433E+05   0.132070E+05   0.520576E-03   0.503721E-03   0.000000E+00   0.133223E+05   0.133223E+05   0.133223E+05  -0.832439E-03   0.125193E+05   0.125143E+05   0.773473E-03
   0.255509E+01   0.948465E+04   0.938771E+04   0.248040E-03   0.240009E-03   0.000000E+00   0.946969E+04   0.946969E+04   0.946969E+04  -0.591711E-03   0.889893E+04   0.889525E+04   0.462808E-03
   0.312080E+01   0.672258E+04   0.665380E+04   0.117847E-03   0.114031E-03   0.000000E+00   0.671197E+04   0.671197E+04   0.671197E+04  -0.419396E-03   0.630743E+04   0.630472E+04   0.279564E-03
   0.381175E+01   0.475234E+04   0.470364E+04   0.558430E-04   0.540350E-04   0.000000E+00   0.474482E+04   0.474482E+04   0.474482E+04  -0.296479E-03   0.445885E+04   0.445682E+04   0.171311E-03
   0.465568E+01   0.335139E+04   0.331696E+04   0.263976E-04   0.255430E-04   0.000000E+00   0.334608E+04   0.334608E+04   0.334608E+04  -0.209079E-03   0.314442E+04   0.314287E+04   0.107103E-03
   0.568646E+01   0.235814E+04   0.233382E+04   0.124504E-04   0.120474E-04   0.000000E+00   0.235439E+04   0.235439E+04   0.235439E+04  -0.147113E-03   0.221250E+04   0.221128E+04   0.687443E-04
   0.694546E+01   0.165582E+04   0.163865E+04   0.586003E-05   0.567033E-05   0.000000E+00   0.165317E+04   0.165317E+04   0.165317E+04  -0.103298E-03   0.155355E+04   0.155257E+04   0.455626E-04
   0.848320E+01   0.116044E+04   0.114830E+04   0.275282E-05   0.266371E-05   0.000000E+00   0.115857E+04   0.115857E+04   0.115857E+04  -0.723928E-04   0.108876E+04   0.108793E+04   0.313156E-04
   0.103614E+02   0.811815E+03   0.803218E+03   0.129084E-05   0.124906E-05   0.000000E+00   0.810488E+03   0.810488E+03   0.810488E+03  -0.506432E-04   0.761661E+03   0.760942E+03   0.223557E-04
   0.126554E+02   0.566981E+03   0.560865E+03   0.604274E-06   0.584721E-06   0.000000E+00   0.566037E+03   0.566037E+03   0.566037E+03  -0.353687E-04   0.531945E+03   0.531294E+03   0.165524E-04
   0.154574E+02   0.395369E+03   0.390988E+03   0.282424E-06   0.273289E-06   0.000000E+00   0.394693E+03   0.394693E+03   0.394693E+03  -0.246623E-04   0.370929E+03   0.370321E+03   0.126593E-04
   0.188797E+02   0.275296E+03   0.272126E+03   0.131798E-06   0.127537E-06   0.000000E+00   0.274807E+03   0.274807E+03   0.274807E+03  -0.171713E-04   0.258271E+03   0.257688E+03   0.994489E-05
   0.230597E+02   0.191425E+03   0.189096E+03   0.614162E-07   0.594320E-07   0.000000E+00   0.191066E+03   0.191066E+03   0.191066E+03  -0.119387E-04   0.179578E+03   0.179006E+03   0.797670E-05
   0.281652E+02   0.132931E+03   0.131184E+03   0.285780E-07   0.276558E-07   0.000000E+00   0.132662E+03   0.132662E+03   0.132662E+03  -0.828933E-05   0.124695E+03   0.124127E+03   0.649651E-05
   0.344011E+02   0.921948E+02   0.908496E+02   0.132787E-07   0.128508E-07   0.000000E+00   0.919872E+02   0.919872E+02   0.919872E+02  -0.574780E-05   0.864732E+02   0.859018E+02   0.534754E-05
   0.420176E+02   0.638632E+02   0.627936E+02   0.616063E-08   0.596261E-08   0.000000E+00   0.636981E+02   0.636981E+02   0.636981E+02  -0.398016E-05   0.598902E+02   0.593117E+02   0.443245E-05
   0.513204E+02   0.441837E+02   0.433018E+02   0.285356E-08   0.276217E-08   0.000000E+00   0.440476E+02   0.440476E+02   0.440476E+02  -0.275230E-05   0.414249E+02   0.408369E+02   0.368892E-05
   0.626829E+02   0.305301E+02   0.297751E+02   0.131931E-08   0.127728E-08   0.000000E+00   0.304136E+02   0.304136E+02   0.304136E+02  -0.190039E-05   0.286136E+02   0.280149E+02   0.307560E-05
   0.765610E+02   0.210677E+02   0.203977E+02   0.608619E-09   0.589388E-09   0.000000E+00   0.209643E+02   0.209643E+02   0.209643E+02  -0.130995E-05   0.197347E+02   0.191251E+02   0.256381E-05
   0.935118E+02   0.145167E+02   0.139033E+02   0.279989E-09   0.271248E-09   0.000000E+00   0.144220E+02   0.144220E+02   0.144220E+02  -0.901155E-06   0.135875E+02   0.129681E+02   0.213282E-05
   0.114216E+03   0.998563E+01   0.941025E+01   0.128342E-09   0.124407E-09   0.000000E+00   0.989683E+01   0.989683E+01   0.989683E+01  -0.618401E-06   0.933568E+01   0.870885E+01   0.176698E-05
