#          k/h    CDM            baryon         photon         nu             mass_nu        total          no_nu          total_de       Weyl           v_CDM          v_b            v_b-v_c     
   0.105184E-04   0.689517E+07   0.689517E+07   0.919207E+07   0.919201E+07   0.689589E+07   0.689518E+07   0.689517E+07   0.690357E+07  -0.595348E+00   0.672724E+07   0.672724E+07   0.113407E+02
   0.116143E-04   0.689517E+07   0.689517E+07   0.919174E+07   0.919167E+07   0.689589E+07   0.689518E+07   0.689517E+07   0.690357E+07  -0.595348E+00   0.672724E+07   0.672724E+07   0.125221E+02
   0.128244E-04   0.689517E+07   0.689517E+07   0.919134E+07   0.919126E+07   0.689589E+07   0.689518E+07   0.689517E+07   0.690357E+07  -0.595348E+00   0.672724E+07   0.672724E+07   0.138265E+02
   0.141606E-04   0.689516E+07   0.689516E+07   0.919086E+07   0.919075E+07   0.689588E+07   0.689518E+07   0.689516E+07   0.690356E+07  -0.595348E+00   0.672724E+07   0.672724E+07   0.152667E+02
   0.156360E-04   0.689516E+07   0.689516E+07   0.919026E+07   0.919013E+07   0.689588E+07   0.689517E+07   0.689516E+07   0.690356E+07  -0.595348E+00   0.672724E+07   0.672724E+07   0.168569E+02
   0.172651E-04   0.689516E+07   0.689516E+07   0.918954E+07   0.918938E+07   0.689588E+07   0.689517E+07   0.689516E+07   0.690356E+07  -0.595347E+00   0.672723E+07   0.672723E+07   0.186126E+02
   0.190639E-04   0.689515E+07   0.689515E+07   0.918865E+07   0.918846E+07   0.689587E+07   0.689516E+07   0.689515E+07   0.690355E+07  -0.595347E+00   0.672723E+07   0.672723E+07   0.205510E+02
   0.210501E-04   0.689515E+07   0.689515E+07   0.918757E+07   0.918734E+07   0.689586E+07   0.689516E+07   0.689515E+07   0.690355E+07  -0.595346E+00   0.672722E+07   0.672722E+07   0.226910E+02
   0.232433E-04   0.689514E+07   0.689514E+07   0.918626E+07   0.918597E+07   0.689585E+07   0.689515E+07   0.689514E+07   0.690354E+07  -0.595346E+00   0.672722E+07   0.672722E+07   0.250537E+02
   0.256650E-04   0.689514E+07   0.689514E+07   0.918466E+07   0.918430E+07   0.689584E+07   0.689515E+07   0.689514E+07   0.690353E+07  -0.595345E+00   0.672721E+07   0.672721E+07   0.276620E+02
   0.283390E-04   0.689513E+07   0.689513E+07   0.918270E+07   0.918227E+07   0.689583E+07   0.689514E+07   0.689513E+07   0.690352E+07  -0.595344E+00   0.672720E+07   0.672720E+07   0.305413E+02
   0.312916E-04   0.689512E+07   0.689511E+07   0.918032E+07   0.917980E+07   0.689581E+07   0.689513E+07   0.689512E+07   0.690351E+07  -0.595343E+00   0.672719E+07   0.672719E+07   0.337197E+02
   0.345519E-04   0.689510E+07   0.689510E+07   0.917742E+07   0.917678E+07   0.689579E+07   0.689511E+07   0.689510E+07   0.690349E+07  -0.595341E+00   0.672718E+07   0.672718E+07   0.372280E+02
   0.381518E-04   0.689509E+07   0.689508E+07   0.917389E+07   0.917311E+07   0.689577E+07   0.689510E+07   0.689509E+07   0.690347E+07  -0.595339E+00   0.672716E+07   0.672716E+07   0.411000E+02
   0.421268E-04   0.689507E+07   0.689506E+07   0.916958E+07   0.916863E+07   0.689574E+07   0.689508E+07   0.689507E+07   0.690345E+07  -0.595337E+00   0.672715E+07   0.672714E+07   0.453732E+02
   0.465159E-04   0.689504E+07   0.689504E+07   0.916433E+07   0.916317E+07   0.689570E+07   0.689505E+07   0.689504E+07   0.690342E+07  -0.595335E+00   0.672712E+07   0.672712E+07   0.500885E+02
   0.513623E-04   0.689501E+07   0.689501E+07   0.915793E+07   0.915651E+07   0.689566E+07   0.689502E+07   0.689501E+07   0.690338E+07  -0.595331E+00   0.672709E+07   0.672709E+07   0.552909E+02
   0.567137E-04   0.689498E+07   0.689497E+07   0.915013E+07   0.914841E+07   0.689561E+07   0.689499E+07   0.689498E+07   0.690334E+07  -0.595328E+00   0.672706E+07   0.672705E+07   0.610297E+02
   0.626227E-04   0.689494E+07   0.689493E+07   0.914063E+07   0.913854E+07   0.689554E+07   0.689494E+07   0.689493E+07   0.690329E+07  -0.595323E+00   0.672702E+07   0.672701E+07   0.673589E+02
   0.691473E-04   0.689488E+07   0.689487E+07   0.912907E+07   0.912651E+07   0.689546E+07   0.689489E+07   0.689488E+07   0.690322E+07  -0.595317E+00   0.672697E+07   0.672695E+07   0.743374E+02
   0.763516E-04   0.689482E+07   0.689481E+07   0.911499E+07   0.911187E+07   0.689537E+07   0.689482E+07   0.689482E+07   0.690314E+07  -0.595310E+00   0.672690E+07   0.672689E+07   0.820292E+02
   0.843066E-04   0.689474E+07   0.689472E+07   0.909784E+07   0.909406E+07   0.689525E+07   0.689475E+07   0.689474E+07   0.690305E+07  -0.595301E+00   0.672683E+07   0.672681E+07   0.905040E+02
   0.930904E-04   0.689465E+07   0.689462E+07   0.907699E+07   0.907237E+07   0.689511E+07   0.689465E+07   0.689464E+07   0.690293E+07  -0.595291E+00   0.672673E+07   0.672671E+07   0.998372E+02
   0.102789E-03   0.689453E+07   0.689450E+07   0.905162E+07   0.904601E+07   0.689493E+07   0.689453E+07   0.689452E+07   0.690279E+07  -0.595278E+00   0.672662E+07   0.672659E+07   0.110109E+03
   0.113499E-03   0.689439E+07   0.689436E+07   0.902078E+07   0.901396E+07   0.689472E+07   0.689439E+07   0.689438E+07   0.690262E+07  -0.595262E+00   0.672648E+07   0.672645E+07   0.121407E+03
   0.125324E-03   0.689421E+07   0.689418E+07   0.898332E+07   0.897502E+07   0.689447E+07   0.689421E+07   0.689421E+07   0.690241E+07  -0.595243E+00   0.672632E+07   0.672627E+07   0.133823E+03
   0.138382E-03   0.689400E+07   0.689396E+07   0.893784E+07   0.892777E+07   0.689415E+07   0.689400E+07   0.689400E+07   0.690215E+07  -0.595220E+00   0.672611E+07   0.672605E+07   0.147451E+03
   0.152799E-03   0.689375E+07   0.689369E+07   0.888270E+07   0.887047E+07   0.689377E+07   0.689374E+07   0.689374E+07   0.690184E+07  -0.595192E+00   0.672586E+07   0.672579E+07   0.162391E+03
   0.168719E-03   0.689343E+07   0.689337E+07   0.881591E+07   0.880109E+07   0.689330E+07   0.689342E+07   0.689342E+07   0.690146E+07  -0.595158E+00   0.672556E+07   0.672547E+07   0.178744E+03
   0.186298E-03   0.689305E+07   0.689297E+07   0.873513E+07   0.871718E+07   0.689273E+07   0.689304E+07   0.689304E+07   0.690100E+07  -0.595116E+00   0.672519E+07   0.672509E+07   0.196608E+03
   0.205708E-03   0.689259E+07   0.689249E+07   0.863761E+07   0.861590E+07   0.689204E+07   0.689257E+07   0.689257E+07   0.690044E+07  -0.595066E+00   0.672474E+07   0.672461E+07   0.216074E+03
   0.227141E-03   0.689203E+07   0.689191E+07   0.852013E+07   0.849393E+07   0.689120E+07   0.689200E+07   0.689201E+07   0.689976E+07  -0.595004E+00   0.672419E+07   0.672404E+07   0.237225E+03
   0.250806E-03   0.689134E+07   0.689120E+07   0.837897E+07   0.834742E+07   0.689017E+07   0.689130E+07   0.689132E+07   0.689894E+07  -0.594929E+00   0.672352E+07   0.672334E+07   0.260121E+03
   0.276938E-03   0.689051E+07   0.689033E+07   0.820993E+07   0.817204E+07   0.688892E+07   0.689046E+07   0.689048E+07   0.689794E+07  -0.594839E+00   0.672271E+07   0.672249E+07   0.284795E+03
   0.305791E-03   0.688949E+07   0.688928E+07   0.800829E+07   0.796294E+07   0.688740E+07   0.688943E+07   0.688946E+07   0.689672E+07  -0.594729E+00   0.672172E+07   0.672146E+07   0.311234E+03
   0.337651E-03   0.688826E+07   0.688801E+07   0.776894E+07   0.771488E+07   0.688555E+07   0.688818E+07   0.688822E+07   0.689526E+07  -0.594596E+00   0.672052E+07   0.672021E+07   0.339366E+03
   0.372831E-03   0.688677E+07   0.688646E+07   0.748652E+07   0.742240E+07   0.688331E+07   0.688667E+07   0.688672E+07   0.689348E+07  -0.594435E+00   0.671906E+07   0.671869E+07   0.369036E+03
   0.411676E-03   0.688496E+07   0.688459E+07   0.715574E+07   0.708014E+07   0.688058E+07   0.688484E+07   0.688490E+07   0.689134E+07  -0.594241E+00   0.671730E+07   0.671685E+07   0.399977E+03
   0.454568E-03   0.688277E+07   0.688233E+07   0.677182E+07   0.668333E+07   0.687728E+07   0.688262E+07   0.688270E+07   0.688877E+07  -0.594008E+00   0.671515E+07   0.671462E+07   0.431784E+03
   0.501929E-03   0.688012E+07   0.687959E+07   0.633116E+07   0.622854E+07   0.687328E+07   0.687993E+07   0.688004E+07   0.688568E+07  -0.593728E+00   0.671256E+07   0.671193E+07   0.463874E+03
   0.554224E-03   0.687692E+07   0.687630E+07   0.583238E+07   0.571466E+07   0.686843E+07   0.687670E+07   0.687682E+07   0.688199E+07  -0.593393E+00   0.670943E+07   0.670868E+07   0.495454E+03
   0.611968E-03   0.687307E+07   0.687233E+07   0.527744E+07   0.514421E+07   0.686258E+07   0.687280E+07   0.687296E+07   0.687758E+07  -0.592993E+00   0.670566E+07   0.670478E+07   0.525491E+03
   0.675728E-03   0.686845E+07   0.686758E+07   0.467318E+07   0.452485E+07   0.685551E+07   0.686812E+07   0.686832E+07   0.687235E+07  -0.592518E+00   0.670112E+07   0.670010E+07   0.552691E+03
   0.746132E-03   0.686292E+07   0.686190E+07   0.403277E+07   0.387092E+07   0.684702E+07   0.686252E+07   0.686276E+07   0.686615E+07  -0.591956E+00   0.669567E+07   0.669449E+07   0.575516E+03
   0.823870E-03   0.685631E+07   0.685513E+07   0.337686E+07   0.320452E+07   0.683681E+07   0.685583E+07   0.685612E+07   0.685886E+07  -0.591295E+00   0.668915E+07   0.668781E+07   0.592235E+03
   0.909708E-03   0.684845E+07   0.684710E+07   0.273379E+07   0.255564E+07   0.682458E+07   0.684788E+07   0.684824E+07   0.685032E+07  -0.590522E+00   0.668138E+07   0.667988E+07   0.601051E+03
   0.100449E-02   0.683914E+07   0.683761E+07   0.213784E+07   0.196015E+07   0.680998E+07   0.683846E+07   0.683890E+07   0.684036E+07  -0.589622E+00   0.667216E+07   0.667051E+07   0.600305E+03
   0.110915E-02   0.682816E+07   0.682646E+07   0.162474E+07   0.145490E+07   0.679260E+07   0.682736E+07   0.682789E+07   0.682879E+07  -0.588581E+00   0.666127E+07   0.665949E+07   0.588775E+03
   0.122471E-02   0.681527E+07   0.681341E+07   0.122378E+07   0.106930E+07   0.677198E+07   0.681433E+07   0.681498E+07   0.681540E+07  -0.587382E+00   0.664848E+07   0.664658E+07   0.566041E+03
   0.135231E-02   0.680023E+07   0.679822E+07   0.947612E+06   0.814669E+06   0.674753E+07   0.679912E+07   0.679992E+07   0.679995E+07  -0.586007E+00   0.663352E+07   0.663155E+07   0.532835E+03
   0.149320E-02   0.678275E+07   0.678063E+07   0.783036E+06   0.674983E+06   0.671872E+07   0.678145E+07   0.678242E+07   0.678214E+07  -0.584434E+00   0.661614E+07   0.661414E+07   0.491247E+03
   0.164878E-02   0.676253E+07   0.676033E+07   0.689455E+06   0.606034E+06   0.668500E+07   0.676102E+07   0.676219E+07   0.676162E+07  -0.582636E+00   0.659606E+07   0.659406E+07   0.444605E+03
   0.182056E-02   0.673925E+07   0.673700E+07   0.611890E+06   0.549926E+06   0.664566E+07   0.673749E+07   0.673890E+07   0.673803E+07  -0.580582E+00   0.657297E+07   0.657099E+07   0.396908E+03
   0.201024E-02   0.671254E+07   0.671025E+07   0.509219E+06   0.464796E+06   0.659993E+07   0.671048E+07   0.671218E+07   0.671093E+07  -0.578235E+00   0.654652E+07   0.654458E+07   0.351874E+03
   0.221969E-02   0.668199E+07   0.667967E+07   0.382564E+06   0.353048E+06   0.654698E+07   0.667959E+07   0.668162E+07   0.667993E+07  -0.575555E+00   0.651631E+07   0.651442E+07   0.311995E+03
   0.245096E-02   0.664716E+07   0.664478E+07   0.274003E+06   0.257474E+06   0.648594E+07   0.664435E+07   0.664678E+07   0.664460E+07  -0.572502E+00   0.648191E+07   0.648005E+07   0.278146E+03
   0.270632E-02   0.660757E+07   0.660508E+07   0.219640E+06   0.211879E+06   0.641593E+07   0.660429E+07   0.660718E+07   0.660448E+07  -0.569035E+00   0.644284E+07   0.644098E+07   0.249995E+03
   0.298829E-02   0.656272E+07   0.656006E+07   0.199417E+06   0.179473E+06   0.633608E+07   0.655888E+07   0.656230E+07   0.655906E+07  -0.565112E+00   0.639857E+07   0.639672E+07   0.226635E+03
   0.329963E-02   0.651207E+07   0.650920E+07   0.164544E+06   0.146054E+06   0.624562E+07   0.650760E+07   0.651162E+07   0.650775E+07  -0.560686E+00   0.634861E+07   0.634674E+07   0.206623E+03
   0.364342E-02   0.645509E+07   0.645196E+07   0.120798E+06   0.118731E+06   0.614388E+07   0.644990E+07   0.645460E+07   0.645001E+07  -0.555708E+00   0.629242E+07   0.629055E+07   0.187960E+03
   0.402302E-02   0.639122E+07   0.638779E+07   0.105392E+06   0.964040E+05   0.603038E+07   0.638523E+07   0.639068E+07   0.638533E+07  -0.550130E+00   0.622945E+07   0.622759E+07   0.169445E+03
   0.444218E-02   0.631988E+07   0.631613E+07   0.905847E+05   0.781730E+05   0.590485E+07   0.631303E+07   0.631930E+07   0.631311E+07  -0.543905E+00   0.615917E+07   0.615732E+07   0.151935E+03
   0.490500E-02   0.624055E+07   0.623639E+07   0.651468E+05   0.632987E+05   0.576718E+07   0.623275E+07   0.623990E+07   0.623281E+07  -0.536985E+00   0.608103E+07   0.607920E+07   0.136634E+03
   0.541605E-02   0.615270E+07   0.614802E+07   0.601565E+05   0.511734E+05   0.561743E+07   0.614388E+07   0.615197E+07   0.614394E+07  -0.529326E+00   0.599454E+07   0.599271E+07   0.123448E+03
   0.598034E-02   0.605583E+07   0.605054E+07   0.439355E+05   0.412997E+05   0.545569E+07   0.604594E+07   0.605500E+07   0.604598E+07  -0.520885E+00   0.589922E+07   0.589740E+07   0.111675E+03
   0.660342E-02   0.594949E+07   0.594348E+07   0.370843E+05   0.332684E+05   0.528208E+07   0.593847E+07   0.594855E+07   0.593851E+07  -0.511624E+00   0.579465E+07   0.579283E+07   0.100604E+03
   0.729143E-02   0.583328E+07   0.582640E+07   0.274130E+05   0.267440E+05   0.509663E+07   0.582108E+07   0.583220E+07   0.582110E+07  -0.501508E+00   0.568041E+07   0.567860E+07   0.907130E+02
   0.805111E-02   0.570680E+07   0.569888E+07   0.231542E+05   0.214512E+05   0.489944E+07   0.569337E+07   0.570556E+07   0.569339E+07  -0.490504E+00   0.555614E+07   0.555433E+07   0.820819E+02
   0.888995E-02   0.556972E+07   0.556057E+07   0.191598E+05   0.171639E+05   0.469089E+07   0.555502E+07   0.556828E+07   0.555503E+07  -0.478583E+00   0.542151E+07   0.541970E+07   0.742678E+02
   0.981618E-02   0.542171E+07   0.541111E+07   0.138986E+05   0.136970E+05   0.447173E+07   0.540571E+07   0.542004E+07   0.540572E+07  -0.465719E+00   0.527621E+07   0.527440E+07   0.672898E+02
   0.108389E-01   0.526247E+07   0.525016E+07   0.112036E+05   0.108985E+05   0.424272E+07   0.524515E+07   0.526054E+07   0.524516E+07  -0.451886E+00   0.511996E+07   0.511814E+07   0.611380E+02
   0.119682E-01   0.509170E+07   0.507740E+07   0.853088E+04   0.864370E+04   0.400408E+07   0.507305E+07   0.508946E+07   0.507306E+07  -0.437058E+00   0.495245E+07   0.495063E+07   0.556411E+02
   0.132152E-01   0.490967E+07   0.489308E+07   0.667682E+04   0.683136E+04   0.374806E+07   0.488955E+07   0.490707E+07   0.488956E+07  -0.421249E+00   0.477386E+07   0.477203E+07   0.507930E+02
   0.145920E-01   0.471496E+07   0.469574E+07   0.563509E+04   0.537689E+04   0.348783E+07   0.469344E+07   0.471195E+07   0.469345E+07  -0.404353E+00   0.458296E+07   0.458110E+07   0.464718E+02
   0.161124E-01   0.450801E+07   0.448583E+07   0.471443E+04   0.421316E+04   0.322209E+07   0.448515E+07   0.450454E+07   0.448515E+07  -0.386408E+00   0.438014E+07   0.437826E+07   0.426234E+02
   0.177911E-01   0.428869E+07   0.426324E+07   0.344981E+04   0.328467E+04   0.295418E+07   0.426459E+07   0.428471E+07   0.426459E+07  -0.367406E+00   0.416534E+07   0.416343E+07   0.391675E+02
   0.196447E-01   0.405800E+07   0.402902E+07   0.282531E+04   0.254678E+04   0.268552E+07   0.403278E+07   0.405346E+07   0.403278E+07  -0.347434E+00   0.393953E+07   0.393759E+07   0.360228E+02
   0.216915E-01   0.381679E+07   0.378411E+07   0.196510E+04   0.196271E+04   0.241784E+07   0.379059E+07   0.381167E+07   0.379060E+07  -0.326569E+00   0.370355E+07   0.370158E+07   0.331087E+02
   0.239515E-01   0.356650E+07   0.353012E+07   0.154407E+04   0.150261E+04   0.215448E+07   0.353954E+07   0.356080E+07   0.353954E+07  -0.304940E+00   0.345886E+07   0.345688E+07   0.303412E+02
   0.264470E-01   0.330971E+07   0.326986E+07   0.126265E+04   0.114239E+04   0.189990E+07   0.328224E+07   0.330346E+07   0.328224E+07  -0.282773E+00   0.320801E+07   0.320601E+07   0.276347E+02
   0.292025E-01   0.305015E+07   0.300739E+07   0.100258E+04   0.862475E+03   0.165760E+07   0.302250E+07   0.304345E+07   0.302250E+07  -0.260396E+00   0.295471E+07   0.295272E+07   0.249132E+02
   0.322450E-01   0.279268E+07   0.274794E+07   0.642015E+03   0.646895E+03   0.143062E+07   0.276518E+07   0.278567E+07   0.276518E+07  -0.238227E+00   0.270369E+07   0.270174E+07   0.221214E+02
   0.356046E-01   0.254330E+07   0.249795E+07   0.493738E+03   0.482622E+03   0.122336E+07   0.251634E+07   0.253619E+07   0.251634E+07  -0.216789E+00   0.246088E+07   0.245901E+07   0.192235E+02
   0.393142E-01   0.230869E+07   0.226451E+07   0.383096E+03   0.358926E+03   0.103834E+07   0.228266E+07   0.230177E+07   0.228266E+07  -0.196657E+00   0.223280E+07   0.223106E+07   0.162275E+02
   0.434103E-01   0.209522E+07   0.205423E+07   0.300737E+03   0.266908E+03   0.877422E+06   0.207048E+07   0.208879E+07   0.207048E+07  -0.178377E+00   0.202566E+07   0.202409E+07   0.131957E+02
   0.477513E-01   0.191350E+07   0.187745E+07   0.211592E+03   0.201305E+03   0.745105E+06   0.189027E+07   0.190785E+07   0.189027E+07  -0.162851E+00   0.184970E+07   0.184835E+07   0.103610E+02
   0.520924E-01   0.177047E+07   0.174014E+07   0.164430E+03   0.156431E+03   0.642898E+06   0.174874E+07   0.176572E+07   0.174874E+07  -0.150658E+00   0.171149E+07   0.171035E+07   0.798045E+01
   0.564334E-01   0.165413E+07   0.162949E+07   0.130860E+03   0.124490E+03   0.561546E+06   0.163381E+07   0.165027E+07   0.163381E+07  -0.140757E+00   0.159925E+07   0.159831E+07   0.608635E+01
   0.607744E-01   0.155537E+07   0.153568E+07   0.106069E+03   0.100904E+03   0.494812E+06   0.153629E+07   0.155228E+07   0.153629E+07  -0.132355E+00   0.150400E+07   0.150322E+07   0.467533E+01
   0.651155E-01   0.146752E+07   0.145158E+07   0.871561E+02   0.829101E+02   0.438411E+06   0.144950E+07   0.146502E+07   0.144950E+07  -0.124878E+00   0.141921E+07   0.141855E+07   0.370665E+01
   0.694565E-01   0.138497E+07   0.137137E+07   0.722679E+02   0.687458E+02   0.389277E+06   0.136781E+07   0.138284E+07   0.136781E+07  -0.117840E+00   0.133940E+07   0.133881E+07   0.310774E+01
   0.737975E-01   0.130375E+07   0.129113E+07   0.602343E+02   0.572976E+02   0.345390E+06   0.128731E+07   0.130177E+07   0.128731E+07  -0.110905E+00   0.126071E+07   0.126015E+07   0.278740E+01
   0.781386E-01   0.122265E+07   0.120989E+07   0.503566E+02   0.479008E+02   0.305788E+06   0.120682E+07   0.122065E+07   0.120682E+07  -0.103970E+00   0.118201E+07   0.118144E+07   0.265038E+01
   0.824796E-01   0.114271E+07   0.112910E+07   0.422129E+02   0.401537E+02   0.270240E+06   0.112742E+07   0.114058E+07   0.112742E+07  -0.971299E-01   0.110437E+07   0.110378E+07   0.260887E+01
   0.868206E-01   0.106614E+07   0.105139E+07   0.355196E+02   0.337865E+02   0.238765E+06   0.105136E+07   0.106383E+07   0.105136E+07  -0.905768E-01   0.102996E+07   0.102935E+07   0.259099E+01
   0.911617E-01   0.995054E+06   0.979295E+06   0.300486E+02   0.285821E+02   0.211349E+06   0.980773E+06   0.992585E+06   0.980773E+06  -0.844958E-01   0.960904E+06   0.960269E+06   0.254581E+01
   0.965767E-01   0.916452E+06   0.900070E+06   0.246403E+02   0.234375E+02   0.182583E+06   0.902828E+06   0.913885E+06   0.902828E+06  -0.777807E-01   0.884632E+06   0.883995E+06   0.241046E+01
   0.101992E+00   0.850862E+06   0.834829E+06   0.205015E+02   0.195004E+02   0.159357E+06   0.837933E+06   0.848349E+06   0.837933E+06  -0.721898E-01   0.821120E+06   0.820511E+06   0.218068E+01
   0.107407E+00   0.798666E+06   0.783921E+06   0.173478E+02   0.165005E+02   0.140921E+06   0.786446E+06   0.796355E+06   0.786446E+06  -0.677541E-01   0.770726E+06   0.770172E+06   0.188377E+01
   0.112822E+00   0.757925E+06   0.745105E+06   0.149199E+02   0.141910E+02   0.126244E+06   0.746396E+06   0.755916E+06   0.746396E+06  -0.643037E-01   0.731525E+06   0.731042E+06   0.156524E+01
   0.118237E+00   0.724852E+06   0.714151E+06   0.129929E+02   0.123580E+02   0.114179E+06   0.713967E+06   0.723175E+06   0.713967E+06  -0.615099E-01   0.699783E+06   0.699371E+06   0.127126E+01
   0.123652E+00   0.695329E+06   0.686509E+06   0.113971E+02   0.108400E+02   0.103747E+06   0.685024E+06   0.693947E+06   0.685024E+06  -0.590164E-01   0.671450E+06   0.671100E+06   0.103608E+01
   0.129067E+00   0.666195E+06   0.658703E+06   0.100225E+02   0.953257E+01   0.942876E+05   0.656392E+06   0.665021E+06   0.656392E+06  -0.565497E-01   0.643419E+06   0.643110E+06   0.875684E+00
   0.134482E+00   0.635738E+06   0.628896E+06   0.880837E+01   0.837769E+01   0.854596E+05   0.626362E+06   0.634666E+06   0.626363E+06  -0.539625E-01   0.614016E+06   0.613726E+06   0.787347E+00
   0.139897E+00   0.603676E+06   0.596868E+06   0.772690E+01   0.734905E+01   0.771682E+05   0.594665E+06   0.602609E+06   0.594665E+06  -0.512317E-01   0.582975E+06   0.582686E+06   0.754042E+00
   0.145312E+00   0.570794E+06   0.563608E+06   0.676887E+01   0.643782E+01   0.694663E+05   0.562106E+06   0.569668E+06   0.562106E+06  -0.484266E-01   0.551086E+06   0.550787E+06   0.751446E+00
   0.150727E+00   0.538456E+06   0.530750E+06   0.593205E+01   0.564190E+01   0.624616E+05   0.530070E+06   0.537249E+06   0.530070E+06  -0.456668E-01   0.519706E+06   0.519395E+06   0.755296E+00
   0.156142E+00   0.508248E+06   0.500135E+06   0.521532E+01   0.496020E+01   0.562623E+05   0.500162E+06   0.506977E+06   0.500162E+06  -0.430901E-01   0.490407E+06   0.490088E+06   0.747186E+00
   0.161557E+00   0.481620E+06   0.473392E+06   0.461476E+01   0.438900E+01   0.509381E+05   0.473839E+06   0.480330E+06   0.473839E+06  -0.408222E-01   0.464617E+06   0.464299E+06   0.717632E+00
   0.166972E+00   0.459354E+06   0.451368E+06   0.411977E+01   0.391820E+01   0.464729E+05   0.451879E+06   0.458103E+06   0.451879E+06  -0.389304E-01   0.443101E+06   0.442797E+06   0.666147E+00
   0.172387E+00   0.441213E+06   0.433785E+06   0.371224E+01   0.353059E+01   0.427482E+05   0.434043E+06   0.440049E+06   0.434043E+06  -0.373937E-01   0.425624E+06   0.425341E+06   0.599103E+00
   0.177802E+00   0.426152E+06   0.419473E+06   0.337068E+01   0.320573E+01   0.395829E+05   0.419277E+06   0.425105E+06   0.419277E+06  -0.361216E-01   0.411155E+06   0.410898E+06   0.526479E+00
   0.183217E+00   0.412948E+06   0.407054E+06   0.307639E+01   0.292582E+01   0.368068E+05   0.406351E+06   0.412024E+06   0.406351E+06  -0.350081E-01   0.398489E+06   0.398259E+06   0.458566E+00
   0.188632E+00   0.400487E+06   0.395268E+06   0.281500E+01   0.267721E+01   0.342837E+05   0.394145E+06   0.399670E+06   0.394145E+06  -0.339565E-01   0.386528E+06   0.386319E+06   0.403187E+00
   0.194047E+00   0.387841E+06   0.383090E+06   0.257616E+01   0.245004E+01   0.319120E+05   0.381727E+06   0.387097E+06   0.381727E+06  -0.328866E-01   0.374358E+06   0.374164E+06   0.364114E+00
   0.199462E+00   0.374424E+06   0.369901E+06   0.235367E+01   0.223844E+01   0.296329E+05   0.368513E+06   0.373716E+06   0.368513E+06  -0.317482E-01   0.361408E+06   0.361222E+06   0.340887E+00
   0.204877E+00   0.360208E+06   0.355706E+06   0.214584E+01   0.204078E+01   0.274393E+05   0.354482E+06   0.359503E+06   0.354482E+06  -0.305394E-01   0.347657E+06   0.347472E+06   0.329798E+00
   0.210292E+00   0.345659E+06   0.341045E+06   0.195403E+01   0.185836E+01   0.253614E+05   0.340105E+06   0.344936E+06   0.340105E+06  -0.293008E-01   0.333565E+06   0.333378E+06   0.325439E+00
   0.215707E+00   0.331427E+06   0.326663E+06   0.178023E+01   0.169306E+01   0.234378E+05   0.326035E+06   0.330680E+06   0.326035E+06  -0.280887E-01   0.319775E+06   0.319584E+06   0.322314E+00
   0.221122E+00   0.318091E+06   0.313226E+06   0.162556E+01   0.154596E+01   0.216966E+05   0.312859E+06   0.317329E+06   0.312859E+06  -0.269535E-01   0.306859E+06   0.306668E+06   0.316154E+00
   0.226537E+00   0.306071E+06   0.301211E+06   0.148999E+01   0.141703E+01   0.201505E+05   0.300998E+06   0.305309E+06   0.300998E+06  -0.259316E-01   0.295232E+06   0.295043E+06   0.304692E+00
   0.231952E+00   0.295568E+06   0.290838E+06   0.137234E+01   0.130513E+01   0.187955E+05   0.290653E+06   0.294827E+06   0.290653E+06  -0.250404E-01   0.285090E+06   0.284908E+06   0.287791E+00
   0.237367E+00   0.286514E+06   0.282024E+06   0.127029E+01   0.120807E+01   0.176106E+05   0.281756E+06   0.285811E+06   0.281756E+06  -0.242739E-01   0.276367E+06   0.276194E+06   0.267000E+00
   0.242782E+00   0.278607E+06   0.274421E+06   0.118080E+01   0.112297E+01   0.165627E+05   0.274000E+06   0.277951E+06   0.274000E+06  -0.236057E-01   0.268763E+06   0.268600E+06   0.244797E+00
   0.248197E+00   0.271421E+06   0.267548E+06   0.110077E+01   0.104685E+01   0.156153E+05   0.266956E+06   0.270814E+06   0.266956E+06  -0.229989E-01   0.261857E+06   0.261705E+06   0.223762E+00
   0.253612E+00   0.264520E+06   0.260922E+06   0.102751E+01   0.977183E+00   0.147356E+05   0.260188E+06   0.263956E+06   0.260188E+06  -0.224158E-01   0.255222E+06   0.255079E+06   0.205893E+00
   0.259027E+00   0.257556E+06   0.254158E+06   0.959082E+00   0.912100E+00   0.138994E+05   0.253348E+06   0.257023E+06   0.253348E+06  -0.218265E-01   0.248514E+06   0.248378E+06   0.192216E+00
   0.264443E+00   0.250351E+06   0.247071E+06   0.894430E+00   0.850613E+00   0.130946E+05   0.246258E+06   0.249837E+06   0.246258E+06  -0.212156E-01   0.241563E+06   0.241431E+06   0.182712E+00
   0.269858E+00   0.242930E+06   0.239694E+06   0.833362E+00   0.792535E+00   0.123209E+05   0.238944E+06   0.242423E+06   0.238944E+06  -0.205856E-01   0.234392E+06   0.234262E+06   0.176518E+00
   0.275273E+00   0.235454E+06   0.232215E+06   0.776155E+00   0.738130E+00   0.115845E+05   0.231569E+06   0.234946E+06   0.231569E+06  -0.199502E-01   0.227161E+06   0.227032E+06   0.172286E+00
   0.280688E+00   0.228127E+06   0.224870E+06   0.723171E+00   0.687741E+00   0.108932E+05   0.224340E+06   0.227617E+06   0.224340E+06  -0.193274E-01   0.220073E+06   0.219943E+06   0.168589E+00
   0.286103E+00   0.221144E+06   0.217882E+06   0.674665E+00   0.641611E+00   0.102532E+05   0.217452E+06   0.220633E+06   0.217452E+06  -0.187340E-01   0.213319E+06   0.213190E+06   0.164280E+00
   0.291518E+00   0.214669E+06   0.211438E+06   0.630748E+00   0.599844E+00   0.966866E+04   0.211071E+06   0.214163E+06   0.211071E+06  -0.181842E-01   0.207061E+06   0.206935E+06   0.158716E+00
   0.296933E+00   0.208793E+06   0.205634E+06   0.591279E+00   0.562308E+00   0.913948E+04   0.205287E+06   0.208298E+06   0.205287E+06  -0.176859E-01   0.201389E+06   0.201266E+06   0.151801E+00
   0.302348E+00   0.203495E+06   0.200446E+06   0.555813E+00   0.528579E+00   0.866096E+04   0.200079E+06   0.203017E+06   0.200079E+06  -0.172372E-01   0.196282E+06   0.196163E+06   0.143887E+00
   0.307763E+00   0.198659E+06   0.195743E+06   0.523685E+00   0.498025E+00   0.822455E+04   0.195330E+06   0.198202E+06   0.195330E+06  -0.168281E-01   0.191625E+06   0.191510E+06   0.135594E+00
   0.313178E+00   0.194129E+06   0.191350E+06   0.494212E+00   0.469995E+00   0.782090E+04   0.190883E+06   0.193693E+06   0.190883E+06  -0.164450E-01   0.187264E+06   0.187154E+06   0.127603E+00
   0.318593E+00   0.189762E+06   0.187108E+06   0.466822E+00   0.443946E+00   0.744217E+04   0.186596E+06   0.189346E+06   0.186596E+06  -0.160756E-01   0.183059E+06   0.182954E+06   0.120474E+00
   0.324008E+00   0.185448E+06   0.182895E+06   0.441090E+00   0.419475E+00   0.708257E+04   0.182357E+06   0.185048E+06   0.182357E+06  -0.157105E-01   0.178902E+06   0.178801E+06   0.114525E+00
   0.329423E+00   0.181118E+06   0.178637E+06   0.416737E+00   0.396314E+00   0.673834E+04   0.178099E+06   0.180729E+06   0.178099E+06  -0.153436E-01   0.174726E+06   0.174627E+06   0.109794E+00
   0.334838E+00   0.176756E+06   0.174319E+06   0.393633E+00   0.374342E+00   0.640804E+04   0.173804E+06   0.176374E+06   0.173804E+06  -0.149736E-01   0.170514E+06   0.170416E+06   0.106078E+00
   0.340253E+00   0.172401E+06   0.169990E+06   0.371788E+00   0.353568E+00   0.609245E+04   0.169514E+06   0.172023E+06   0.169514E+06  -0.146040E-01   0.166307E+06   0.166211E+06   0.103032E+00
   0.345668E+00   0.168132E+06   0.165740E+06   0.351287E+00   0.334071E+00   0.579355E+04   0.165309E+06   0.167757E+06   0.165309E+06  -0.142417E-01   0.162182E+06   0.162087E+06   0.100270E+00
   0.351083E+00   0.164028E+06   0.161658E+06   0.332201E+00   0.315920E+00   0.551307E+04   0.161266E+06   0.163657E+06   0.161266E+06  -0.138934E-01   0.158217E+06   0.158123E+06   0.974649E-01
   0.356498E+00   0.160140E+06   0.157802E+06   0.314533E+00   0.299118E+00   0.525166E+04   0.157438E+06   0.159774E+06   0.157438E+06  -0.135636E-01   0.154462E+06   0.154370E+06   0.944093E-01
   0.361913E+00   0.156490E+06   0.154197E+06   0.298225E+00   0.283609E+00   0.500891E+04   0.153846E+06   0.156131E+06   0.153846E+06  -0.132542E-01   0.150940E+06   0.150849E+06   0.910409E-01
   0.367328E+00   0.153074E+06   0.150838E+06   0.283173E+00   0.269294E+00   0.478358E+04   0.150487E+06   0.152724E+06   0.150487E+06  -0.129648E-01   0.147645E+06   0.147557E+06   0.874290E-01
   0.372743E+00   0.149867E+06   0.147696E+06   0.269242E+00   0.256046E+00   0.457384E+04   0.147335E+06   0.149527E+06   0.147335E+06  -0.126932E-01   0.144553E+06   0.144468E+06   0.837296E-01
   0.378158E+00   0.146823E+06   0.144720E+06   0.256275E+00   0.243713E+00   0.437741E+04   0.144345E+06   0.146493E+06   0.144345E+06  -0.124356E-01   0.141620E+06   0.141537E+06   0.801266E-01
   0.383573E+00   0.143887E+06   0.141848E+06   0.244110E+00   0.232145E+00   0.419194E+04   0.141460E+06   0.143567E+06   0.141460E+06  -0.121871E-01   0.138790E+06   0.138710E+06   0.767795E-01
   0.388988E+00   0.141011E+06   0.139029E+06   0.232616E+00   0.221214E+00   0.401540E+04   0.138634E+06   0.140700E+06   0.138634E+06  -0.119436E-01   0.136018E+06   0.135940E+06   0.737886E-01
   0.394403E+00   0.138169E+06   0.136233E+06   0.221709E+00   0.210841E+00   0.384659E+04   0.135839E+06   0.137865E+06   0.135839E+06  -0.117028E-01   0.133277E+06   0.133200E+06   0.711816E-01
   0.399818E+00   0.135354E+06   0.133455E+06   0.211345E+00   0.200985E+00   0.368498E+04   0.133071E+06   0.135057E+06   0.133071E+06  -0.114643E-01   0.130561E+06   0.130486E+06   0.689183E-01
   0.405233E+00   0.132577E+06   0.130707E+06   0.201506E+00   0.191629E+00   0.353048E+04   0.130337E+06   0.132284E+06   0.130337E+06  -0.112288E-01   0.127880E+06   0.127806E+06   0.669106E-01
   0.410648E+00   0.129854E+06   0.128009E+06   0.192190E+00   0.182769E+00   0.338320E+04   0.127658E+06   0.129565E+06   0.127658E+06  -0.109980E-01   0.125252E+06   0.125178E+06   0.650509E-01
   0.416063E+00   0.127209E+06   0.125389E+06   0.183400E+00   0.174410E+00   0.324338E+04   0.125054E+06   0.126924E+06   0.125054E+06  -0.107737E-01   0.122698E+06   0.122626E+06   0.632415E-01
   0.421478E+00   0.124663E+06   0.122870E+06   0.175136E+00   0.166550E+00   0.311121E+04   0.122549E+06   0.124382E+06   0.122549E+06  -0.105578E-01   0.120240E+06   0.120169E+06   0.614143E-01
   0.426893E+00   0.122228E+06   0.120465E+06   0.167382E+00   0.159177E+00   0.298658E+04   0.120153E+06   0.121952E+06   0.120153E+06  -0.103515E-01   0.117890E+06   0.117821E+06   0.595398E-01
   0.432308E+00   0.119904E+06   0.118176E+06   0.160109E+00   0.152261E+00   0.286913E+04   0.117868E+06   0.119633E+06   0.117868E+06  -0.101546E-01   0.115649E+06   0.115580E+06   0.576252E-01
   0.437723E+00   0.117681E+06   0.115990E+06   0.153276E+00   0.145762E+00   0.275824E+04   0.115683E+06   0.117416E+06   0.115683E+06  -0.996633E-02   0.113505E+06   0.113438E+06   0.557046E-01
   0.443138E+00   0.115543E+06   0.113890E+06   0.146835E+00   0.139637E+00   0.265322E+04   0.113581E+06   0.115284E+06   0.113581E+06  -0.978527E-02   0.111443E+06   0.111378E+06   0.538255E-01
   0.448553E+00   0.113473E+06   0.111857E+06   0.140743E+00   0.133843E+00   0.255337E+04   0.111546E+06   0.113220E+06   0.111546E+06  -0.960997E-02   0.109447E+06   0.109383E+06   0.520339E-01
   0.453968E+00   0.111456E+06   0.109875E+06   0.134962E+00   0.128346E+00   0.245813E+04   0.109564E+06   0.111208E+06   0.109564E+06  -0.943917E-02   0.107503E+06   0.107440E+06   0.503627E-01
   0.459383E+00   0.109481E+06   0.107931E+06   0.129463E+00   0.123116E+00   0.236705E+04   0.107622E+06   0.109238E+06   0.107622E+06  -0.927190E-02   0.105598E+06   0.105536E+06   0.488252E-01
   0.464798E+00   0.107540E+06   0.106018E+06   0.124220E+00   0.118130E+00   0.227977E+04   0.105714E+06   0.107302E+06   0.105714E+06  -0.910750E-02   0.103726E+06   0.103665E+06   0.474145E-01
   0.470213E+00   0.105633E+06   0.104136E+06   0.119221E+00   0.113376E+00   0.219609E+04   0.103838E+06   0.105399E+06   0.103838E+06  -0.894590E-02   0.101886E+06   0.101826E+06   0.461094E-01
   0.475629E+00   0.103766E+06   0.102290E+06   0.114460E+00   0.108848E+00   0.211599E+04   0.102001E+06   0.103535E+06   0.102001E+06  -0.878763E-02   0.100084E+06   0.100025E+06   0.448808E-01
   0.481044E+00   0.101946E+06   0.100492E+06   0.109933E+00   0.104543E+00   0.203949E+04   0.100211E+06   0.101718E+06   0.100211E+06  -0.863339E-02   0.983272E+05   0.982697E+05   0.436997E-01
   0.486459E+00   0.100179E+06   0.987466E+05   0.105634E+00   0.100455E+00   0.196652E+04   0.984728E+05   0.999543E+05   0.984728E+05  -0.848365E-02   0.966221E+05   0.965655E+05   0.425427E-01
   0.491874E+00   0.984665E+05   0.970568E+05   0.101553E+00   0.965742E-01   0.189696E+04   0.967889E+05   0.982456E+05   0.967889E+05  -0.833858E-02   0.949702E+05   0.949145E+05   0.413961E-01
   0.497289E+00   0.968101E+05   0.954238E+05   0.976810E-01   0.928919E-01   0.183069E+04   0.951601E+05   0.965928E+05   0.951601E+05  -0.819826E-02   0.933723E+05   0.933175E+05   0.402575E-01
   0.502704E+00   0.952088E+05   0.938467E+05   0.940061E-01   0.893971E-01   0.176755E+04   0.935859E+05   0.949954E+05   0.935859E+05  -0.806263E-02   0.918278E+05   0.917740E+05   0.391334E-01
   0.508119E+00   0.936587E+05   0.923209E+05   0.905144E-01   0.860766E-01   0.170732E+04   0.920621E+05   0.934491E+05   0.920621E+05  -0.793135E-02   0.903329E+05   0.902800E+05   0.380350E-01
   0.513534E+00   0.921525E+05   0.908388E+05   0.871900E-01   0.829151E-01   0.164974E+04   0.905815E+05   0.919467E+05   0.905815E+05  -0.780380E-02   0.888804E+05   0.888284E+05   0.369744E-01
   0.518949E+00   0.906832E+05   0.893925E+05   0.840180E-01   0.798986E-01   0.159459E+04   0.891371E+05   0.904810E+05   0.891371E+05  -0.767936E-02   0.874633E+05   0.874122E+05   0.359611E-01
   0.524364E+00   0.892463E+05   0.879775E+05   0.809872E-01   0.770164E-01   0.154169E+04   0.877245E+05   0.890475E+05   0.877245E+05  -0.755766E-02   0.860775E+05   0.860272E+05   0.350005E-01
   0.529779E+00   0.878398E+05   0.865914E+05   0.780890E-01   0.742602E-01   0.149089E+04   0.863416E+05   0.876442E+05   0.863416E+05  -0.743852E-02   0.847208E+05   0.846714E+05   0.340926E-01
   0.535194E+00   0.864623E+05   0.852331E+05   0.753160E-01   0.716232E-01   0.144209E+04   0.849872E+05   0.862697E+05   0.849872E+05  -0.732183E-02   0.833920E+05   0.833433E+05   0.332324E-01
   0.540609E+00   0.851131E+05   0.839020E+05   0.726622E-01   0.690994E-01   0.139522E+04   0.836605E+05   0.849234E+05   0.836605E+05  -0.720754E-02   0.820904E+05   0.820424E+05   0.324119E-01
   0.546024E+00   0.837933E+05   0.825996E+05   0.701228E-01   0.666845E-01   0.135019E+04   0.823627E+05   0.836063E+05   0.823627E+05  -0.709573E-02   0.808171E+05   0.807698E+05   0.316224E-01
   0.551439E+00   0.825053E+05   0.813287E+05   0.676947E-01   0.643755E-01   0.130699E+04   0.810961E+05   0.823209E+05   0.810961E+05  -0.698661E-02   0.795745E+05   0.795279E+05   0.308564E-01
   0.556854E+00   0.812510E+05   0.800915E+05   0.653747E-01   0.621692E-01   0.126557E+04   0.798628E+05   0.810693E+05   0.798628E+05  -0.688036E-02   0.783645E+05   0.783186E+05   0.301087E-01
   0.562269E+00   0.800298E+05   0.788874E+05   0.631572E-01   0.600605E-01   0.122585E+04   0.786621E+05   0.798508E+05   0.786621E+05  -0.677691E-02   0.771865E+05   0.771413E+05   0.293763E-01
   0.567684E+00   0.788403E+05   0.777150E+05   0.610367E-01   0.580439E-01   0.118774E+04   0.774926E+05   0.786639E+05   0.774926E+05  -0.667616E-02   0.760391E+05   0.759946E+05   0.286593E-01
   0.573099E+00   0.776808E+05   0.765727E+05   0.590076E-01   0.561142E-01   0.115115E+04   0.763528E+05   0.775072E+05   0.763528E+05  -0.657796E-02   0.749208E+05   0.748769E+05   0.279599E-01
   0.578514E+00   0.765502E+05   0.754589E+05   0.570649E-01   0.542668E-01   0.111601E+04   0.752413E+05   0.763792E+05   0.752413E+05  -0.648220E-02   0.738303E+05   0.737871E+05   0.272811E-01
   0.629782E+00   0.669927E+05   0.660376E+05   0.421375E-01   0.400712E-01   0.841859E+03   0.658452E+05   0.668430E+05   0.658452E+05  -0.567271E-02   0.646115E+05   0.645737E+05   0.219438E-01
   0.769218E+00   0.487455E+05   0.480513E+05   0.205497E-01   0.195419E-01   0.428794E+03   0.479079E+05   0.486367E+05   0.479079E+05  -0.412737E-02   0.470118E+05   0.469842E+05   0.130830E-01
   0.939525E+00   0.352934E+05   0.347909E+05   0.997259E-02   0.948349E-02   0.215422E+03   0.346855E+05   0.352146E+05   0.346855E+05  -0.298823E-02   0.340375E+05   0.340175E+05   0.777285E-02
   0.114754E+01   0.254404E+05   0.250783E+05   0.481831E-02   0.458199E-02   0.106919E+03   0.250015E+05   0.253837E+05   0.250015E+05  -0.215394E-02   0.245348E+05   0.245204E+05   0.460402E-02
   0.140161E+01   0.182639E+05   0.180039E+05   0.231860E-02   0.220488E-02   0.525083E+02   0.179484E+05   0.182231E+05   0.179484E+05  -0.154629E-02   0.176136E+05   0.176032E+05   0.272138E-02
   0.171193E+01   0.130632E+05   0.128772E+05   0.111161E-02   0.105708E-02   0.255554E+02   0.128374E+05   0.130340E+05   0.128374E+05  -0.110597E-02   0.125980E+05   0.125905E+05   0.160724E-02
   0.209095E+01   0.931187E+04   0.917929E+04   0.531144E-03   0.505092E-03   0.123444E+02   0.915081E+04   0.929110E+04   0.915081E+04  -0.788363E-03   0.898024E+04   0.897480E+04   0.950010E-03
   0.255389E+01   0.661725E+04   0.652300E+04   0.253004E-03   0.240594E-03   0.592568E+01   0.650275E+04   0.660248E+04   0.650275E+04  -0.560226E-03   0.638156E+04   0.637763E+04   0.563200E-03
   0.311933E+01   0.468910E+04   0.462227E+04   0.120175E-03   0.114281E-03   0.282991E+01   0.460793E+04   0.467862E+04   0.460793E+04  -0.396983E-03   0.452207E+04   0.451921E+04   0.335849E-03
   0.380996E+01   0.331407E+04   0.326680E+04   0.569331E-04   0.541406E-04   0.134570E+01   0.325669E+04   0.330666E+04   0.325669E+04  -0.280571E-03   0.319602E+04   0.319391E+04   0.202210E-03
   0.465350E+01   0.233664E+04   0.230326E+04   0.269073E-04   0.255876E-04   0.637631E+00   0.229617E+04   0.233141E+04   0.229617E+04  -0.197820E-03   0.225340E+04   0.225183E+04   0.123514E-03
   0.568379E+01   0.164382E+04   0.162028E+04   0.126884E-04   0.120661E-04   0.301208E+00   0.161534E+04   0.164013E+04   0.161534E+04  -0.139165E-03   0.158526E+04   0.158406E+04   0.769767E-04
   0.694221E+01   0.115404E+04   0.113746E+04   0.597102E-05   0.567819E-05   0.141911E+00   0.113404E+04   0.115144E+04   0.113404E+04  -0.976999E-04   0.111292E+04   0.111199E+04   0.492514E-04
   0.847923E+01   0.808654E+03   0.796975E+03   0.280451E-05   0.266699E-05   0.667085E-01   0.794626E+03   0.806824E+03   0.794626E+03  -0.684588E-04   0.779837E+03   0.779082E+03   0.325404E-04
   0.103566E+02   0.565630E+03   0.557398E+03   0.131489E-05   0.125042E-05   0.312936E-01   0.555809E+03   0.564340E+03   0.555809E+03  -0.478841E-04   0.545469E+03   0.544837E+03   0.222962E-04
   0.126495E+02   0.394989E+03   0.389174E+03   0.615451E-06   0.585283E-06   0.146534E-01   0.388120E+03   0.394078E+03   0.388120E+03  -0.334374E-04   0.380905E+03   0.380356E+03   0.158697E-04
   0.154502E+02   0.275401E+03   0.271278E+03   0.287615E-06   0.273522E-06   0.684994E-02   0.270601E+03   0.274755E+03   0.270601E+03  -0.233129E-04   0.265576E+03   0.265081E+03   0.117175E-04
   0.188709E+02   0.191741E+03   0.188799E+03   0.134207E-06   0.127634E-06   0.319725E-02   0.188388E+03   0.191280E+03   0.188388E+03  -0.162300E-04   0.184896E+03   0.184434E+03   0.893883E-05
   0.230489E+02   0.133312E+03   0.131193E+03   0.625336E-07   0.594733E-07   0.149008E-02   0.130969E+03   0.132980E+03   0.130969E+03  -0.112833E-04   0.128548E+03   0.128106E+03   0.700598E-05
   0.281520E+02   0.925675E+02   0.910193E+02   0.290963E-07   0.276740E-07   0.693529E-03   0.909291E+02   0.923249E+02   0.909291E+02  -0.783374E-05   0.892540E+02   0.888220E+02   0.560766E-05
   0.343849E+02   0.641958E+02   0.630429E+02   0.135191E-07   0.128593E-07   0.322370E-03   0.630473E+02   0.640151E+02   0.630473E+02  -0.543167E-05   0.618923E+02   0.614634E+02   0.455820E-05
   0.419979E+02   0.444659E+02   0.435856E+02   0.627224E-08   0.596691E-08   0.149634E-03   0.436578E+02   0.443280E+02   0.436578E+02  -0.376122E-05   0.428647E+02   0.424342E+02   0.374501E-05
   0.512963E+02   0.307628E+02   0.300696E+02   0.290545E-08   0.276455E-08   0.693680E-04   0.301907E+02   0.306542E+02   0.301907E+02  -0.260100E-05   0.296491E+02   0.292142E+02   0.309826E-05
   0.626535E+02   0.212566E+02   0.206912E+02   0.134350E-08   0.127871E-08   0.321096E-04   0.208480E+02   0.211680E+02   0.208480E+02  -0.179610E-05   0.204811E+02   0.200398E+02   0.257329E-05
   0.765251E+02   0.146692E+02   0.141905E+02   0.619941E-09   0.590295E-09   0.148410E-04   0.143735E+02   0.145942E+02   0.143735E+02  -0.123831E-05   0.141278E+02   0.136795E+02   0.214046E-05
   0.934680E+02   0.101090E+02   0.968893E+01   0.285319E-09   0.271846E-09   0.684613E-05   0.989131E+01   0.100432E+02   0.989131E+01  -0.852158E-06   0.972955E+01   0.927440E+01   0.177923E-05
   0.114162E+03   0.695519E+01   0.657478E+01   0.130872E-09   0.124808E-09   0.315121E-05   0.679133E+01   0.689558E+01   0.679133E+01  -0.585088E-06   0.668772E+01   0.622694E+01   0.147476E-05
