#          k/h    CDM            baryon         photon         nu             mass_nu        total          no_nu          total_de       Weyl           v_CDM          v_b            v_b-v_c     
   0.105184E-04   0.502437E+07   0.502437E+07   0.669838E+07   0.669835E+07   0.502520E+07   0.502438E+07   0.502437E+07   0.503281E+07  -0.598413E+00   0.497509E+07   0.497509E+07   0.113442E+02
   0.116143E-04   0.502437E+07   0.502437E+07   0.669820E+07   0.669817E+07   0.502519E+07   0.502438E+07   0.502437E+07   0.503281E+07  -0.598413E+00   0.497509E+07   0.497509E+07   0.125260E+02
   0.128244E-04   0.502437E+07   0.502437E+07   0.669799E+07   0.669795E+07   0.502519E+07   0.502438E+07   0.502437E+07   0.503281E+07  -0.598413E+00   0.497509E+07   0.497509E+07   0.138309E+02
   0.141606E-04   0.502437E+07   0.502437E+07   0.669773E+07   0.669768E+07   0.502519E+07   0.502438E+07   0.502437E+07   0.503281E+07  -0.598413E+00   0.497509E+07   0.497509E+07   0.152716E+02
   0.156360E-04   0.502437E+07   0.502437E+07   0.669742E+07   0.669736E+07   0.502519E+07   0.502438E+07   0.502437E+07   0.503280E+07  -0.598412E+00   0.497509E+07   0.497509E+07   0.168623E+02
   0.172651E-04   0.502436E+07   0.502436E+07   0.669703E+07   0.669696E+07   0.502518E+07   0.502438E+07   0.502436E+07   0.503280E+07  -0.598412E+00   0.497509E+07   0.497508E+07   0.186187E+02
   0.190639E-04   0.502436E+07   0.502436E+07   0.669657E+07   0.669647E+07   0.502518E+07   0.502437E+07   0.502436E+07   0.503280E+07  -0.598411E+00   0.497508E+07   0.497508E+07   0.205579E+02
   0.210501E-04   0.502436E+07   0.502436E+07   0.669600E+07   0.669588E+07   0.502517E+07   0.502437E+07   0.502436E+07   0.503279E+07  -0.598411E+00   0.497508E+07   0.497508E+07   0.226989E+02
   0.232433E-04   0.502436E+07   0.502435E+07   0.669530E+07   0.669516E+07   0.502517E+07   0.502437E+07   0.502435E+07   0.503279E+07  -0.598410E+00   0.497508E+07   0.497507E+07   0.250626E+02
   0.256650E-04   0.502435E+07   0.502435E+07   0.669445E+07   0.669428E+07   0.502516E+07   0.502436E+07   0.502435E+07   0.503278E+07  -0.598410E+00   0.497507E+07   0.497507E+07   0.276722E+02
   0.283390E-04   0.502434E+07   0.502434E+07   0.669342E+07   0.669321E+07   0.502515E+07   0.502436E+07   0.502434E+07   0.503278E+07  -0.598409E+00   0.497506E+07   0.497506E+07   0.305531E+02
   0.312916E-04   0.502434E+07   0.502434E+07   0.669216E+07   0.669191E+07   0.502514E+07   0.502435E+07   0.502434E+07   0.503277E+07  -0.598408E+00   0.497506E+07   0.497506E+07   0.337333E+02
   0.345519E-04   0.502433E+07   0.502433E+07   0.669062E+07   0.669031E+07   0.502512E+07   0.502434E+07   0.502433E+07   0.503276E+07  -0.598406E+00   0.497505E+07   0.497505E+07   0.372439E+02
   0.381518E-04   0.502432E+07   0.502431E+07   0.668875E+07   0.668837E+07   0.502510E+07   0.502433E+07   0.502432E+07   0.503274E+07  -0.598404E+00   0.497504E+07   0.497504E+07   0.411188E+02
   0.421268E-04   0.502430E+07   0.502430E+07   0.668647E+07   0.668601E+07   0.502508E+07   0.502432E+07   0.502430E+07   0.503273E+07  -0.598402E+00   0.497503E+07   0.497502E+07   0.453956E+02
   0.465159E-04   0.502429E+07   0.502428E+07   0.668369E+07   0.668313E+07   0.502506E+07   0.502430E+07   0.502429E+07   0.503271E+07  -0.598400E+00   0.497501E+07   0.497500E+07   0.501154E+02
   0.513623E-04   0.502427E+07   0.502426E+07   0.668030E+07   0.667962E+07   0.502502E+07   0.502428E+07   0.502427E+07   0.503268E+07  -0.598397E+00   0.497499E+07   0.497498E+07   0.553235E+02
   0.567137E-04   0.502424E+07   0.502424E+07   0.667617E+07   0.667534E+07   0.502498E+07   0.502425E+07   0.502424E+07   0.503265E+07  -0.598393E+00   0.497497E+07   0.497496E+07   0.610697E+02
   0.626227E-04   0.502422E+07   0.502421E+07   0.667114E+07   0.667012E+07   0.502494E+07   0.502423E+07   0.502421E+07   0.503262E+07  -0.598389E+00   0.497494E+07   0.497493E+07   0.674083E+02
   0.691473E-04   0.502418E+07   0.502417E+07   0.666501E+07   0.666377E+07   0.502488E+07   0.502419E+07   0.502418E+07   0.503257E+07  -0.598383E+00   0.497490E+07   0.497489E+07   0.743989E+02
   0.763516E-04   0.502414E+07   0.502413E+07   0.665754E+07   0.665603E+07   0.502481E+07   0.502415E+07   0.502414E+07   0.503252E+07  -0.598377E+00   0.497486E+07   0.497485E+07   0.821067E+02
   0.843066E-04   0.502408E+07   0.502407E+07   0.664844E+07   0.664661E+07   0.502472E+07   0.502409E+07   0.502408E+07   0.503245E+07  -0.598369E+00   0.497481E+07   0.497479E+07   0.906024E+02
   0.930904E-04   0.502402E+07   0.502401E+07   0.663737E+07   0.663514E+07   0.502461E+07   0.502403E+07   0.502402E+07   0.503238E+07  -0.598359E+00   0.497475E+07   0.497472E+07   0.999630E+02
   0.102789E-03   0.502394E+07   0.502393E+07   0.662390E+07   0.662118E+07   0.502448E+07   0.502395E+07   0.502394E+07   0.503228E+07  -0.598347E+00   0.497467E+07   0.497464E+07   0.110272E+03
   0.113499E-03   0.502385E+07   0.502383E+07   0.660750E+07   0.660420E+07   0.502433E+07   0.502385E+07   0.502384E+07   0.503216E+07  -0.598332E+00   0.497457E+07   0.497454E+07   0.121617E+03
   0.125324E-03   0.502373E+07   0.502371E+07   0.658757E+07   0.658355E+07   0.502414E+07   0.502373E+07   0.502373E+07   0.503202E+07  -0.598314E+00   0.497446E+07   0.497442E+07   0.134096E+03
   0.138382E-03   0.502359E+07   0.502356E+07   0.656334E+07   0.655845E+07   0.502390E+07   0.502359E+07   0.502358E+07   0.503184E+07  -0.598292E+00   0.497432E+07   0.497427E+07   0.147809E+03
   0.152799E-03   0.502342E+07   0.502338E+07   0.653392E+07   0.652798E+07   0.502362E+07   0.502341E+07   0.502341E+07   0.503163E+07  -0.598266E+00   0.497415E+07   0.497409E+07   0.162861E+03
   0.168719E-03   0.502321E+07   0.502316E+07   0.649822E+07   0.649100E+07   0.502327E+07   0.502320E+07   0.502320E+07   0.503137E+07  -0.598233E+00   0.497394E+07   0.497387E+07   0.179362E+03
   0.186298E-03   0.502295E+07   0.502290E+07   0.645494E+07   0.644618E+07   0.502285E+07   0.502294E+07   0.502294E+07   0.503106E+07  -0.598194E+00   0.497369E+07   0.497360E+07   0.197424E+03
   0.205708E-03   0.502264E+07   0.502258E+07   0.640254E+07   0.639194E+07   0.502233E+07   0.502262E+07   0.502263E+07   0.503067E+07  -0.598146E+00   0.497338E+07   0.497328E+07   0.217153E+03
   0.227141E-03   0.502226E+07   0.502218E+07   0.633922E+07   0.632638E+07   0.502170E+07   0.502224E+07   0.502225E+07   0.503021E+07  -0.598088E+00   0.497301E+07   0.497288E+07   0.238652E+03
   0.250806E-03   0.502180E+07   0.502171E+07   0.626282E+07   0.624731E+07   0.502094E+07   0.502177E+07   0.502178E+07   0.502964E+07  -0.598017E+00   0.497255E+07   0.497240E+07   0.262010E+03
   0.276938E-03   0.502123E+07   0.502113E+07   0.617087E+07   0.615217E+07   0.502001E+07   0.502120E+07   0.502122E+07   0.502895E+07  -0.597931E+00   0.497200E+07   0.497181E+07   0.287294E+03
   0.305791E-03   0.502055E+07   0.502042E+07   0.606051E+07   0.603802E+07   0.501887E+07   0.502051E+07   0.502053E+07   0.502812E+07  -0.597827E+00   0.497132E+07   0.497109E+07   0.314538E+03
   0.337651E-03   0.501972E+07   0.501956E+07   0.592854E+07   0.590157E+07   0.501749E+07   0.501966E+07   0.501970E+07   0.502711E+07  -0.597701E+00   0.497050E+07   0.497023E+07   0.343727E+03
   0.372831E-03   0.501871E+07   0.501852E+07   0.577137E+07   0.573915E+07   0.501582E+07   0.501864E+07   0.501868E+07   0.502589E+07  -0.597547E+00   0.496950E+07   0.496917E+07   0.374778E+03
   0.411676E-03   0.501749E+07   0.501726E+07   0.558521E+07   0.554687E+07   0.501378E+07   0.501740E+07   0.501745E+07   0.502441E+07  -0.597362E+00   0.496829E+07   0.496789E+07   0.407513E+03
   0.454568E-03   0.501600E+07   0.501572E+07   0.536610E+07   0.532075E+07   0.501131E+07   0.501589E+07   0.501596E+07   0.502262E+07  -0.597139E+00   0.496682E+07   0.496634E+07   0.441632E+03
   0.501929E-03   0.501420E+07   0.501387E+07   0.511028E+07   0.505696E+07   0.500830E+07   0.501406E+07   0.501415E+07   0.502047E+07  -0.596870E+00   0.496504E+07   0.496447E+07   0.476674E+03
   0.554224E-03   0.501203E+07   0.501163E+07   0.481451E+07   0.475233E+07   0.500466E+07   0.501186E+07   0.501197E+07   0.501789E+07  -0.596546E+00   0.496288E+07   0.496221E+07   0.511977E+03
   0.611968E-03   0.500940E+07   0.500893E+07   0.447666E+07   0.440485E+07   0.500025E+07   0.500919E+07   0.500933E+07   0.501479E+07  -0.596158E+00   0.496027E+07   0.495948E+07   0.546637E+03
   0.675728E-03   0.500624E+07   0.500568E+07   0.409653E+07   0.401458E+07   0.499492E+07   0.500598E+07   0.500615E+07   0.501110E+07  -0.595695E+00   0.495712E+07   0.495619E+07   0.579469E+03
   0.746132E-03   0.500243E+07   0.500178E+07   0.367678E+07   0.358458E+07   0.498848E+07   0.500212E+07   0.500233E+07   0.500671E+07  -0.595145E+00   0.495332E+07   0.495225E+07   0.608986E+03
   0.823870E-03   0.499787E+07   0.499711E+07   0.322404E+07   0.312211E+07   0.498072E+07   0.499749E+07   0.499775E+07   0.500151E+07  -0.594492E+00   0.494877E+07   0.494754E+07   0.633404E+03
   0.909708E-03   0.499242E+07   0.499154E+07   0.274997E+07   0.263961E+07   0.497139E+07   0.499196E+07   0.499228E+07   0.499538E+07  -0.593724E+00   0.494331E+07   0.494191E+07   0.650698E+03
   0.100449E-02   0.498593E+07   0.498492E+07   0.227194E+07   0.215541E+07   0.496020E+07   0.498538E+07   0.498577E+07   0.498820E+07  -0.592824E+00   0.493680E+07   0.493524E+07   0.658745E+03
   0.110915E-02   0.497823E+07   0.497710E+07   0.181269E+07   0.169323E+07   0.494682E+07   0.497758E+07   0.497805E+07   0.497981E+07  -0.591775E+00   0.492906E+07   0.492734E+07   0.655560E+03
   0.122471E-02   0.496914E+07   0.496789E+07   0.139847E+07   0.128011E+07   0.493086E+07   0.496837E+07   0.496894E+07   0.497008E+07  -0.590561E+00   0.491990E+07   0.491805E+07   0.639663E+03
   0.135231E-02   0.495846E+07   0.495709E+07   0.105476E+07   0.941852E+06   0.491183E+07   0.495755E+07   0.495825E+07   0.495883E+07  -0.589163E+00   0.490913E+07   0.490717E+07   0.610544E+03
   0.149320E-02   0.494599E+07   0.494452E+07   0.799691E+06   0.696102E+06   0.488929E+07   0.494490E+07   0.494576E+07   0.494587E+07  -0.587562E+00   0.489651E+07   0.489450E+07   0.569153E+03
   0.164878E-02   0.493149E+07   0.492994E+07   0.636210E+06   0.544450E+06   0.486280E+07   0.493021E+07   0.493124E+07   0.493097E+07  -0.585735E+00   0.488184E+07   0.487982E+07   0.518252E+03
   0.182056E-02   0.491472E+07   0.491311E+07   0.546598E+06   0.467210E+06   0.483178E+07   0.491322E+07   0.491447E+07   0.491387E+07  -0.583656E+00   0.486488E+07   0.486289E+07   0.462364E+03
   0.201024E-02   0.489543E+07   0.489377E+07   0.494519E+06   0.426362E+06   0.479562E+07   0.489366E+07   0.489517E+07   0.489426E+07  -0.581290E+00   0.484538E+07   0.484344E+07   0.407085E+03
   0.221969E-02   0.487332E+07   0.487162E+07   0.439108E+06   0.380740E+06   0.475366E+07   0.487125E+07   0.487306E+07   0.487178E+07  -0.578597E+00   0.482307E+07   0.482120E+07   0.357666E+03
   0.245096E-02   0.484810E+07   0.484632E+07   0.358236E+06   0.309645E+06   0.470521E+07   0.484566E+07   0.484782E+07   0.484609E+07  -0.575532E+00   0.479766E+07   0.479582E+07   0.317279E+03
   0.270632E-02   0.481940E+07   0.481751E+07   0.265060E+06   0.227852E+06   0.464957E+07   0.481654E+07   0.481910E+07   0.481686E+07  -0.572050E+00   0.476880E+07   0.476698E+07   0.285880E+03
   0.298829E-02   0.478687E+07   0.478482E+07   0.195293E+06   0.170110E+06   0.458608E+07   0.478352E+07   0.478655E+07   0.478375E+07  -0.568106E+00   0.473612E+07   0.473428E+07   0.260706E+03
   0.329963E-02   0.475012E+07   0.474784E+07   0.164750E+06   0.150586E+06   0.451415E+07   0.474620E+07   0.474976E+07   0.474640E+07  -0.563656E+00   0.469921E+07   0.469735E+07   0.238374E+03
   0.364342E-02   0.470875E+07   0.470622E+07   0.145394E+06   0.122420E+06   0.443332E+07   0.470419E+07   0.470835E+07   0.470437E+07  -0.558655E+00   0.465769E+07   0.465582E+07   0.216933E+03
   0.402302E-02   0.466236E+07   0.465953E+07   0.109593E+06   0.994040E+05   0.434329E+07   0.465710E+07   0.466192E+07   0.465723E+07  -0.553051E+00   0.461115E+07   0.460929E+07   0.196039E+03
   0.444218E-02   0.461054E+07   0.460738E+07   0.800609E+05   0.806092E+05   0.424398E+07   0.460451E+07   0.461004E+07   0.460461E+07  -0.546797E+00   0.455921E+07   0.455736E+07   0.176115E+03
   0.490500E-02   0.455290E+07   0.454932E+07   0.738016E+05   0.652727E+05   0.413547E+07   0.454603E+07   0.455234E+07   0.454612E+07  -0.539845E+00   0.450147E+07   0.449963E+07   0.158301E+03
   0.541605E-02   0.448904E+07   0.448496E+07   0.591680E+05   0.527706E+05   0.401803E+07   0.448129E+07   0.448840E+07   0.448136E+07  -0.532151E+00   0.443754E+07   0.443570E+07   0.143424E+03
   0.598034E-02   0.441862E+07   0.441392E+07   0.466217E+05   0.425896E+05   0.389192E+07   0.440993E+07   0.441788E+07   0.440998E+07  -0.523672E+00   0.436709E+07   0.436525E+07   0.130102E+03
   0.660342E-02   0.434129E+07   0.433587E+07   0.429203E+05   0.343080E+05   0.375748E+07   0.433163E+07   0.434044E+07   0.433168E+07  -0.514371E+00   0.428979E+07   0.428796E+07   0.117406E+03
   0.729143E-02   0.425676E+07   0.425048E+07   0.292800E+05   0.275803E+05   0.361485E+07   0.424609E+07   0.425578E+07   0.424612E+07  -0.504210E+00   0.420535E+07   0.420352E+07   0.106211E+03
   0.805111E-02   0.416476E+07   0.415743E+07   0.243988E+05   0.221223E+05   0.346423E+07   0.415304E+07   0.416361E+07   0.415307E+07  -0.493157E+00   0.411349E+07   0.411166E+07   0.964635E+02
   0.888995E-02   0.406502E+07   0.405646E+07   0.202608E+05   0.177012E+05   0.330598E+07   0.405222E+07   0.406368E+07   0.405225E+07  -0.481184E+00   0.401397E+07   0.401213E+07   0.876306E+02
   0.981618E-02   0.395731E+07   0.394730E+07   0.142452E+05   0.141260E+05   0.314079E+07   0.394342E+07   0.395574E+07   0.394344E+07  -0.468263E+00   0.390656E+07   0.390471E+07   0.797709E+02
   0.108389E-01   0.384141E+07   0.382970E+07   0.133542E+05   0.112399E+05   0.296937E+07   0.382642E+07   0.383958E+07   0.382644E+07  -0.454368E+00   0.379104E+07   0.378918E+07   0.728490E+02
   0.119682E-01   0.371711E+07   0.370341E+07   0.969397E+04   0.891468E+04   0.279196E+07   0.370101E+07   0.371496E+07   0.370102E+07  -0.439474E+00   0.366720E+07   0.366532E+07   0.666956E+02
   0.132152E-01   0.358462E+07   0.356862E+07   0.803679E+04   0.704562E+04   0.260131E+07   0.356728E+07   0.358211E+07   0.356729E+07  -0.423594E+00   0.353517E+07   0.353326E+07   0.612809E+02
   0.145920E-01   0.344286E+07   0.342425E+07   0.625679E+04   0.554563E+04   0.240931E+07   0.342436E+07   0.343994E+07   0.342437E+07  -0.406622E+00   0.339402E+07   0.339207E+07   0.564673E+02
   0.161124E-01   0.329217E+07   0.327061E+07   0.468477E+04   0.434549E+04   0.221443E+07   0.327255E+07   0.328879E+07   0.327255E+07  -0.388595E+00   0.324404E+07   0.324205E+07   0.521850E+02
   0.177911E-01   0.313244E+07   0.310762E+07   0.370740E+04   0.338794E+04   0.201980E+07   0.311179E+07   0.312855E+07   0.311179E+07  -0.369505E+00   0.308517E+07   0.308313E+07   0.483315E+02
   0.196447E-01   0.296439E+07   0.293606E+07   0.264409E+04   0.262695E+04   0.182645E+07   0.294281E+07   0.295995E+07   0.294282E+07  -0.349440E+00   0.291814E+07   0.291606E+07   0.448097E+02
   0.216915E-01   0.278865E+07   0.275662E+07   0.216136E+04   0.202457E+04   0.163521E+07   0.276627E+07   0.278363E+07   0.276627E+07  -0.328476E+00   0.274357E+07   0.274144E+07   0.415114E+02
   0.239515E-01   0.260625E+07   0.257054E+07   0.155893E+04   0.155005E+04   0.144844E+07   0.258323E+07   0.260066E+07   0.258324E+07  -0.306742E+00   0.256253E+07   0.256036E+07   0.383331E+02
   0.264470E-01   0.241906E+07   0.237989E+07   0.132724E+04   0.117853E+04   0.126942E+07   0.239563E+07   0.241292E+07   0.239563E+07  -0.284465E+00   0.237690E+07   0.237470E+07   0.351604E+02
   0.292025E-01   0.222979E+07   0.218770E+07   0.103403E+04   0.889816E+03   0.110065E+07   0.220623E+07   0.222320E+07   0.220623E+07  -0.261974E+00   0.218942E+07   0.218722E+07   0.318951E+02
   0.322450E-01   0.204198E+07   0.199790E+07   0.651159E+03   0.667451E+03   0.943646E+06   0.201857E+07   0.203507E+07   0.201857E+07  -0.239691E+00   0.200362E+07   0.200145E+07   0.284658E+02
   0.356046E-01   0.185999E+07   0.181528E+07   0.518748E+03   0.498001E+03   0.801484E+06   0.183708E+07   0.185298E+07   0.183708E+07  -0.218141E+00   0.182386E+07   0.182177E+07   0.248272E+02
   0.393142E-01   0.168868E+07   0.164509E+07   0.368990E+03   0.370399E+03   0.675573E+06   0.166663E+07   0.168185E+07   0.166664E+07  -0.197901E+00   0.165498E+07   0.165303E+07   0.209953E+02
   0.434103E-01   0.153270E+07   0.149225E+07   0.291408E+03   0.275470E+03   0.566835E+06   0.151186E+07   0.152636E+07   0.151186E+07  -0.179522E+00   0.150158E+07   0.149983E+07   0.170610E+02
   0.477513E-01   0.139983E+07   0.136424E+07   0.223587E+03   0.207787E+03   0.478021E+06   0.138040E+07   0.139425E+07   0.138040E+07  -0.163913E+00   0.137127E+07   0.136976E+07   0.133452E+02
   0.520924E-01   0.129516E+07   0.126522E+07   0.173774E+03   0.161487E+03   0.409812E+06   0.127715E+07   0.129047E+07   0.127715E+07  -0.151653E+00   0.126891E+07   0.126765E+07   0.102060E+02
   0.564334E-01   0.120998E+07   0.118566E+07   0.138313E+03   0.128529E+03   0.355820E+06   0.119331E+07   0.120617E+07   0.119331E+07  -0.141697E+00   0.118577E+07   0.118474E+07   0.770431E+01
   0.607744E-01   0.113765E+07   0.111823E+07   0.112125E+03   0.104190E+03   0.311811E+06   0.112217E+07   0.113461E+07   0.112217E+07  -0.133250E+00   0.111522E+07   0.111438E+07   0.584617E+01
   0.651155E-01   0.107334E+07   0.105763E+07   0.921421E+02   0.856184E+02   0.274839E+06   0.105884E+07   0.107088E+07   0.105885E+07  -0.125730E+00   0.105241E+07   0.105170E+07   0.458229E+01
   0.694565E-01   0.101295E+07   0.999551E+06   0.764097E+02   0.709980E+02   0.242865E+06   0.999240E+06   0.101085E+07   0.999240E+06  -0.118653E+00   0.993275E+06   0.992648E+06   0.381745E+01
   0.737975E-01   0.953580E+06   0.941145E+06   0.636921E+02   0.591797E+02   0.214509E+06   0.940487E+06   0.951632E+06   0.940487E+06  -0.111676E+00   0.934975E+06   0.934377E+06   0.342908E+01
   0.781386E-01   0.894329E+06   0.881760E+06   0.532515E+02   0.494778E+02   0.189109E+06   0.881727E+06   0.892360E+06   0.881727E+06  -0.104699E+00   0.876653E+06   0.876046E+06   0.328749E+01
   0.824796E-01   0.835955E+06   0.822538E+06   0.446427E+02   0.414784E+02   0.166458E+06   0.823762E+06   0.833852E+06   0.823762E+06  -0.978158E-01   0.819107E+06   0.818469E+06   0.327226E+01
   0.868206E-01   0.780046E+06   0.765503E+06   0.375664E+02   0.349032E+02   0.146515E+06   0.768223E+06   0.777767E+06   0.768223E+06  -0.912209E-01   0.763958E+06   0.763284E+06   0.328450E+01
   0.911617E-01   0.728134E+06   0.712590E+06   0.317820E+02   0.295284E+02   0.129232E+06   0.716680E+06   0.725698E+06   0.716680E+06  -0.851005E-01   0.712767E+06   0.712066E+06   0.325419E+01
   0.965767E-01   0.670712E+06   0.654546E+06   0.260636E+02   0.242151E+02   0.111177E+06   0.659758E+06   0.668179E+06   0.659758E+06  -0.783414E-01   0.656223E+06   0.655515E+06   0.310099E+01
   0.101992E+00   0.622761E+06   0.606935E+06   0.216872E+02   0.201488E+02   0.966566E+05   0.612364E+06   0.620281E+06   0.612364E+06  -0.727138E-01   0.609135E+06   0.608458E+06   0.281108E+01
   0.107407E+00   0.584560E+06   0.570004E+06   0.183526E+02   0.170504E+02   0.851639E+05   0.574763E+06   0.582279E+06   0.574763E+06  -0.682489E-01   0.571771E+06   0.571156E+06   0.242298E+01
   0.112822E+00   0.554707E+06   0.542050E+06   0.157853E+02   0.146651E+02   0.760328E+05   0.545516E+06   0.552723E+06   0.545516E+06  -0.647761E-01   0.542704E+06   0.542171E+06   0.200065E+01
   0.118237E+00   0.530449E+06   0.519886E+06   0.137477E+02   0.127718E+02   0.685440E+05   0.521835E+06   0.528794E+06   0.521835E+06  -0.619641E-01   0.519168E+06   0.518718E+06   0.160909E+01
   0.123652E+00   0.508796E+06   0.500092E+06   0.120600E+02   0.112037E+02   0.620926E+05   0.500698E+06   0.507432E+06   0.500698E+06  -0.594543E-01   0.498159E+06   0.497780E+06   0.129674E+01
   0.129067E+00   0.487446E+06   0.480058E+06   0.106062E+02   0.985303E+01   0.562700E+05   0.479787E+06   0.486289E+06   0.479787E+06  -0.569712E-01   0.477373E+06   0.477042E+06   0.108641E+01
   0.134482E+00   0.465156E+06   0.458411E+06   0.932183E+01   0.865977E+01   0.508627E+05   0.457851E+06   0.464099E+06   0.457851E+06  -0.543665E-01   0.455568E+06   0.455259E+06   0.974782E+00
   0.139897E+00   0.441716E+06   0.435004E+06   0.817769E+01   0.759683E+01   0.458099E+05   0.434694E+06   0.440664E+06   0.434694E+06  -0.516168E-01   0.432548E+06   0.432238E+06   0.938511E+00
   0.145312E+00   0.417691E+06   0.410605E+06   0.716401E+01   0.665511E+01   0.411376E+05   0.410904E+06   0.416581E+06   0.410904E+06  -0.487919E-01   0.408898E+06   0.408573E+06   0.943994E+00
   0.150727E+00   0.394070E+06   0.386468E+06   0.627854E+01   0.583251E+01   0.369038E+05   0.387496E+06   0.392879E+06   0.387496E+06  -0.460124E-01   0.385624E+06   0.385283E+06   0.957628E+00
   0.156142E+00   0.372000E+06   0.363995E+06   0.552011E+01   0.512793E+01   0.331674E+05   0.365641E+06   0.370745E+06   0.365641E+06  -0.434173E-01   0.363892E+06   0.363540E+06   0.953878E+00
   0.161557E+00   0.352536E+06   0.344415E+06   0.488461E+01   0.453756E+01   0.299657E+05   0.346405E+06   0.351263E+06   0.346405E+06  -0.411331E-01   0.344762E+06   0.344411E+06   0.919547E+00
   0.166972E+00   0.336246E+06   0.328364E+06   0.436083E+01   0.405097E+01   0.272843E+05   0.330359E+06   0.335011E+06   0.330359E+06  -0.392277E-01   0.328802E+06   0.328465E+06   0.853954E+00
   0.172387E+00   0.322961E+06   0.315629E+06   0.392960E+01   0.365035E+01   0.250492E+05   0.317325E+06   0.321812E+06   0.317325E+06  -0.376800E-01   0.315837E+06   0.315525E+06   0.766008E+00
   0.177802E+00   0.311919E+06   0.305327E+06   0.356820E+01   0.331460E+01   0.231517E+05   0.306535E+06   0.310886E+06   0.306535E+06  -0.363989E-01   0.305103E+06   0.304822E+06   0.669690E+00
   0.183217E+00   0.302233E+06   0.296417E+06   0.325679E+01   0.302531E+01   0.214902E+05   0.297091E+06   0.301322E+06   0.297091E+06  -0.352774E-01   0.295707E+06   0.295456E+06   0.579404E+00
   0.188632E+00   0.293096E+06   0.287947E+06   0.298019E+01   0.276834E+01   0.199833E+05   0.288172E+06   0.292289E+06   0.288172E+06  -0.342183E-01   0.286833E+06   0.286608E+06   0.506114E+00
   0.194047E+00   0.283830E+06   0.279144E+06   0.272741E+01   0.253352E+01   0.185706E+05   0.279096E+06   0.283096E+06   0.279096E+06  -0.331407E-01   0.277805E+06   0.277596E+06   0.455155E+00
   0.199462E+00   0.274011E+06   0.269550E+06   0.249193E+01   0.231476E+01   0.172175E+05   0.269440E+06   0.273312E+06   0.269440E+06  -0.319940E-01   0.268198E+06   0.267997E+06   0.425976E+00
   0.204877E+00   0.263615E+06   0.259174E+06   0.227194E+01   0.211041E+01   0.159191E+05   0.259184E+06   0.262919E+06   0.259184E+06  -0.307763E-01   0.257996E+06   0.257796E+06   0.413473E+00
   0.210292E+00   0.252981E+06   0.248429E+06   0.206890E+01   0.192180E+01   0.146923E+05   0.248675E+06   0.252268E+06   0.248675E+06  -0.295284E-01   0.247542E+06   0.247338E+06   0.410142E+00
   0.215707E+00   0.242579E+06   0.237879E+06   0.188491E+01   0.175089E+01   0.135589E+05   0.238391E+06   0.241843E+06   0.238391E+06  -0.283072E-01   0.237311E+06   0.237103E+06   0.408344E+00
   0.221122E+00   0.232831E+06   0.228031E+06   0.172117E+01   0.159879E+01   0.125348E+05   0.228760E+06   0.232079E+06   0.228760E+06  -0.271636E-01   0.227728E+06   0.227518E+06   0.402144E+00
   0.226537E+00   0.224041E+06   0.219245E+06   0.157765E+01   0.146547E+01   0.116264E+05   0.220090E+06   0.223290E+06   0.220090E+06  -0.261340E-01   0.219102E+06   0.218894E+06   0.388390E+00
   0.231952E+00   0.216356E+06   0.211688E+06   0.145311E+01   0.134978E+01   0.108308E+05   0.212528E+06   0.215624E+06   0.212528E+06  -0.252361E-01   0.211577E+06   0.211376E+06   0.366887E+00
   0.237367E+00   0.209726E+06   0.205294E+06   0.134508E+01   0.124943E+01   0.101357E+05   0.206024E+06   0.209031E+06   0.206024E+06  -0.244639E-01   0.205105E+06   0.204914E+06   0.339796E+00
   0.242782E+00   0.203932E+06   0.199800E+06   0.125035E+01   0.116143E+01   0.952132E+04   0.200355E+06   0.203284E+06   0.200355E+06  -0.237907E-01   0.199462E+06   0.199284E+06   0.310578E+00
   0.248197E+00   0.198664E+06   0.194842E+06   0.116563E+01   0.108273E+01   0.896636E+04   0.195206E+06   0.198065E+06   0.195206E+06  -0.231793E-01   0.194338E+06   0.194172E+06   0.282840E+00
   0.253612E+00   0.193607E+06   0.190056E+06   0.108808E+01   0.101069E+01   0.845177E+04   0.190259E+06   0.193050E+06   0.190259E+06  -0.225919E-01   0.189414E+06   0.189259E+06   0.259389E+00
   0.259027E+00   0.188506E+06   0.185154E+06   0.101563E+01   0.943395E+00   0.796360E+04   0.185259E+06   0.187980E+06   0.185259E+06  -0.219981E-01   0.184437E+06   0.184289E+06   0.241672E+00
   0.264443E+00   0.183232E+06   0.179997E+06   0.947184E+00   0.879811E+00   0.749463E+04   0.180076E+06   0.182725E+06   0.180076E+06  -0.213827E-01   0.179279E+06   0.179136E+06   0.229683E+00
   0.269858E+00   0.177803E+06   0.174611E+06   0.882525E+00   0.819750E+00   0.704451E+04   0.174729E+06   0.177303E+06   0.174729E+06  -0.207478E-01   0.173958E+06   0.173817E+06   0.222232E+00
   0.275273E+00   0.172336E+06   0.169141E+06   0.821952E+00   0.763485E+00   0.661690E+04   0.169337E+06   0.171835E+06   0.169337E+06  -0.201076E-01   0.168593E+06   0.168452E+06   0.217446E+00
   0.280688E+00   0.166979E+06   0.163765E+06   0.765849E+00   0.711371E+00   0.621604E+04   0.164052E+06   0.166475E+06   0.164052E+06  -0.194800E-01   0.163333E+06   0.163192E+06   0.213347E+00
   0.286103E+00   0.161872E+06   0.158654E+06   0.714487E+00   0.663663E+00   0.584532E+04   0.159016E+06   0.161368E+06   0.159016E+06  -0.188820E-01   0.158322E+06   0.158181E+06   0.208338E+00
   0.291518E+00   0.157136E+06   0.153947E+06   0.667985E+00   0.620467E+00   0.550694E+04   0.154351E+06   0.156636E+06   0.154351E+06  -0.183280E-01   0.153678E+06   0.153539E+06   0.201524E+00
   0.296933E+00   0.152835E+06   0.149718E+06   0.626193E+00   0.581647E+00   0.520092E+04   0.150122E+06   0.152347E+06   0.150122E+06  -0.178259E-01   0.149469E+06   0.149334E+06   0.192768E+00
   0.302348E+00   0.148957E+06   0.145948E+06   0.588639E+00   0.546764E+00   0.492429E+04   0.146315E+06   0.148485E+06   0.146315E+06  -0.173738E-01   0.145679E+06   0.145549E+06   0.182562E+00
   0.307763E+00   0.145415E+06   0.142537E+06   0.554622E+00   0.515165E+00   0.467212E+04   0.142843E+06   0.144964E+06   0.142843E+06  -0.169615E-01   0.142223E+06   0.142098E+06   0.171774E+00
   0.313178E+00   0.142096E+06   0.139354E+06   0.523414E+00   0.486177E+00   0.443910E+04   0.139591E+06   0.141666E+06   0.139591E+06  -0.165755E-01   0.138987E+06   0.138867E+06   0.161356E+00
   0.318593E+00   0.138897E+06   0.136279E+06   0.494412E+00   0.459236E+00   0.422072E+04   0.136457E+06   0.138487E+06   0.136457E+06  -0.162032E-01   0.135866E+06   0.135752E+06   0.152095E+00
   0.324008E+00   0.135738E+06   0.133219E+06   0.467164E+00   0.433927E+00   0.401354E+04   0.133358E+06   0.135344E+06   0.133358E+06  -0.158353E-01   0.132781E+06   0.132671E+06   0.144438E+00
   0.329423E+00   0.132569E+06   0.130121E+06   0.441376E+00   0.409972E+00   0.381546E+04   0.130244E+06   0.132185E+06   0.130244E+06  -0.154656E-01   0.129682E+06   0.129574E+06   0.138443E+00
   0.334838E+00   0.129377E+06   0.126972E+06   0.416909E+00   0.387246E+00   0.362567E+04   0.127104E+06   0.129000E+06   0.127104E+06  -0.150927E-01   0.126556E+06   0.126450E+06   0.133834E+00
   0.340253E+00   0.126191E+06   0.123812E+06   0.393776E+00   0.365758E+00   0.344454E+04   0.123968E+06   0.125818E+06   0.123968E+06  -0.147203E-01   0.123434E+06   0.123330E+06   0.130130E+00
   0.345668E+00   0.123068E+06   0.120708E+06   0.372065E+00   0.345592E+00   0.327312E+04   0.120892E+06   0.122698E+06   0.120892E+06  -0.143551E-01   0.120373E+06   0.120270E+06   0.126798E+00
   0.351083E+00   0.120066E+06   0.117727E+06   0.351851E+00   0.326816E+00   0.311241E+04   0.117936E+06   0.119699E+06   0.117936E+06  -0.140041E-01   0.117431E+06   0.117328E+06   0.123380E+00
   0.356498E+00   0.117221E+06   0.114914E+06   0.333141E+00   0.309437E+00   0.296276E+04   0.115138E+06   0.116860E+06   0.115138E+06  -0.136717E-01   0.114645E+06   0.114544E+06   0.119589E+00
   0.361913E+00   0.114550E+06   0.112287E+06   0.315870E+00   0.293395E+00   0.282384E+04   0.112511E+06   0.114195E+06   0.112511E+06  -0.133599E-01   0.112030E+06   0.111932E+06   0.115339E+00
   0.367328E+00   0.112049E+06   0.109843E+06   0.299930E+00   0.278588E+00   0.269497E+04   0.110055E+06   0.111703E+06   0.110055E+06  -0.130682E-01   0.109585E+06   0.109489E+06   0.110726E+00
   0.372743E+00   0.109701E+06   0.107559E+06   0.285177E+00   0.264885E+00   0.257510E+04   0.107750E+06   0.109365E+06   0.107750E+06  -0.127946E-01   0.107291E+06   0.107197E+06   0.105969E+00
   0.378158E+00   0.107472E+06   0.105397E+06   0.271444E+00   0.252129E+00   0.246291E+04   0.105564E+06   0.107147E+06   0.105564E+06  -0.125349E-01   0.105114E+06   0.105023E+06   0.101325E+00
   0.383573E+00   0.105322E+06   0.103310E+06   0.258561E+00   0.240162E+00   0.235701E+04   0.103455E+06   0.105007E+06   0.103455E+06  -0.122845E-01   0.103014E+06   0.102926E+06   0.970179E-01
   0.388988E+00   0.103216E+06   0.101260E+06   0.246389E+00   0.228856E+00   0.225634E+04   0.101388E+06   0.102910E+06   0.101388E+06  -0.120391E-01   0.100956E+06   0.100871E+06   0.931899E-01
   0.394403E+00   0.101136E+06   0.992255E+05   0.234837E+00   0.218126E+00   0.216015E+04   0.993445E+05   0.100836E+06   0.993445E+05  -0.117964E-01   0.989219E+05   0.988381E+05   0.898811E-01
   0.399818E+00   0.990760E+05   0.972018E+05   0.223861E+00   0.207930E+00   0.206813E+04   0.973200E+05   0.987823E+05   0.973200E+05  -0.115560E-01   0.969065E+05   0.968242E+05   0.870368E-01
   0.405233E+00   0.970435E+05   0.951980E+05   0.213440E+00   0.198252E+00   0.198022E+04   0.953214E+05   0.967543E+05   0.953214E+05  -0.113187E-01   0.949167E+05   0.948358E+05   0.845352E-01
   0.410648E+00   0.950513E+05   0.932306E+05   0.203574E+00   0.189087E+00   0.189651E+04   0.933618E+05   0.947660E+05   0.933618E+05  -0.110860E-01   0.929659E+05   0.928862E+05   0.822278E-01
   0.416063E+00   0.931159E+05   0.913195E+05   0.194264E+00   0.180440E+00   0.181708E+04   0.914582E+05   0.928344E+05   0.914582E+05  -0.108600E-01   0.910708E+05   0.909922E+05   0.799786E-01
   0.421478E+00   0.912526E+05   0.894827E+05   0.185511E+00   0.172309E+00   0.174203E+04   0.896261E+05   0.909752E+05   0.896261E+05  -0.106424E-01   0.892468E+05   0.891694E+05   0.776931E-01
   0.426893E+00   0.894703E+05   0.877307E+05   0.177299E+00   0.164681E+00   0.167131E+04   0.878743E+05   0.891977E+05   0.878743E+05  -0.104344E-01   0.875028E+05   0.874268E+05   0.753303E-01
   0.432308E+00   0.877692E+05   0.860637E+05   0.169596E+00   0.157527E+00   0.160471E+04   0.862033E+05   0.875020E+05   0.862033E+05  -0.102360E-01   0.858390E+05   0.857646E+05   0.729007E-01
   0.437723E+00   0.861420E+05   0.844732E+05   0.162359E+00   0.150804E+00   0.154186E+04   0.846053E+05   0.858805E+05   0.846053E+05  -0.100463E-01   0.842481E+05   0.841752E+05   0.704522E-01
   0.443138E+00   0.845766E+05   0.829456E+05   0.155537E+00   0.144468E+00   0.148235E+04   0.830685E+05   0.843210E+05   0.830685E+05  -0.986378E-02   0.827180E+05   0.826468E+05   0.680515E-01
   0.448553E+00   0.830609E+05   0.814667E+05   0.149084E+00   0.138474E+00   0.142582E+04   0.815806E+05   0.828111E+05   0.815806E+05  -0.968710E-02   0.812365E+05   0.811668E+05   0.657633E-01
   0.453968E+00   0.815844E+05   0.800244E+05   0.142962E+00   0.132787E+00   0.137194E+04   0.801308E+05   0.813399E+05   0.801308E+05  -0.951495E-02   0.797931E+05   0.797248E+05   0.636342E-01
   0.459383E+00   0.801387E+05   0.786094E+05   0.137137E+00   0.127377E+00   0.132042E+04   0.787110E+05   0.798990E+05   0.787110E+05  -0.934635E-02   0.783794E+05   0.783125E+05   0.616830E-01
   0.464798E+00   0.787183E+05   0.772163E+05   0.131584E+00   0.122220E+00   0.127110E+04   0.773155E+05   0.784829E+05   0.773155E+05  -0.918066E-02   0.769901E+05   0.769243E+05   0.599011E-01
   0.470213E+00   0.773225E+05   0.758447E+05   0.126290E+00   0.117301E+00   0.122385E+04   0.759439E+05   0.770910E+05   0.759439E+05  -0.901778E-02   0.756244E+05   0.755597E+05   0.582592E-01
   0.475629E+00   0.759557E+05   0.745000E+05   0.121246E+00   0.112617E+00   0.117863E+04   0.746004E+05   0.757276E+05   0.746004E+05  -0.885826E-02   0.742869E+05   0.742231E+05   0.567174E-01
   0.481044E+00   0.746237E+05   0.731893E+05   0.116451E+00   0.108163E+00   0.113548E+04   0.732912E+05   0.743989E+05   0.732912E+05  -0.870280E-02   0.729834E+05   0.729206E+05   0.552353E-01
   0.486459E+00   0.733304E+05   0.719174E+05   0.111897E+00   0.103933E+00   0.109434E+04   0.720202E+05   0.731090E+05   0.720202E+05  -0.855187E-02   0.717178E+05   0.716560E+05   0.537807E-01
   0.491874E+00   0.720773E+05   0.706863E+05   0.107575E+00   0.999190E-01   0.105514E+04   0.707888E+05   0.718593E+05   0.707888E+05  -0.840565E-02   0.704918E+05   0.704310E+05   0.523347E-01
   0.497289E+00   0.708648E+05   0.694969E+05   0.103474E+00   0.961095E-01   0.101781E+04   0.695976E+05   0.706505E+05   0.695976E+05  -0.826421E-02   0.693058E+05   0.692460E+05   0.508942E-01
   0.502704E+00   0.696927E+05   0.683486E+05   0.995814E-01   0.924939E-01   0.982262E+03   0.684464E+05   0.694821E+05   0.684464E+05  -0.812751E-02   0.681595E+05   0.681008E+05   0.494681E-01
   0.508119E+00   0.685580E+05   0.672380E+05   0.958830E-01   0.890587E-01   0.948372E+03   0.673320E+05   0.683511E+05   0.673320E+05  -0.799519E-02   0.670500E+05   0.669923E+05   0.480727E-01
   0.513534E+00   0.674554E+05   0.661591E+05   0.923617E-01   0.857880E-01   0.915986E+03   0.662493E+05   0.672523E+05   0.662493E+05  -0.786662E-02   0.659719E+05   0.659152E+05   0.467248E-01
   0.518949E+00   0.663798E+05   0.651063E+05   0.890019E-01   0.826673E-01   0.884982E+03   0.651930E+05   0.661802E+05   0.651930E+05  -0.774119E-02   0.649202E+05   0.648644E+05   0.454381E-01
   0.524364E+00   0.653280E+05   0.640761E+05   0.857916E-01   0.796854E-01   0.855258E+03   0.641600E+05   0.651318E+05   0.641600E+05  -0.761853E-02   0.638916E+05   0.638368E+05   0.442204E-01
   0.529779E+00   0.642984E+05   0.630667E+05   0.827217E-01   0.768339E-01   0.826732E+03   0.631487E+05   0.641054E+05   0.631487E+05  -0.749844E-02   0.628846E+05   0.628307E+05   0.430717E-01
   0.535194E+00   0.632902E+05   0.620773E+05   0.797845E-01   0.741058E-01   0.799337E+03   0.621581E+05   0.631001E+05   0.621581E+05  -0.738083E-02   0.618984E+05   0.618453E+05   0.419855E-01
   0.540609E+00   0.623027E+05   0.611077E+05   0.769734E-01   0.714947E-01   0.773041E+03   0.611879E+05   0.621154E+05   0.611879E+05  -0.726562E-02   0.609323E+05   0.608800E+05   0.409508E-01
   0.546024E+00   0.613366E+05   0.601589E+05   0.742835E-01   0.689963E-01   0.747796E+03   0.602388E+05   0.611521E+05   0.602388E+05  -0.715292E-02   0.599873E+05   0.599357E+05   0.399557E-01
   0.551439E+00   0.603939E+05   0.592330E+05   0.717116E-01   0.666074E-01   0.723579E+03   0.593125E+05   0.602120E+05   0.593125E+05  -0.704293E-02   0.590650E+05   0.590142E+05   0.389898E-01
   0.556854E+00   0.594758E+05   0.583317E+05   0.692541E-01   0.643248E-01   0.700369E+03   0.584106E+05   0.592965E+05   0.584106E+05  -0.693583E-02   0.581669E+05   0.581169E+05   0.380459E-01
   0.562269E+00   0.585819E+05   0.574547E+05   0.669052E-01   0.621431E-01   0.678129E+03   0.575325E+05   0.584053E+05   0.575325E+05  -0.683156E-02   0.572926E+05   0.572433E+05   0.371201E-01
   0.567684E+00   0.577112E+05   0.566009E+05   0.646590E-01   0.600567E-01   0.656791E+03   0.566772E+05   0.575372E+05   0.566772E+05  -0.673001E-02   0.564410E+05   0.563924E+05   0.362127E-01
   0.573099E+00   0.568625E+05   0.557691E+05   0.625096E-01   0.580603E-01   0.636322E+03   0.558436E+05   0.566912E+05   0.558436E+05  -0.663102E-02   0.556110E+05   0.555631E+05   0.353267E-01
   0.578514E+00   0.560349E+05   0.549581E+05   0.604518E-01   0.561489E-01   0.616667E+03   0.550308E+05   0.558662E+05   0.550308E+05  -0.653451E-02   0.548016E+05   0.547545E+05   0.344664E-01
   0.629782E+00   0.490389E+05   0.480966E+05   0.446393E-01   0.414618E-01   0.463658E+03   0.481591E+05   0.488913E+05   0.481591E+05  -0.571854E-02   0.479591E+05   0.479179E+05   0.277172E-01
   0.769218E+00   0.356822E+05   0.349972E+05   0.217707E-01   0.202209E-01   0.234455E+03   0.350405E+05   0.355748E+05   0.350405E+05  -0.416080E-02   0.348959E+05   0.348658E+05   0.165121E-01
   0.939525E+00   0.258352E+05   0.253394E+05   0.105654E-01   0.981327E-02   0.117039E+03   0.253698E+05   0.257575E+05   0.253698E+05  -0.301248E-02   0.252655E+05   0.252438E+05   0.979952E-02
   0.114754E+01   0.186228E+05   0.182655E+05   0.510484E-02   0.474142E-02   0.577737E+02   0.182869E+05   0.185668E+05   0.182869E+05  -0.217144E-02   0.182120E+05   0.181963E+05   0.579531E-02
   0.140161E+01   0.133695E+05   0.131130E+05   0.245652E-02   0.228163E-02   0.282464E+02   0.131282E+05   0.133293E+05   0.131282E+05  -0.155887E-02   0.130745E+05   0.130632E+05   0.341761E-02
   0.171193E+01   0.956247E+04   0.937903E+04   0.117774E-02   0.109389E-02   0.136990E+02   0.938979E+04   0.953373E+04   0.938979E+04  -0.111497E-02   0.935145E+04   0.934331E+04   0.201157E-02
   0.209095E+01   0.681646E+04   0.668570E+04   0.562748E-03   0.522683E-03   0.659953E+01   0.669332E+04   0.679597E+04   0.669332E+04  -0.794783E-03   0.666602E+04   0.666017E+04   0.118310E-02
   0.255389E+01   0.484395E+04   0.475102E+04   0.268060E-03   0.248975E-03   0.316170E+01   0.475642E+04   0.482939E+04   0.475642E+04  -0.564790E-03   0.473703E+04   0.473283E+04   0.696336E-03
   0.311933E+01   0.343251E+04   0.336663E+04   0.127327E-03   0.118262E-03   0.150778E+01   0.337047E+04   0.342219E+04   0.337047E+04  -0.400218E-03   0.335674E+04   0.335371E+04   0.410957E-03
   0.380996E+01   0.242597E+04   0.237939E+04   0.603216E-04   0.560271E-04   0.716252E+00   0.238211E+04   0.241867E+04   0.238211E+04  -0.282858E-03   0.237241E+04   0.237022E+04   0.243836E-03
   0.465350E+01   0.171047E+04   0.167760E+04   0.285089E-04   0.264793E-04   0.339140E+00   0.167954E+04   0.170532E+04   0.167954E+04  -0.199433E-03   0.167270E+04   0.167110E+04   0.145966E-03
   0.568379E+01   0.120331E+04   0.118016E+04   0.134437E-04   0.124867E-04   0.160133E+00   0.118155E+04   0.119968E+04   0.118155E+04  -0.140300E-03   0.117674E+04   0.117555E+04   0.885553E-04
   0.694221E+01   0.844785E+03   0.828498E+03   0.632647E-05   0.587612E-05   0.754171E-01   0.829500E+03   0.842233E+03   0.829500E+03  -0.984970E-04   0.826130E+03   0.825232E+03   0.547471E-04
   0.847923E+01   0.591953E+03   0.580507E+03   0.297148E-05   0.275998E-05   0.354450E-01   0.581237E+03   0.590160E+03   0.581237E+03  -0.690177E-04   0.578879E+03   0.578184E+03   0.347015E-04
   0.103566E+02   0.414055E+03   0.406014E+03   0.139319E-05   0.129404E-05   0.166252E-01   0.406554E+03   0.412795E+03   0.406554E+03  -0.482753E-04   0.404908E+03   0.404352E+03   0.226869E-04
   0.126495E+02   0.289142E+03   0.283490E+03   0.652109E-06   0.605709E-06   0.778356E-02   0.283898E+03   0.288257E+03   0.283898E+03  -0.337109E-04   0.282752E+03   0.282292E+03   0.153711E-04
   0.154502E+02   0.201602E+03   0.197622E+03   0.304752E-06   0.283075E-06   0.363848E-02   0.197940E+03   0.200978E+03   0.197940E+03  -0.235039E-04   0.197143E+03   0.196748E+03   0.108184E-04
   0.188709E+02   0.140361E+03   0.137550E+03   0.142208E-06   0.132097E-06   0.169829E-02   0.137805E+03   0.139921E+03   0.137805E+03  -0.163634E-04   0.137254E+03   0.136902E+03   0.790421E-05
   0.230489E+02   0.975902E+02   0.955941E+02   0.662647E-07   0.615566E-07   0.791520E-03   0.958067E+02   0.972775E+02   0.958067E+02  -0.113763E-04   0.954269E+02   0.951015E+02   0.597416E-05
   0.281520E+02   0.677647E+02   0.663354E+02   0.308345E-07   0.286459E-07   0.368351E-03   0.665195E+02   0.675407E+02   0.665195E+02  -0.789871E-05   0.662593E+02   0.659503E+02   0.464610E-05
   0.343849E+02   0.469961E+02   0.459602E+02   0.143282E-07   0.133127E-07   0.171240E-03   0.461257E+02   0.468338E+02   0.461257E+02  -0.547709E-05   0.459489E+02   0.456487E+02   0.369540E-05
   0.419979E+02   0.325536E+02   0.317899E+02   0.664861E-08   0.617849E-08   0.794909E-04   0.319435E+02   0.324339E+02   0.319435E+02  -0.379306E-05   0.318248E+02   0.315283E+02   0.298866E-05
   0.512963E+02   0.225227E+02   0.219469E+02   0.308049E-08   0.286341E-08   0.368567E-04   0.220933E+02   0.224325E+02   0.220933E+02  -0.262342E-05   0.220151E+02   0.217187E+02   0.244543E-05
   0.626535E+02   0.155642E+02   0.151174E+02   0.142491E-08   0.132501E-08   0.170631E-04   0.152599E+02   0.154941E+02   0.152599E+02  -0.181200E-05   0.152098E+02   0.149113E+02   0.201612E-05
   0.765251E+02   0.107421E+02   0.103838E+02   0.657836E-09   0.612062E-09   0.788970E-05   0.105244E+02   0.106860E+02   0.105244E+02  -0.124969E-05   0.104939E+02   0.101921E+02   0.166926E-05
   0.934680E+02   0.740404E+01   0.710603E+01   0.302983E-09   0.282139E-09   0.364002E-05   0.724610E+01   0.735734E+01   0.724610E+01  -0.860422E-06   0.722925E+01   0.692355E+01   0.138415E-05
   0.114162E+03   0.509550E+01   0.483862E+01   0.139124E-09   0.129716E-09   0.167732E-05   0.497881E+01   0.505524E+01   0.497881E+01  -0.591197E-06   0.497143E+01   0.466213E+01   0.114660E-05
