#          k/h    CDM            baryon         photon         nu             mass_nu        total          no_nu          total_de       Weyl           v_CDM          v_b            v_b-v_c     
   0.105184E-04   0.395287E+07   0.395287E+07   0.527001E+07   0.526999E+07   0.395379E+07   0.395288E+07   0.395287E+07   0.396132E+07  -0.599457E+00   0.393256E+07   0.393256E+07   0.105004E+02
   0.116143E-04   0.395287E+07   0.395287E+07   0.526990E+07   0.526988E+07   0.395379E+07   0.395288E+07   0.395287E+07   0.396132E+07  -0.599457E+00   0.393256E+07   0.393256E+07   0.115943E+02
   0.128244E-04   0.395287E+07   0.395287E+07   0.526977E+07   0.526974E+07   0.395379E+07   0.395288E+07   0.395287E+07   0.396132E+07  -0.599457E+00   0.393256E+07   0.393256E+07   0.128021E+02
   0.141606E-04   0.395287E+07   0.395287E+07   0.526961E+07   0.526958E+07   0.395379E+07   0.395288E+07   0.395287E+07   0.396131E+07  -0.599457E+00   0.393256E+07   0.393256E+07   0.141357E+02
   0.156360E-04   0.395286E+07   0.395286E+07   0.526941E+07   0.526938E+07   0.395378E+07   0.395288E+07   0.395286E+07   0.396131E+07  -0.599456E+00   0.393256E+07   0.393256E+07   0.156082E+02
   0.172651E-04   0.395286E+07   0.395286E+07   0.526917E+07   0.526913E+07   0.395378E+07   0.395288E+07   0.395286E+07   0.396131E+07  -0.599456E+00   0.393256E+07   0.393256E+07   0.172340E+02
   0.190639E-04   0.395286E+07   0.395286E+07   0.526888E+07   0.526884E+07   0.395378E+07   0.395288E+07   0.395286E+07   0.396131E+07  -0.599456E+00   0.393256E+07   0.393256E+07   0.190291E+02
   0.210501E-04   0.395286E+07   0.395286E+07   0.526853E+07   0.526847E+07   0.395377E+07   0.395287E+07   0.395286E+07   0.396130E+07  -0.599455E+00   0.393255E+07   0.393255E+07   0.210110E+02
   0.232433E-04   0.395286E+07   0.395286E+07   0.526810E+07   0.526803E+07   0.395377E+07   0.395287E+07   0.395286E+07   0.396130E+07  -0.599455E+00   0.393255E+07   0.393255E+07   0.231991E+02
   0.256650E-04   0.395285E+07   0.395285E+07   0.526758E+07   0.526749E+07   0.395376E+07   0.395287E+07   0.395285E+07   0.396130E+07  -0.599454E+00   0.393255E+07   0.393255E+07   0.256148E+02
   0.283390E-04   0.395285E+07   0.395285E+07   0.526694E+07   0.526683E+07   0.395375E+07   0.395286E+07   0.395285E+07   0.396129E+07  -0.599453E+00   0.393254E+07   0.393254E+07   0.282818E+02
   0.312916E-04   0.395284E+07   0.395284E+07   0.526616E+07   0.526602E+07   0.395374E+07   0.395286E+07   0.395284E+07   0.396128E+07  -0.599452E+00   0.393254E+07   0.393254E+07   0.312260E+02
   0.345519E-04   0.395284E+07   0.395284E+07   0.526520E+07   0.526504E+07   0.395373E+07   0.395285E+07   0.395284E+07   0.396128E+07  -0.599451E+00   0.393253E+07   0.393253E+07   0.344761E+02
   0.381518E-04   0.395283E+07   0.395283E+07   0.526404E+07   0.526385E+07   0.395372E+07   0.395284E+07   0.395283E+07   0.396127E+07  -0.599449E+00   0.393252E+07   0.393252E+07   0.380638E+02
   0.421268E-04   0.395282E+07   0.395282E+07   0.526263E+07   0.526239E+07   0.395370E+07   0.395283E+07   0.395282E+07   0.396125E+07  -0.599447E+00   0.393251E+07   0.393251E+07   0.420237E+02
   0.465159E-04   0.395281E+07   0.395280E+07   0.526091E+07   0.526062E+07   0.395368E+07   0.395282E+07   0.395281E+07   0.396124E+07  -0.599445E+00   0.393250E+07   0.393250E+07   0.463941E+02
   0.513623E-04   0.395279E+07   0.395279E+07   0.525881E+07   0.525845E+07   0.395365E+07   0.395280E+07   0.395279E+07   0.396122E+07  -0.599442E+00   0.393249E+07   0.393248E+07   0.512172E+02
   0.567137E-04   0.395277E+07   0.395277E+07   0.525625E+07   0.525581E+07   0.395362E+07   0.395279E+07   0.395277E+07   0.396120E+07  -0.599438E+00   0.393247E+07   0.393246E+07   0.565390E+02
   0.626227E-04   0.395275E+07   0.395275E+07   0.525313E+07   0.525260E+07   0.395358E+07   0.395277E+07   0.395275E+07   0.396117E+07  -0.599434E+00   0.393245E+07   0.393244E+07   0.624103E+02
   0.691473E-04   0.395273E+07   0.395272E+07   0.524933E+07   0.524868E+07   0.395354E+07   0.395274E+07   0.395273E+07   0.396114E+07  -0.599429E+00   0.393242E+07   0.393241E+07   0.688867E+02
   0.763516E-04   0.395270E+07   0.395269E+07   0.524470E+07   0.524391E+07   0.395348E+07   0.395271E+07   0.395269E+07   0.396110E+07  -0.599423E+00   0.393239E+07   0.393238E+07   0.760288E+02
   0.843066E-04   0.395266E+07   0.395265E+07   0.523906E+07   0.523810E+07   0.395341E+07   0.395267E+07   0.395266E+07   0.396105E+07  -0.599415E+00   0.393235E+07   0.393234E+07   0.839028E+02
   0.930904E-04   0.395261E+07   0.395260E+07   0.523219E+07   0.523103E+07   0.395332E+07   0.395262E+07   0.395261E+07   0.396099E+07  -0.599405E+00   0.393231E+07   0.393229E+07   0.925809E+02
   0.102789E-03   0.395255E+07   0.395254E+07   0.522383E+07   0.522241E+07   0.395322E+07   0.395256E+07   0.395255E+07   0.396092E+07  -0.599394E+00   0.393225E+07   0.393223E+07   0.102141E+03
   0.113499E-03   0.395248E+07   0.395247E+07   0.521365E+07   0.521192E+07   0.395309E+07   0.395249E+07   0.395248E+07   0.396083E+07  -0.599380E+00   0.393218E+07   0.393215E+07   0.112668E+03
   0.125324E-03   0.395240E+07   0.395238E+07   0.520127E+07   0.519917E+07   0.395294E+07   0.395240E+07   0.395239E+07   0.396073E+07  -0.599363E+00   0.393210E+07   0.393206E+07   0.124252E+03
   0.138382E-03   0.395229E+07   0.395228E+07   0.518620E+07   0.518365E+07   0.395275E+07   0.395230E+07   0.395229E+07   0.396060E+07  -0.599342E+00   0.393199E+07   0.393195E+07   0.136990E+03
   0.152799E-03   0.395216E+07   0.395214E+07   0.516790E+07   0.516479E+07   0.395252E+07   0.395217E+07   0.395216E+07   0.396044E+07  -0.599317E+00   0.393187E+07   0.393182E+07   0.150983E+03
   0.168719E-03   0.395201E+07   0.395198E+07   0.514566E+07   0.514188E+07   0.395224E+07   0.395201E+07   0.395201E+07   0.396024E+07  -0.599286E+00   0.393171E+07   0.393165E+07   0.166338E+03
   0.186298E-03   0.395182E+07   0.395179E+07   0.511867E+07   0.511408E+07   0.395190E+07   0.395182E+07   0.395182E+07   0.396001E+07  -0.599249E+00   0.393153E+07   0.393145E+07   0.183165E+03
   0.205708E-03   0.395159E+07   0.395155E+07   0.508594E+07   0.508038E+07   0.395149E+07   0.395158E+07   0.395159E+07   0.395972E+07  -0.599203E+00   0.393130E+07   0.393121E+07   0.201572E+03
   0.227141E-03   0.395131E+07   0.395127E+07   0.504631E+07   0.503957E+07   0.395098E+07   0.395130E+07   0.395130E+07   0.395937E+07  -0.599147E+00   0.393102E+07   0.393092E+07   0.221666E+03
   0.250806E-03   0.395097E+07   0.395092E+07   0.499839E+07   0.499024E+07   0.395037E+07   0.395095E+07   0.395096E+07   0.395895E+07  -0.599080E+00   0.393068E+07   0.393055E+07   0.243545E+03
   0.276938E-03   0.395056E+07   0.395049E+07   0.494054E+07   0.493070E+07   0.394962E+07   0.395053E+07   0.395055E+07   0.395843E+07  -0.598998E+00   0.393027E+07   0.393012E+07   0.267293E+03
   0.305791E-03   0.395005E+07   0.394997E+07   0.487088E+07   0.485902E+07   0.394870E+07   0.395002E+07   0.395004E+07   0.395781E+07  -0.598898E+00   0.392977E+07   0.392958E+07   0.292967E+03
   0.337651E-03   0.394944E+07   0.394934E+07   0.478722E+07   0.477295E+07   0.394759E+07   0.394940E+07   0.394942E+07   0.395705E+07  -0.598777E+00   0.392916E+07   0.392893E+07   0.320588E+03
   0.372831E-03   0.394869E+07   0.394857E+07   0.468707E+07   0.466996E+07   0.394624E+07   0.394864E+07   0.394867E+07   0.395613E+07  -0.598631E+00   0.392842E+07   0.392815E+07   0.350124E+03
   0.411676E-03   0.394779E+07   0.394764E+07   0.456767E+07   0.454723E+07   0.394460E+07   0.394772E+07   0.394776E+07   0.395502E+07  -0.598453E+00   0.392752E+07   0.392719E+07   0.381466E+03
   0.454568E-03   0.394669E+07   0.394652E+07   0.442605E+07   0.440174E+07   0.394260E+07   0.394660E+07   0.394666E+07   0.395367E+07  -0.598239E+00   0.392643E+07   0.392603E+07   0.414403E+03
   0.501929E-03   0.394535E+07   0.394515E+07   0.425909E+07   0.423034E+07   0.394017E+07   0.394524E+07   0.394532E+07   0.395205E+07  -0.597979E+00   0.392510E+07   0.392463E+07   0.448591E+03
   0.554224E-03   0.394374E+07   0.394349E+07   0.406374E+07   0.402997E+07   0.393723E+07   0.394360E+07   0.394370E+07   0.395009E+07  -0.597667E+00   0.392349E+07   0.392293E+07   0.483511E+03
   0.611968E-03   0.394179E+07   0.394149E+07   0.383730E+07   0.379795E+07   0.393366E+07   0.394162E+07   0.394174E+07   0.394774E+07  -0.597292E+00   0.392154E+07   0.392088E+07   0.518431E+03
   0.675728E-03   0.393943E+07   0.393908E+07   0.357785E+07   0.353244E+07   0.392933E+07   0.393922E+07   0.393937E+07   0.394492E+07  -0.596842E+00   0.391919E+07   0.391840E+07   0.552358E+03
   0.746132E-03   0.393659E+07   0.393617E+07   0.328478E+07   0.323302E+07   0.392410E+07   0.393633E+07   0.393652E+07   0.394156E+07  -0.596305E+00   0.391635E+07   0.391543E+07   0.584005E+03
   0.823870E-03   0.393317E+07   0.393269E+07   0.295961E+07   0.290144E+07   0.391778E+07   0.393286E+07   0.393309E+07   0.393757E+07  -0.595665E+00   0.391292E+07   0.391186E+07   0.611768E+03
   0.909708E-03   0.392907E+07   0.392851E+07   0.260676E+07   0.254255E+07   0.391016E+07   0.392870E+07   0.392898E+07   0.393284E+07  -0.594909E+00   0.390881E+07   0.390760E+07   0.633745E+03
   0.100449E-02   0.392418E+07   0.392353E+07   0.223452E+07   0.216512E+07   0.390100E+07   0.392373E+07   0.392407E+07   0.392727E+07  -0.594017E+00   0.390388E+07   0.390251E+07   0.647809E+03
   0.110915E-02   0.391835E+07   0.391761E+07   0.185560E+07   0.178244E+07   0.389001E+07   0.391780E+07   0.391823E+07   0.392074E+07  -0.592973E+00   0.389800E+07   0.389648E+07   0.651771E+03
   0.122471E-02   0.391143E+07   0.391060E+07   0.148721E+07   0.141231E+07   0.387687E+07   0.391078E+07   0.391130E+07   0.391312E+07  -0.591757E+00   0.389101E+07   0.388935E+07   0.643669E+03
   0.135231E-02   0.390327E+07   0.390235E+07   0.114988E+07   0.107569E+07   0.386111E+07   0.390249E+07   0.390313E+07   0.390429E+07  -0.590350E+00   0.388274E+07   0.388097E+07   0.622180E+03
   0.149320E-02   0.389369E+07   0.389269E+07   0.864582E+06   0.793619E+06   0.384239E+07   0.389276E+07   0.389353E+07   0.389411E+07  -0.588733E+00   0.387300E+07   0.387115E+07   0.587152E+03
   0.164878E-02   0.388250E+07   0.388142E+07   0.647884E+06   0.582186E+06   0.382032E+07   0.388139E+07   0.388233E+07   0.388239E+07  -0.586884E+00   0.386161E+07   0.385973E+07   0.540140E+03
   0.182056E-02   0.386950E+07   0.386835E+07   0.505732E+06   0.446255E+06   0.379440E+07   0.386819E+07   0.386932E+07   0.386897E+07  -0.584779E+00   0.384836E+07   0.384650E+07   0.484749E+03
   0.201024E-02   0.385449E+07   0.385328E+07   0.428169E+06   0.374455E+06   0.376409E+07   0.385293E+07   0.385430E+07   0.385359E+07  -0.582391E+00   0.383306E+07   0.383126E+07   0.426480E+03
   0.221969E-02   0.383724E+07   0.383597E+07   0.388949E+06   0.339493E+06   0.372883E+07   0.383541E+07   0.383704E+07   0.383600E+07  -0.579683E+00   0.381549E+07   0.381376E+07   0.371754E+03
   0.245096E-02   0.381752E+07   0.381617E+07   0.354218E+06   0.307724E+06   0.368806E+07   0.381536E+07   0.381731E+07   0.381590E+07  -0.576612E+00   0.379543E+07   0.379375E+07   0.326065E+03
   0.270632E-02   0.379507E+07   0.379360E+07   0.300136E+06   0.257060E+06   0.364118E+07   0.379252E+07   0.379484E+07   0.379297E+07  -0.573129E+00   0.377264E+07   0.377098E+07   0.291780E+03
   0.298829E-02   0.376960E+07   0.376797E+07   0.229530E+06   0.192335E+06   0.358766E+07   0.376660E+07   0.376934E+07   0.376694E+07  -0.569183E+00   0.374683E+07   0.374516E+07   0.266906E+03
   0.329963E-02   0.374081E+07   0.373897E+07   0.169219E+06   0.140065E+06   0.352702E+07   0.373729E+07   0.374052E+07   0.373754E+07  -0.564726E+00   0.371770E+07   0.371599E+07   0.246289E+03
   0.364342E-02   0.370838E+07   0.370628E+07   0.139773E+06   0.117479E+06   0.345890E+07   0.370428E+07   0.370805E+07   0.370449E+07  -0.559715E+00   0.368492E+07   0.368319E+07   0.225299E+03
   0.402302E-02   0.367200E+07   0.366961E+07   0.126473E+06   0.100346E+06   0.338311E+07   0.366726E+07   0.367162E+07   0.366745E+07  -0.554104E+00   0.364816E+07   0.364644E+07   0.203200E+03
   0.444218E-02   0.363135E+07   0.362862E+07   0.100562E+06   0.813764E+05   0.329967E+07   0.362591E+07   0.363092E+07   0.362606E+07  -0.547843E+00   0.360712E+07   0.360542E+07   0.182488E+03
   0.490500E-02   0.358611E+07   0.358297E+07   0.704558E+05   0.658976E+05   0.320876E+07   0.357992E+07   0.358562E+07   0.358003E+07  -0.540882E+00   0.356150E+07   0.355980E+07   0.164893E+03
   0.541605E-02   0.353599E+07   0.353234E+07   0.604356E+05   0.532775E+05   0.311075E+07   0.352900E+07   0.353542E+07   0.352909E+07  -0.533178E+00   0.351100E+07   0.350929E+07   0.149812E+03
   0.598034E-02   0.348070E+07   0.347643E+07   0.509877E+05   0.429997E+05   0.300604E+07   0.347286E+07   0.348003E+07   0.347294E+07  -0.524690E+00   0.345533E+07   0.345362E+07   0.136302E+03
   0.660342E-02   0.341998E+07   0.341498E+07   0.367293E+05   0.346394E+05   0.289503E+07   0.341127E+07   0.341919E+07   0.341132E+07  -0.515377E+00   0.339426E+07   0.339254E+07   0.123625E+03
   0.729143E-02   0.335358E+07   0.334772E+07   0.356652E+05   0.278470E+05   0.277798E+07   0.334397E+07   0.335266E+07   0.334403E+07  -0.505205E+00   0.332754E+07   0.332582E+07   0.112032E+03
   0.805111E-02   0.328130E+07   0.327440E+07   0.253649E+05   0.223367E+05   0.265513E+07   0.327076E+07   0.328022E+07   0.327080E+07  -0.494141E+00   0.325495E+07   0.325322E+07   0.102351E+03
   0.888995E-02   0.320292E+07   0.319480E+07   0.226001E+05   0.178731E+05   0.252682E+07   0.319144E+07   0.320165E+07   0.319148E+07  -0.482154E+00   0.317631E+07   0.317456E+07   0.934587E+02
   0.981618E-02   0.311827E+07   0.310870E+07   0.165850E+05   0.142634E+05   0.239366E+07   0.310584E+07   0.311677E+07   0.310586E+07  -0.469218E+00   0.309142E+07   0.308966E+07   0.856050E+02
   0.108389E-01   0.302717E+07   0.301590E+07   0.129496E+05   0.113495E+05   0.225633E+07   0.301378E+07   0.302541E+07   0.301380E+07  -0.455307E+00   0.300013E+07   0.299834E+07   0.787457E+02
   0.119682E-01   0.292945E+07   0.291620E+07   0.115967E+05   0.900170E+04   0.211509E+07   0.291510E+07   0.292738E+07   0.291511E+07  -0.440397E+00   0.290226E+07   0.290043E+07   0.726203E+02
   0.132152E-01   0.282530E+07   0.280977E+07   0.731614E+04   0.711451E+04   0.196319E+07   0.280987E+07   0.282287E+07   0.280988E+07  -0.424498E+00   0.279791E+07   0.279604E+07   0.673149E+02
   0.145920E-01   0.271385E+07   0.269570E+07   0.629658E+04   0.559995E+04   0.181137E+07   0.269740E+07   0.271100E+07   0.269741E+07  -0.407506E+00   0.268634E+07   0.268442E+07   0.625721E+02
   0.161124E-01   0.259535E+07   0.257428E+07   0.445299E+04   0.438814E+04   0.165794E+07   0.257793E+07   0.259205E+07   0.257793E+07  -0.389456E+00   0.256778E+07   0.256580E+07   0.583741E+02
   0.177911E-01   0.246973E+07   0.244541E+07   0.331198E+04   0.342129E+04   0.150586E+07   0.245140E+07   0.246592E+07   0.245141E+07  -0.370341E+00   0.244217E+07   0.244013E+07   0.545852E+02
   0.196447E-01   0.233755E+07   0.230972E+07   0.270420E+04   0.265289E+04   0.135601E+07   0.231841E+07   0.233319E+07   0.231842E+07  -0.350248E+00   0.231010E+07   0.230799E+07   0.510916E+02
   0.216915E-01   0.219928E+07   0.216778E+07   0.252729E+04   0.204463E+04   0.120862E+07   0.217944E+07   0.219435E+07   0.217944E+07  -0.329253E+00   0.217206E+07   0.216988E+07   0.477715E+02
   0.239515E-01   0.205576E+07   0.202058E+07   0.177147E+04   0.156547E+04   0.106549E+07   0.203536E+07   0.205025E+07   0.203536E+07  -0.307486E+00   0.202887E+07   0.202663E+07   0.445063E+02
   0.264470E-01   0.190843E+07   0.186980E+07   0.139397E+04   0.119030E+04   0.929190E+06   0.188766E+07   0.190237E+07   0.188766E+07  -0.285172E+00   0.188204E+07   0.187975E+07   0.411524E+02
   0.292025E-01   0.175942E+07   0.171788E+07   0.960835E+03   0.898753E+03   0.801725E+06   0.173853E+07   0.175291E+07   0.173853E+07  -0.262643E+00   0.173373E+07   0.173142E+07   0.375926E+02
   0.322450E-01   0.161151E+07   0.156797E+07   0.744142E+03   0.674192E+03   0.683789E+06   0.159076E+07   0.160469E+07   0.159076E+07  -0.240319E+00   0.158672E+07   0.158443E+07   0.337406E+02
   0.356046E-01   0.146812E+07   0.142393E+07   0.605923E+03   0.503063E+03   0.577688E+06   0.144784E+07   0.146120E+07   0.144784E+07  -0.218727E+00   0.144447E+07   0.144225E+07   0.295458E+02
   0.393142E-01   0.133309E+07   0.128999E+07   0.438252E+03   0.374192E+03   0.484333E+06   0.131360E+07   0.132633E+07   0.131360E+07  -0.198448E+00   0.131082E+07   0.130875E+07   0.250345E+02
   0.434103E-01   0.121006E+07   0.117004E+07   0.300311E+03   0.278314E+03   0.404143E+06   0.119170E+07   0.120379E+07   0.119170E+07  -0.180032E+00   0.118941E+07   0.118755E+07   0.203282E+02
   0.477513E-01   0.110518E+07   0.106996E+07   0.232462E+03   0.209952E+03   0.339013E+06   0.108816E+07   0.109966E+07   0.108816E+07  -0.164389E+00   0.108625E+07   0.108466E+07   0.158345E+02
   0.520924E-01   0.102250E+07   0.992865E+06   0.180692E+03   0.163186E+03   0.289216E+06   0.100684E+07   0.101785E+07   0.100684E+07  -0.152104E+00   0.100522E+07   0.100390E+07   0.120141E+02
   0.564334E-01   0.955178E+06   0.931104E+06   0.143835E+03   0.129893E+03   0.249976E+06   0.940799E+06   0.951405E+06   0.940799E+06  -0.142128E+00   0.939406E+06   0.938341E+06   0.896450E+01
   0.607744E-01   0.898006E+06   0.878783E+06   0.116613E+03   0.105304E+03   0.218151E+06   0.884760E+06   0.894994E+06   0.884760E+06  -0.133662E+00   0.883547E+06   0.882690E+06   0.670643E+01
   0.651155E-01   0.847188E+06   0.831642E+06   0.958389E+02   0.865411E+02   0.191536E+06   0.834875E+06   0.844752E+06   0.834875E+06  -0.126125E+00   0.833818E+06   0.833108E+06   0.518557E+01
   0.694565E-01   0.799499E+06   0.786250E+06   0.794816E+02   0.717681E+02   0.168647E+06   0.787915E+06   0.797423E+06   0.787915E+06  -0.119031E+00   0.786999E+06   0.786372E+06   0.428665E+01
   0.737975E-01   0.752652E+06   0.740362E+06   0.662570E+02   0.598251E+02   0.148452E+06   0.741620E+06   0.750727E+06   0.741620E+06  -0.112037E+00   0.740834E+06   0.740235E+06   0.385756E+01
   0.781386E-01   0.705932E+06   0.693510E+06   0.553989E+02   0.500199E+02   0.130465E+06   0.695313E+06   0.703985E+06   0.695313E+06  -0.105042E+00   0.694649E+06   0.694035E+06   0.373525E+01
   0.824796E-01   0.659921E+06   0.646661E+06   0.464450E+02   0.419346E+02   0.114499E+06   0.649627E+06   0.657843E+06   0.649628E+06  -0.981399E-01   0.649074E+06   0.648420E+06   0.376726E+01
   0.868206E-01   0.615861E+06   0.601485E+06   0.390844E+02   0.352883E+02   0.100502E+06   0.605850E+06   0.613608E+06   0.605850E+06  -0.915264E-01   0.605394E+06   0.604695E+06   0.382797E+01
   0.911617E-01   0.574948E+06   0.559578E+06   0.330674E+02   0.298553E+02   0.884173E+05   0.565219E+06   0.572540E+06   0.565220E+06  -0.853883E-01   0.564847E+06   0.564113E+06   0.382852E+01
   0.965767E-01   0.529677E+06   0.513686E+06   0.271189E+02   0.244842E+02   0.758330E+05   0.520347E+06   0.527171E+06   0.520347E+06  -0.786093E-01   0.520057E+06   0.519310E+06   0.367445E+01
   0.101992E+00   0.491843E+06   0.476186E+06   0.225664E+02   0.203736E+02   0.657426E+05   0.482984E+06   0.489390E+06   0.482984E+06  -0.729649E-01   0.482754E+06   0.482038E+06   0.333838E+01
   0.107407E+00   0.461672E+06   0.447268E+06   0.190977E+02   0.172416E+02   0.577733E+05   0.453342E+06   0.459415E+06   0.453342E+06  -0.684868E-01   0.453152E+06   0.452503E+06   0.287047E+01
   0.112822E+00   0.438065E+06   0.425540E+06   0.164272E+02   0.148303E+02   0.514512E+05   0.430286E+06   0.436102E+06   0.430286E+06  -0.650037E-01   0.430123E+06   0.429564E+06   0.235358E+01
   0.118237E+00   0.418865E+06   0.408413E+06   0.143076E+02   0.129164E+02   0.462761E+05   0.411618E+06   0.417227E+06   0.411618E+06  -0.621835E-01   0.411474E+06   0.411008E+06   0.187210E+01
   0.123652E+00   0.401726E+06   0.393116E+06   0.125520E+02   0.113312E+02   0.418300E+05   0.394955E+06   0.400377E+06   0.394955E+06  -0.596663E-01   0.394828E+06   0.394440E+06   0.148912E+01
   0.129067E+00   0.384844E+06   0.377536E+06   0.110394E+02   0.996556E+01   0.378298E+05   0.378469E+06   0.383699E+06   0.378469E+06  -0.571756E-01   0.378358E+06   0.378023E+06   0.123467E+01
   0.134482E+00   0.367239E+06   0.360569E+06   0.970293E+01   0.875898E+01   0.341279E+05   0.361173E+06   0.366194E+06   0.361173E+06  -0.545627E-01   0.361082E+06   0.360769E+06   0.110505E+01
   0.139897E+00   0.348746E+06   0.342110E+06   0.851224E+01   0.768406E+01   0.306816E+05   0.342912E+06   0.347706E+06   0.342913E+06  -0.518041E-01   0.342842E+06   0.342527E+06   0.107070E+01
   0.145312E+00   0.329804E+06   0.322797E+06   0.745723E+01   0.673166E+01   0.275047E+05   0.324152E+06   0.328706E+06   0.324152E+06  -0.489699E-01   0.324102E+06   0.323770E+06   0.108877E+01
   0.150727E+00   0.311184E+06   0.303666E+06   0.653561E+01   0.589969E+01   0.246329E+05   0.305691E+06   0.310006E+06   0.305691E+06  -0.461810E-01   0.305661E+06   0.305307E+06   0.111631E+01
   0.156142E+00   0.293785E+06   0.285867E+06   0.574619E+01   0.518707E+01   0.221044E+05   0.288455E+06   0.292544E+06   0.288455E+06  -0.435771E-01   0.288441E+06   0.288072E+06   0.112063E+01
   0.161557E+00   0.278432E+06   0.270398E+06   0.508475E+01   0.458997E+01   0.199409E+05   0.273283E+06   0.277173E+06   0.273283E+06  -0.412852E-01   0.273281E+06   0.272912E+06   0.108479E+01
   0.166972E+00   0.265573E+06   0.257774E+06   0.453962E+01   0.409784E+01   0.181307E+05   0.260628E+06   0.264351E+06   0.260628E+06  -0.393732E-01   0.260633E+06   0.260279E+06   0.100791E+01
   0.172387E+00   0.255074E+06   0.247818E+06   0.409083E+01   0.369269E+01   0.166228E+05   0.250348E+06   0.253937E+06   0.250348E+06  -0.378204E-01   0.250358E+06   0.250031E+06   0.901479E+00
   0.177802E+00   0.246339E+06   0.239816E+06   0.371472E+01   0.335314E+01   0.153439E+05   0.241839E+06   0.245316E+06   0.241839E+06  -0.365349E-01   0.241850E+06   0.241557E+06   0.783563E+00
   0.183217E+00   0.238673E+06   0.232918E+06   0.339064E+01   0.306057E+01   0.142251E+05   0.234391E+06   0.237771E+06   0.234391E+06  -0.354096E-01   0.234403E+06   0.234143E+06   0.672755E+00
   0.188632E+00   0.231442E+06   0.226348E+06   0.310275E+01   0.280069E+01   0.132117E+05   0.227356E+06   0.230644E+06   0.227356E+06  -0.343469E-01   0.227370E+06   0.227138E+06   0.583229E+00
   0.194047E+00   0.224117E+06   0.219482E+06   0.283965E+01   0.256318E+01   0.122637E+05   0.220199E+06   0.223391E+06   0.220199E+06  -0.332656E-01   0.220214E+06   0.220001E+06   0.521940E+00
   0.199462E+00   0.216362E+06   0.211951E+06   0.259452E+01   0.234190E+01   0.113577E+05   0.212582E+06   0.215671E+06   0.212582E+06  -0.321149E-01   0.212600E+06   0.212395E+06   0.488287E+00
   0.204877E+00   0.208159E+06   0.203768E+06   0.236550E+01   0.213517E+01   0.104899E+05   0.204493E+06   0.207471E+06   0.204493E+06  -0.308929E-01   0.204515E+06   0.204310E+06   0.475784E+00
   0.210292E+00   0.199772E+06   0.195270E+06   0.215411E+01   0.194436E+01   0.967152E+04   0.196203E+06   0.199067E+06   0.196203E+06  -0.296405E-01   0.196230E+06   0.196020E+06   0.474824E+00
   0.215707E+00   0.191570E+06   0.186921E+06   0.196256E+01   0.177146E+01   0.891673E+04   0.188090E+06   0.190841E+06   0.188090E+06  -0.284150E-01   0.188121E+06   0.187905E+06   0.475609E+00
   0.221122E+00   0.183881E+06   0.179132E+06   0.179208E+01   0.161758E+01   0.823534E+04   0.180492E+06   0.183137E+06   0.180492E+06  -0.272672E-01   0.180526E+06   0.180307E+06   0.470525E+00
   0.226537E+00   0.176945E+06   0.172200E+06   0.164267E+01   0.148271E+01   0.763141E+04   0.173653E+06   0.176202E+06   0.173653E+06  -0.262339E-01   0.173689E+06   0.173472E+06   0.455527E+00
   0.231952E+00   0.170877E+06   0.166259E+06   0.151301E+01   0.136567E+01   0.710290E+04   0.167688E+06   0.170153E+06   0.167688E+06  -0.253328E-01   0.167725E+06   0.167515E+06   0.430363E+00
   0.237367E+00   0.165638E+06   0.161254E+06   0.140055E+01   0.126416E+01   0.664132E+04   0.162557E+06   0.164951E+06   0.162557E+06  -0.245577E-01   0.162594E+06   0.162396E+06   0.397812E+00
   0.242782E+00   0.161057E+06   0.156969E+06   0.130193E+01   0.117514E+01   0.623349E+04   0.158085E+06   0.160416E+06   0.158085E+06  -0.238820E-01   0.158122E+06   0.157936E+06   0.362332E+00
   0.248197E+00   0.156891E+06   0.153110E+06   0.121374E+01   0.109553E+01   0.586536E+04   0.154024E+06   0.156298E+06   0.154024E+06  -0.232685E-01   0.154060E+06   0.153888E+06   0.328579E+00
   0.253612E+00   0.152892E+06   0.149379E+06   0.113301E+01   0.102266E+01   0.552445E+04   0.150121E+06   0.152341E+06   0.150121E+06  -0.226789E-01   0.150157E+06   0.149997E+06   0.300182E+00
   0.259027E+00   0.148860E+06   0.145545E+06   0.105758E+01   0.954573E+00   0.520132E+04   0.146176E+06   0.148341E+06   0.146176E+06  -0.220830E-01   0.146212E+06   0.146060E+06   0.279030E+00
   0.264443E+00   0.144695E+06   0.141495E+06   0.986316E+00   0.890244E+00   0.489131E+04   0.142088E+06   0.144194E+06   0.142088E+06  -0.214653E-01   0.142123E+06   0.141976E+06   0.265136E+00
   0.269858E+00   0.140410E+06   0.137253E+06   0.918991E+00   0.829475E+00   0.459423E+04   0.137869E+06   0.139916E+06   0.137869E+06  -0.208281E-01   0.137906E+06   0.137760E+06   0.256985E+00
   0.275273E+00   0.136096E+06   0.132936E+06   0.855920E+00   0.772547E+00   0.431233E+04   0.133616E+06   0.135601E+06   0.133616E+06  -0.201855E-01   0.133653E+06   0.133507E+06   0.252181E+00
   0.280688E+00   0.131870E+06   0.128690E+06   0.797500E+00   0.719817E+00   0.404822E+04   0.129446E+06   0.131371E+06   0.129446E+06  -0.195556E-01   0.129484E+06   0.129337E+06   0.248184E+00
   0.286103E+00   0.127840E+06   0.124656E+06   0.744019E+00   0.671546E+00   0.380424E+04   0.125473E+06   0.127341E+06   0.125473E+06  -0.189554E-01   0.125511E+06   0.125365E+06   0.242951E+00
   0.291518E+00   0.124102E+06   0.120947E+06   0.695598E+00   0.627840E+00   0.358170E+04   0.121792E+06   0.123607E+06   0.121792E+06  -0.183993E-01   0.121831E+06   0.121686E+06   0.235326E+00
   0.296933E+00   0.120706E+06   0.117622E+06   0.652083E+00   0.588563E+00   0.338045E+04   0.118456E+06   0.120223E+06   0.118456E+06  -0.178953E-01   0.118494E+06   0.118354E+06   0.225135E+00
   0.302348E+00   0.117642E+06   0.114666E+06   0.612982E+00   0.553269E+00   0.319863E+04   0.115452E+06   0.117176E+06   0.115452E+06  -0.174415E-01   0.115490E+06   0.115354E+06   0.213010E+00
   0.307763E+00   0.114843E+06   0.111996E+06   0.577564E+00   0.521299E+00   0.303302E+04   0.112713E+06   0.114397E+06   0.112713E+06  -0.170276E-01   0.112750E+06   0.112621E+06   0.200070E+00
   0.313178E+00   0.112220E+06   0.109508E+06   0.545070E+00   0.491970E+00   0.288003E+04   0.110148E+06   0.111795E+06   0.110148E+06  -0.166402E-01   0.110185E+06   0.110061E+06   0.187547E+00
   0.318593E+00   0.109692E+06   0.107102E+06   0.514872E+00   0.464712E+00   0.273669E+04   0.107675E+06   0.109286E+06   0.107675E+06  -0.162665E-01   0.107711E+06   0.107593E+06   0.176455E+00
   0.324008E+00   0.107196E+06   0.104704E+06   0.486501E+00   0.439104E+00   0.260089E+04   0.105230E+06   0.106806E+06   0.105230E+06  -0.158972E-01   0.105266E+06   0.105151E+06   0.167378E+00
   0.329423E+00   0.104693E+06   0.102271E+06   0.459648E+00   0.414866E+00   0.247117E+04   0.102774E+06   0.104313E+06   0.102774E+06  -0.155261E-01   0.102809E+06   0.102698E+06   0.160394E+00
   0.334838E+00   0.102172E+06   0.997941E+05   0.434170E+00   0.391870E+00   0.234694E+04   0.100296E+06   0.101800E+06   0.100296E+06  -0.151518E-01   0.100331E+06   0.100222E+06   0.155157E+00
   0.340253E+00   0.996575E+05   0.973050E+05   0.410080E+00   0.370127E+00   0.222847E+04   0.978212E+05   0.992889E+05   0.978212E+05  -0.147779E-01   0.978561E+05   0.977480E+05   0.151051E+00
   0.345668E+00   0.971928E+05   0.948586E+05   0.387471E+00   0.349721E+00   0.211649E+04   0.953949E+05   0.968270E+05   0.953949E+05  -0.144114E-01   0.954297E+05   0.953225E+05   0.147391E+00
   0.351083E+00   0.948229E+05   0.925095E+05   0.366422E+00   0.330722E+00   0.201153E+04   0.930625E+05   0.944604E+05   0.930625E+05  -0.140590E-01   0.930971E+05   0.929910E+05   0.143591E+00
   0.356498E+00   0.925774E+05   0.902947E+05   0.346938E+00   0.313136E+00   0.191382E+04   0.908542E+05   0.922197E+05   0.908542E+05  -0.137254E-01   0.908885E+05   0.907841E+05   0.139283E+00
   0.361913E+00   0.904681E+05   0.882292E+05   0.328954E+00   0.296904E+00   0.182319E+04   0.887822E+05   0.901172E+05   0.887822E+05  -0.134124E-01   0.888161E+05   0.887138E+05   0.134355E+00
   0.367328E+00   0.884929E+05   0.863099E+05   0.312355E+00   0.281921E+00   0.173915E+04   0.868442E+05   0.881508E+05   0.868442E+05  -0.131196E-01   0.868777E+05   0.867781E+05   0.128935E+00
   0.372743E+00   0.866376E+05   0.845187E+05   0.296992E+00   0.268055E+00   0.166099E+04   0.850257E+05   0.863056E+05   0.850257E+05  -0.128449E-01   0.850587E+05   0.849620E+05   0.123301E+00
   0.378158E+00   0.848766E+05   0.828240E+05   0.282692E+00   0.255148E+00   0.158787E+04   0.833005E+05   0.845550E+05   0.833005E+05  -0.125843E-01   0.833330E+05   0.832393E+05   0.117786E+00
   0.383573E+00   0.831781E+05   0.811883E+05   0.269277E+00   0.243039E+00   0.151892E+04   0.816363E+05   0.828663E+05   0.816363E+05  -0.123329E-01   0.816683E+05   0.815774E+05   0.112681E+00
   0.388988E+00   0.815149E+05   0.795801E+05   0.256601E+00   0.231598E+00   0.145338E+04   0.800057E+05   0.812117E+05   0.800057E+05  -0.120865E-01   0.800373E+05   0.799487E+05   0.108171E+00
   0.394403E+00   0.798716E+05   0.779819E+05   0.244571E+00   0.220741E+00   0.139079E+04   0.783933E+05   0.795755E+05   0.783933E+05  -0.118429E-01   0.784245E+05   0.783379E+05   0.104309E+00
   0.399818E+00   0.782451E+05   0.763911E+05   0.233141E+00   0.210423E+00   0.133098E+04   0.767960E+05   0.779546E+05   0.767960E+05  -0.116016E-01   0.768268E+05   0.767418E+05   0.101027E+00
   0.405233E+00   0.766403E+05   0.748147E+05   0.222289E+00   0.200629E+00   0.127387E+04   0.752190E+05   0.763542E+05   0.752190E+05  -0.113634E-01   0.752495E+05   0.751658E+05   0.981700E-01
   0.410648E+00   0.750674E+05   0.732663E+05   0.212014E+00   0.191355E+00   0.121948E+04   0.736728E+05   0.747852E+05   0.736728E+05  -0.111298E-01   0.737030E+05   0.736205E+05   0.955473E-01
   0.416063E+00   0.735393E+05   0.717622E+05   0.202319E+00   0.182605E+00   0.116793E+04   0.721708E+05   0.732609E+05   0.721708E+05  -0.109029E-01   0.722007E+05   0.721193E+05   0.929851E-01
   0.421478E+00   0.720681E+05   0.703173E+05   0.193203E+00   0.174377E+00   0.111925E+04   0.707251E+05   0.717937E+05   0.707251E+05  -0.106845E-01   0.707547E+05   0.706745E+05   0.903623E-01
   0.426893E+00   0.706607E+05   0.689398E+05   0.184651E+00   0.166658E+00   0.107338E+04   0.693429E+05   0.703910E+05   0.693429E+05  -0.104757E-01   0.693721E+05   0.692934E+05   0.876265E-01
   0.432308E+00   0.693173E+05   0.676301E+05   0.176630E+00   0.159418E+00   0.103019E+04   0.680244E+05   0.690529E+05   0.680244E+05  -0.102765E-01   0.680532E+05   0.679761E+05   0.847914E-01
   0.437723E+00   0.680320E+05   0.663812E+05   0.169093E+00   0.152615E+00   0.989473E+03   0.667635E+05   0.677733E+05   0.667635E+05  -0.100860E-01   0.667919E+05   0.667165E+05   0.819194E-01
   0.443138E+00   0.667955E+05   0.651820E+05   0.161988E+00   0.146203E+00   0.950923E+03   0.655509E+05   0.665427E+05   0.655509E+05  -0.990283E-02   0.655790E+05   0.655052E+05   0.790967E-01
   0.448553E+00   0.655983E+05   0.640212E+05   0.155269E+00   0.140138E+00   0.914306E+03   0.643768E+05   0.653511E+05   0.643768E+05  -0.972546E-02   0.644045E+05   0.643324E+05   0.764072E-01
   0.453968E+00   0.644320E+05   0.628888E+05   0.148893E+00   0.134383E+00   0.879437E+03   0.632329E+05   0.641902E+05   0.632329E+05  -0.955265E-02   0.632602E+05   0.631896E+05   0.739114E-01
   0.459383E+00   0.632902E+05   0.617774E+05   0.142826E+00   0.128908E+00   0.846118E+03   0.621125E+05   0.630531E+05   0.621125E+05  -0.938339E-02   0.621395E+05   0.620702E+05   0.716345E-01
   0.464798E+00   0.621685E+05   0.606826E+05   0.137044E+00   0.123689E+00   0.814212E+03   0.610114E+05   0.619356E+05   0.610114E+05  -0.921705E-02   0.610380E+05   0.609700E+05   0.695662E-01
   0.470213E+00   0.610663E+05   0.596043E+05   0.131530E+00   0.118712E+00   0.783664E+03   0.599291E+05   0.608372E+05   0.599291E+05  -0.905355E-02   0.599554E+05   0.598885E+05   0.676693E-01
   0.475629E+00   0.599869E+05   0.585469E+05   0.126277E+00   0.113972E+00   0.754467E+03   0.588691E+05   0.597613E+05   0.588691E+05  -0.889340E-02   0.588950E+05   0.588291E+05   0.658931E-01
   0.481044E+00   0.589351E+05   0.575161E+05   0.121283E+00   0.109464E+00   0.726588E+03   0.578360E+05   0.587128E+05   0.578360E+05  -0.873733E-02   0.578617E+05   0.577967E+05   0.641859E-01
   0.486459E+00   0.579139E+05   0.565160E+05   0.116541E+00   0.105184E+00   0.700025E+03   0.568330E+05   0.576948E+05   0.568330E+05  -0.858582E-02   0.568584E+05   0.567944E+05   0.625065E-01
   0.491874E+00   0.569243E+05   0.555483E+05   0.112040E+00   0.101122E+00   0.674731E+03   0.558614E+05   0.567087E+05   0.558614E+05  -0.843903E-02   0.558864E+05   0.558235E+05   0.608312E-01
   0.497289E+00   0.559668E+05   0.546136E+05   0.107768E+00   0.972663E-01   0.650654E+03   0.549215E+05   0.557547E+05   0.549215E+05  -0.829704E-02   0.549462E+05   0.548843E+05   0.591560E-01
   0.502704E+00   0.550410E+05   0.537114E+05   0.103715E+00   0.936075E-01   0.627722E+03   0.540131E+05   0.548327E+05   0.540131E+05  -0.815980E-02   0.540375E+05   0.539767E+05   0.574927E-01
   0.508119E+00   0.541448E+05   0.528390E+05   0.998629E-01   0.901311E-01   0.605875E+03   0.531338E+05   0.539402E+05   0.531338E+05  -0.802696E-02   0.531578E+05   0.530981E+05   0.558621E-01
   0.513534E+00   0.532740E+05   0.519916E+05   0.961957E-01   0.868212E-01   0.585010E+03   0.522794E+05   0.530730E+05   0.522794E+05  -0.789789E-02   0.523032E+05   0.522445E+05   0.542866E-01
   0.518949E+00   0.524245E+05   0.511647E+05   0.926966E-01   0.836630E-01   0.565033E+03   0.514459E+05   0.522271E+05   0.514459E+05  -0.777197E-02   0.514694E+05   0.514117E+05   0.527841E-01
   0.524364E+00   0.515938E+05   0.503553E+05   0.893532E-01   0.806454E-01   0.545889E+03   0.506307E+05   0.513997E+05   0.506307E+05  -0.764883E-02   0.506539E+05   0.505973E+05   0.513647E-01
   0.529779E+00   0.507807E+05   0.495621E+05   0.861560E-01   0.777597E-01   0.527529E+03   0.498327E+05   0.505897E+05   0.498327E+05  -0.752828E-02   0.498556E+05   0.497999E+05   0.500288E-01
   0.535194E+00   0.499844E+05   0.487846E+05   0.830970E-01   0.749988E-01   0.509903E+03   0.490511E+05   0.497964E+05   0.490511E+05  -0.741020E-02   0.490738E+05   0.490188E+05   0.487685E-01
   0.540609E+00   0.492045E+05   0.480224E+05   0.801693E-01   0.723564E-01   0.492977E+03   0.482856E+05   0.490193E+05   0.482856E+05  -0.729454E-02   0.483079E+05   0.482538E+05   0.475698E-01
   0.546024E+00   0.484417E+05   0.472766E+05   0.773679E-01   0.698279E-01   0.476748E+03   0.475366E+05   0.482591E+05   0.475366E+05  -0.718139E-02   0.475587E+05   0.475054E+05   0.464175E-01
   0.551439E+00   0.476972E+05   0.465487E+05   0.746893E-01   0.674104E-01   0.461181E+03   0.468057E+05   0.475172E+05   0.468057E+05  -0.707097E-02   0.468275E+05   0.467750E+05   0.452985E-01
   0.556854E+00   0.469721E+05   0.458404E+05   0.721298E-01   0.651003E-01   0.446264E+03   0.460940E+05   0.467948E+05   0.460940E+05  -0.696346E-02   0.461155E+05   0.460638E+05   0.442036E-01
   0.562269E+00   0.462662E+05   0.451511E+05   0.696835E-01   0.628924E-01   0.431970E+03   0.454011E+05   0.460915E+05   0.454011E+05  -0.685878E-02   0.454224E+05   0.453714E+05   0.431280E-01
   0.567684E+00   0.455785E+05   0.444802E+05   0.673441E-01   0.607810E-01   0.418277E+03   0.447262E+05   0.454064E+05   0.447262E+05  -0.675682E-02   0.447472E+05   0.446970E+05   0.420724E-01
   0.573099E+00   0.449083E+05   0.438266E+05   0.651056E-01   0.587606E-01   0.405127E+03   0.440684E+05   0.447388E+05   0.440684E+05  -0.665745E-02   0.440892E+05   0.440397E+05   0.410405E-01
   0.578514E+00   0.442546E+05   0.431894E+05   0.629624E-01   0.568262E-01   0.392513E+03   0.434270E+05   0.440877E+05   0.434270E+05  -0.656055E-02   0.434475E+05   0.433988E+05   0.400382E-01
   0.629782E+00   0.387295E+05   0.377974E+05   0.464938E-01   0.419625E-01   0.294445E+03   0.380045E+05   0.385834E+05   0.380045E+05  -0.574137E-02   0.380229E+05   0.379802E+05   0.321936E-01
   0.769218E+00   0.281808E+05   0.275032E+05   0.226756E-01   0.204655E-01   0.148159E+03   0.276524E+05   0.280746E+05   0.276524E+05  -0.417747E-02   0.276663E+05   0.276353E+05   0.191690E-01
   0.939525E+00   0.204040E+05   0.199136E+05   0.110048E-01   0.993215E-02   0.736462E+02   0.200209E+05   0.203271E+05   0.200209E+05  -0.302457E-02   0.200313E+05   0.200088E+05   0.113687E-01
   0.114754E+01   0.147078E+05   0.143544E+05   0.531719E-02   0.479891E-02   0.362260E+02   0.144314E+05   0.146525E+05   0.144314E+05  -0.218017E-02   0.144391E+05   0.144228E+05   0.671691E-02
   0.140161E+01   0.105589E+05   0.103052E+05   0.255873E-02   0.230932E-02   0.176624E+02   0.103604E+05   0.105191E+05   0.103604E+05  -0.156515E-02   0.103659E+05   0.103542E+05   0.395557E-02
   0.171193E+01   0.755224E+04   0.737079E+04   0.122675E-02   0.110717E-02   0.854782E+01   0.741017E+04   0.752380E+04   0.741017E+04  -0.111946E-02   0.741417E+04   0.740580E+04   0.232345E-02
   0.209095E+01   0.538350E+04   0.525417E+04   0.586169E-03   0.529032E-03   0.411133E+01   0.528220E+04   0.536324E+04   0.528220E+04  -0.797987E-03   0.528507E+04   0.527908E+04   0.136242E-02
   0.255389E+01   0.382566E+04   0.373374E+04   0.279217E-03   0.252000E-03   0.196739E+01   0.375366E+04   0.381125E+04   0.375366E+04  -0.567068E-03   0.375570E+04   0.375141E+04   0.798349E-03
   0.311933E+01   0.271093E+04   0.264579E+04   0.132627E-03   0.119699E-03   0.937441E+00   0.265990E+04   0.270072E+04   0.265990E+04  -0.401833E-03   0.266135E+04   0.265828E+04   0.468150E-03
   0.380996E+01   0.191598E+04   0.186993E+04   0.628325E-04   0.567080E-04   0.445086E+00   0.187991E+04   0.190877E+04   0.187991E+04  -0.284000E-03   0.188094E+04   0.187874E+04   0.275217E-03
   0.465350E+01   0.135089E+04   0.131841E+04   0.296957E-04   0.268012E-04   0.210657E+00   0.132546E+04   0.134580E+04   0.132546E+04  -0.200238E-03   0.132619E+04   0.132460E+04   0.162609E-03
   0.568379E+01   0.950351E+03   0.927481E+03   0.140034E-04   0.126385E-04   0.994390E-01   0.932453E+03   0.946767E+03   0.932453E+03  -0.140866E-03   0.932968E+03   0.931810E+03   0.968782E-04
   0.694221E+01   0.667195E+03   0.651120E+03   0.658988E-05   0.594760E-05   0.468255E-01   0.654627E+03   0.664676E+03   0.654627E+03  -0.988950E-04   0.654990E+03   0.654136E+03   0.584487E-04
   0.847923E+01   0.467514E+03   0.456229E+03   0.309522E-05   0.279357E-05   0.220033E-01   0.458704E+03   0.465746E+03   0.458704E+03  -0.692967E-04   0.458960E+03   0.458320E+03   0.358994E-04
   0.103566E+02   0.327014E+03   0.319099E+03   0.145121E-05   0.130980E-05   0.103200E-01   0.320848E+03   0.325774E+03   0.320848E+03  -0.484708E-04   0.321029E+03   0.320537E+03   0.225824E-04
   0.126495E+02   0.228360E+03   0.222810E+03   0.679276E-06   0.613095E-06   0.483146E-02   0.224051E+03   0.227491E+03   0.224051E+03  -0.338476E-04   0.224179E+03   0.223789E+03   0.146373E-04
   0.154502E+02   0.159223E+03   0.155329E+03   0.317454E-06   0.286532E-06   0.225856E-02   0.156214E+03   0.158612E+03   0.156214E+03  -0.235994E-04   0.156305E+03   0.155986E+03   0.982577E-05
   0.188709E+02   0.110856E+03   0.108120E+03   0.148139E-06   0.133715E-06   0.105416E-02   0.108758E+03   0.110427E+03   0.108758E+03  -0.164301E-04   0.108823E+03   0.108551E+03   0.685074E-05
   0.230489E+02   0.770764E+02   0.751483E+02   0.690309E-07   0.623130E-07   0.491211E-03   0.756134E+02   0.767743E+02   0.756134E+02  -0.114230E-04   0.756606E+02   0.754201E+02   0.496069E-05
   0.281520E+02   0.535209E+02   0.521552E+02   0.321234E-07   0.289998E-07   0.228623E-03   0.525008E+02   0.533069E+02   0.525008E+02  -0.793134E-05   0.525356E+02   0.523153E+02   0.371939E-05
   0.343849E+02   0.371183E+02   0.361435E+02   0.149283E-07   0.134785E-07   0.106300E-03   0.364066E+02   0.369656E+02   0.364066E+02  -0.549998E-05   0.364327E+02   0.362249E+02   0.287277E-05
   0.419979E+02   0.257120E+02   0.250080E+02   0.692797E-08   0.625635E-08   0.493567E-04   0.252146E+02   0.256017E+02   0.252146E+02  -0.380918E-05   0.252347E+02   0.250340E+02   0.227195E-05
   0.512963E+02   0.177899E+02   0.172733E+02   0.321051E-08   0.290012E-08   0.228784E-04   0.174412E+02   0.177089E+02   0.174412E+02  -0.263485E-05   0.174572E+02   0.172599E+02   0.182881E-05
   0.626535E+02   0.122942E+02   0.119069E+02   0.148547E-08   0.134243E-08   0.105982E-04   0.120485E+02   0.122335E+02   0.120485E+02  -0.182018E-05   0.120618E+02   0.118654E+02   0.149044E-05
   0.765251E+02   0.848588E+01   0.818745E+01   0.686069E-09   0.620408E-09   0.490051E-05   0.831151E+01   0.843911E+01   0.831151E+01  -0.125563E-05   0.832295E+01   0.812584E+01   0.122438E-05
   0.934680E+02   0.584959E+01   0.561215E+01   0.316177E-09   0.286190E-09   0.226131E-05   0.572449E+01   0.581238E+01   0.572449E+01  -0.864804E-06   0.573468E+01   0.553605E+01   0.101015E-05
   0.114162E+03   0.402638E+01   0.383073E+01   0.145312E-09   0.131717E-09   0.104296E-05   0.393530E+01   0.399572E+01   0.393530E+01  -0.594510E-06   0.394465E+01   0.374425E+01   0.834397E-06
