#          k/h    CDM            baryon         photon         nu             mass_nu        total          no_nu          total_de       Weyl           v_CDM          v_b            v_b-v_c     
   0.105184E-04   0.286697E+07   0.286697E+07   0.382237E+07   0.382237E+07   0.286807E+07   0.286699E+07   0.286697E+07   0.287542E+07  -0.600161E+00   0.285975E+07   0.285975E+07   0.727560E+01
   0.116143E-04   0.286697E+07   0.286697E+07   0.382232E+07   0.382231E+07   0.286806E+07   0.286699E+07   0.286697E+07   0.287542E+07  -0.600161E+00   0.285975E+07   0.285975E+07   0.803356E+01
   0.128244E-04   0.286697E+07   0.286697E+07   0.382225E+07   0.382224E+07   0.286806E+07   0.286699E+07   0.286697E+07   0.287542E+07  -0.600161E+00   0.285975E+07   0.285975E+07   0.887048E+01
   0.141606E-04   0.286697E+07   0.286697E+07   0.382216E+07   0.382215E+07   0.286806E+07   0.286699E+07   0.286697E+07   0.287542E+07  -0.600160E+00   0.285975E+07   0.285975E+07   0.979455E+01
   0.156360E-04   0.286697E+07   0.286697E+07   0.382206E+07   0.382205E+07   0.286806E+07   0.286699E+07   0.286697E+07   0.287542E+07  -0.600160E+00   0.285974E+07   0.285974E+07   0.108149E+02
   0.172651E-04   0.286697E+07   0.286697E+07   0.382194E+07   0.382192E+07   0.286806E+07   0.286698E+07   0.286697E+07   0.287542E+07  -0.600160E+00   0.285974E+07   0.285974E+07   0.119414E+02
   0.190639E-04   0.286697E+07   0.286697E+07   0.382178E+07   0.382177E+07   0.286806E+07   0.286698E+07   0.286697E+07   0.287541E+07  -0.600160E+00   0.285974E+07   0.285974E+07   0.131853E+02
   0.210501E-04   0.286697E+07   0.286697E+07   0.382160E+07   0.382158E+07   0.286805E+07   0.286698E+07   0.286697E+07   0.287541E+07  -0.600159E+00   0.285974E+07   0.285974E+07   0.145586E+02
   0.232433E-04   0.286696E+07   0.286696E+07   0.382137E+07   0.382134E+07   0.286805E+07   0.286698E+07   0.286696E+07   0.287541E+07  -0.600159E+00   0.285974E+07   0.285974E+07   0.160749E+02
   0.256650E-04   0.286696E+07   0.286696E+07   0.382109E+07   0.382106E+07   0.286804E+07   0.286698E+07   0.286696E+07   0.287541E+07  -0.600158E+00   0.285974E+07   0.285974E+07   0.177489E+02
   0.283390E-04   0.286696E+07   0.286696E+07   0.382075E+07   0.382072E+07   0.286804E+07   0.286697E+07   0.286696E+07   0.287540E+07  -0.600157E+00   0.285973E+07   0.285973E+07   0.195971E+02
   0.312916E-04   0.286696E+07   0.286695E+07   0.382034E+07   0.382030E+07   0.286803E+07   0.286697E+07   0.286695E+07   0.287540E+07  -0.600156E+00   0.285973E+07   0.285973E+07   0.216376E+02
   0.345519E-04   0.286695E+07   0.286695E+07   0.381984E+07   0.381978E+07   0.286802E+07   0.286697E+07   0.286695E+07   0.287539E+07  -0.600155E+00   0.285973E+07   0.285972E+07   0.238901E+02
   0.381518E-04   0.286695E+07   0.286694E+07   0.381923E+07   0.381916E+07   0.286801E+07   0.286696E+07   0.286695E+07   0.287539E+07  -0.600153E+00   0.285972E+07   0.285972E+07   0.263767E+02
   0.421268E-04   0.286694E+07   0.286694E+07   0.381848E+07   0.381840E+07   0.286800E+07   0.286696E+07   0.286694E+07   0.287538E+07  -0.600152E+00   0.285971E+07   0.285971E+07   0.291214E+02
   0.465159E-04   0.286693E+07   0.286693E+07   0.381758E+07   0.381747E+07   0.286798E+07   0.286695E+07   0.286693E+07   0.287537E+07  -0.600149E+00   0.285971E+07   0.285970E+07   0.321510E+02
   0.513623E-04   0.286692E+07   0.286692E+07   0.381647E+07   0.381634E+07   0.286796E+07   0.286694E+07   0.286692E+07   0.287536E+07  -0.600147E+00   0.285970E+07   0.285969E+07   0.354947E+02
   0.567137E-04   0.286691E+07   0.286691E+07   0.381512E+07   0.381496E+07   0.286794E+07   0.286693E+07   0.286691E+07   0.287534E+07  -0.600143E+00   0.285969E+07   0.285968E+07   0.391846E+02
   0.626227E-04   0.286690E+07   0.286689E+07   0.381347E+07   0.381329E+07   0.286791E+07   0.286691E+07   0.286690E+07   0.287532E+07  -0.600140E+00   0.285967E+07   0.285967E+07   0.432561E+02
   0.691473E-04   0.286688E+07   0.286688E+07   0.381146E+07   0.381124E+07   0.286787E+07   0.286689E+07   0.286688E+07   0.287530E+07  -0.600135E+00   0.285965E+07   0.285965E+07   0.477479E+02
   0.763516E-04   0.286686E+07   0.286686E+07   0.380902E+07   0.380875E+07   0.286783E+07   0.286687E+07   0.286686E+07   0.287528E+07  -0.600129E+00   0.285963E+07   0.285963E+07   0.527026E+02
   0.843066E-04   0.286683E+07   0.286683E+07   0.380604E+07   0.380571E+07   0.286778E+07   0.286685E+07   0.286683E+07   0.287524E+07  -0.600122E+00   0.285961E+07   0.285960E+07   0.581666E+02
   0.930904E-04   0.286680E+07   0.286680E+07   0.380241E+07   0.380201E+07   0.286771E+07   0.286681E+07   0.286680E+07   0.287520E+07  -0.600113E+00   0.285958E+07   0.285957E+07   0.641905E+02
   0.102789E-03   0.286676E+07   0.286676E+07   0.379799E+07   0.379750E+07   0.286764E+07   0.286678E+07   0.286676E+07   0.287515E+07  -0.600102E+00   0.285954E+07   0.285953E+07   0.708295E+02
   0.113499E-03   0.286672E+07   0.286671E+07   0.379261E+07   0.379201E+07   0.286754E+07   0.286673E+07   0.286672E+07   0.287510E+07  -0.600089E+00   0.285949E+07   0.285948E+07   0.781432E+02
   0.125324E-03   0.286666E+07   0.286666E+07   0.378606E+07   0.378533E+07   0.286742E+07   0.286667E+07   0.286666E+07   0.287502E+07  -0.600073E+00   0.285944E+07   0.285942E+07   0.861963E+02
   0.138382E-03   0.286659E+07   0.286659E+07   0.377809E+07   0.377719E+07   0.286728E+07   0.286660E+07   0.286659E+07   0.287494E+07  -0.600054E+00   0.285937E+07   0.285935E+07   0.950578E+02
   0.152799E-03   0.286651E+07   0.286650E+07   0.376839E+07   0.376730E+07   0.286711E+07   0.286652E+07   0.286651E+07   0.287483E+07  -0.600031E+00   0.285929E+07   0.285926E+07   0.104802E+03
   0.168719E-03   0.286641E+07   0.286640E+07   0.375659E+07   0.375527E+07   0.286690E+07   0.286641E+07   0.286640E+07   0.287470E+07  -0.600002E+00   0.285918E+07   0.285915E+07   0.115506E+03
   0.186298E-03   0.286628E+07   0.286627E+07   0.374226E+07   0.374065E+07   0.286664E+07   0.286628E+07   0.286628E+07   0.287454E+07  -0.599967E+00   0.285906E+07   0.285902E+07   0.127251E+03
   0.205708E-03   0.286613E+07   0.286612E+07   0.372485E+07   0.372290E+07   0.286633E+07   0.286613E+07   0.286613E+07   0.287435E+07  -0.599925E+00   0.285891E+07   0.285886E+07   0.140121E+03
   0.227141E-03   0.286594E+07   0.286593E+07   0.370373E+07   0.370136E+07   0.286595E+07   0.286594E+07   0.286594E+07   0.287411E+07  -0.599873E+00   0.285873E+07   0.285866E+07   0.154199E+03
   0.250806E-03   0.286572E+07   0.286570E+07   0.367813E+07   0.367526E+07   0.286549E+07   0.286571E+07   0.286572E+07   0.287383E+07  -0.599810E+00   0.285850E+07   0.285843E+07   0.169566E+03
   0.276938E-03   0.286545E+07   0.286542E+07   0.364714E+07   0.364367E+07   0.286492E+07   0.286543E+07   0.286544E+07   0.287348E+07  -0.599733E+00   0.285823E+07   0.285814E+07   0.186296E+03
   0.305791E-03   0.286511E+07   0.286508E+07   0.360969E+07   0.360550E+07   0.286423E+07   0.286509E+07   0.286511E+07   0.287306E+07  -0.599640E+00   0.285790E+07   0.285779E+07   0.204453E+03
   0.337651E-03   0.286471E+07   0.286467E+07   0.356451E+07   0.355947E+07   0.286340E+07   0.286468E+07   0.286470E+07   0.287254E+07  -0.599527E+00   0.285750E+07   0.285736E+07   0.224079E+03
   0.372831E-03   0.286421E+07   0.286417E+07   0.351016E+07   0.350410E+07   0.286238E+07   0.286418E+07   0.286421E+07   0.287192E+07  -0.599390E+00   0.285700E+07   0.285684E+07   0.245189E+03
   0.411676E-03   0.286361E+07   0.286356E+07   0.344494E+07   0.343769E+07   0.286113E+07   0.286357E+07   0.286360E+07   0.287116E+07  -0.599223E+00   0.285641E+07   0.285621E+07   0.267756E+03
   0.454568E-03   0.286288E+07   0.286282E+07   0.336696E+07   0.335832E+07   0.285962E+07   0.286282E+07   0.286287E+07   0.287025E+07  -0.599022E+00   0.285568E+07   0.285544E+07   0.291693E+03
   0.501929E-03   0.286200E+07   0.286192E+07   0.327415E+07   0.326389E+07   0.285779E+07   0.286192E+07   0.286199E+07   0.286914E+07  -0.598777E+00   0.285480E+07   0.285451E+07   0.316836E+03
   0.554224E-03   0.286092E+07   0.286083E+07   0.316426E+07   0.315216E+07   0.285556E+07   0.286083E+07   0.286091E+07   0.286780E+07  -0.598482E+00   0.285372E+07   0.285338E+07   0.342913E+03
   0.611968E-03   0.285962E+07   0.285951E+07   0.303500E+07   0.302083E+07   0.285285E+07   0.285950E+07   0.285960E+07   0.286619E+07  -0.598127E+00   0.285242E+07   0.285202E+07   0.369520E+03
   0.675728E-03   0.285805E+07   0.285791E+07   0.288421E+07   0.286776E+07   0.284957E+07   0.285790E+07   0.285803E+07   0.286425E+07  -0.597699E+00   0.285085E+07   0.285037E+07   0.396086E+03
   0.746132E-03   0.285615E+07   0.285598E+07   0.271003E+07   0.269116E+07   0.284559E+07   0.285596E+07   0.285612E+07   0.286193E+07  -0.597185E+00   0.284894E+07   0.284838E+07   0.421833E+03
   0.823870E-03   0.285385E+07   0.285365E+07   0.251132E+07   0.248996E+07   0.284077E+07   0.285362E+07   0.285382E+07   0.285915E+07  -0.596571E+00   0.284664E+07   0.284598E+07   0.445757E+03
   0.909708E-03   0.285109E+07   0.285085E+07   0.228811E+07   0.226432E+07   0.283495E+07   0.285081E+07   0.285105E+07   0.285584E+07  -0.595839E+00   0.284387E+07   0.284310E+07   0.466600E+03
   0.100449E-02   0.284777E+07   0.284749E+07   0.204213E+07   0.201618E+07   0.282793E+07   0.284743E+07   0.284773E+07   0.285192E+07  -0.594971E+00   0.284053E+07   0.283966E+07   0.482870E+03
   0.110915E-02   0.284380E+07   0.284348E+07   0.177756E+07   0.174996E+07   0.281948E+07   0.284339E+07   0.284375E+07   0.284729E+07  -0.593946E+00   0.283652E+07   0.283554E+07   0.492895E+03
   0.122471E-02   0.283907E+07   0.283870E+07   0.150154E+07   0.147308E+07   0.280934E+07   0.283856E+07   0.283901E+07   0.284186E+07  -0.592744E+00   0.283173E+07   0.283064E+07   0.494951E+03
   0.135231E-02   0.283345E+07   0.283302E+07   0.122464E+07   0.119637E+07   0.279712E+07   0.283284E+07   0.283339E+07   0.283552E+07  -0.591341E+00   0.282603E+07   0.282485E+07   0.487493E+03
   0.149320E-02   0.282681E+07   0.282632E+07   0.960580E+06   0.933698E+06   0.278254E+07   0.282607E+07   0.282673E+07   0.282817E+07  -0.589716E+00   0.281927E+07   0.281801E+07   0.469487E+03
   0.164878E-02   0.281900E+07   0.281844E+07   0.725038E+06   0.700703E+06   0.276527E+07   0.281810E+07   0.281891E+07   0.281968E+07  -0.587846E+00   0.281129E+07   0.280999E+07   0.440853E+03
   0.182056E-02   0.280986E+07   0.280924E+07   0.533053E+06   0.512020E+06   0.274491E+07   0.280878E+07   0.280976E+07   0.280994E+07  -0.585709E+00   0.280194E+07   0.280063E+07   0.402919E+03
   0.201024E-02   0.279924E+07   0.279854E+07   0.394974E+06   0.377212E+06   0.272099E+07   0.279795E+07   0.279913E+07   0.279881E+07  -0.583281E+00   0.279105E+07   0.278976E+07   0.358735E+03
   0.221969E-02   0.278697E+07   0.278619E+07   0.311781E+06   0.296223E+06   0.269308E+07   0.278542E+07   0.278684E+07   0.278610E+07  -0.580534E+00   0.277845E+07   0.277721E+07   0.312974E+03
   0.245096E-02   0.277286E+07   0.277198E+07   0.271862E+06   0.256598E+06   0.266068E+07   0.277103E+07   0.277273E+07   0.277162E+07  -0.577433E+00   0.276398E+07   0.276279E+07   0.271117E+03
   0.270632E-02   0.275675E+07   0.275575E+07   0.252517E+06   0.235666E+06   0.262336E+07   0.275458E+07   0.275660E+07   0.275513E+07  -0.573936E+00   0.274746E+07   0.274630E+07   0.237813E+03
   0.298829E-02   0.273844E+07   0.273728E+07   0.228815E+06   0.209897E+06   0.258068E+07   0.273588E+07   0.273826E+07   0.273637E+07  -0.569990E+00   0.272872E+07   0.272757E+07   0.214796E+03
   0.329963E-02   0.271772E+07   0.271635E+07   0.187909E+06   0.168714E+06   0.253230E+07   0.271470E+07   0.271750E+07   0.271510E+07  -0.565540E+00   0.270756E+07   0.270638E+07   0.199572E+03
   0.364342E-02   0.269435E+07   0.269274E+07   0.138846E+06   0.122350E+06   0.247796E+07   0.269083E+07   0.269410E+07   0.269113E+07  -0.560529E+00   0.268376E+07   0.268254E+07   0.186514E+03
   0.402302E-02   0.266812E+07   0.266621E+07   0.104013E+06   0.912631E+05   0.241756E+07   0.266404E+07   0.266782E+07   0.266426E+07  -0.554910E+00   0.265708E+07   0.265585E+07   0.170862E+03
   0.444218E-02   0.263878E+07   0.263653E+07   0.924119E+05   0.817879E+05   0.235122E+07   0.263409E+07   0.263843E+07   0.263428E+07  -0.548644E+00   0.262727E+07   0.262605E+07   0.152942E+03
   0.490500E-02   0.260611E+07   0.260345E+07   0.853493E+05   0.662345E+05   0.227920E+07   0.260076E+07   0.260570E+07   0.260093E+07  -0.541682E+00   0.259412E+07   0.259291E+07   0.137416E+03
   0.541605E-02   0.256990E+07   0.256673E+07   0.653882E+05   0.535544E+05   0.220197E+07   0.256385E+07   0.256940E+07   0.256398E+07  -0.533978E+00   0.255742E+07   0.255619E+07   0.126656E+03
   0.598034E-02   0.252993E+07   0.252615E+07   0.479863E+05   0.432266E+05   0.212003E+07   0.252315E+07   0.252934E+07   0.252325E+07  -0.525486E+00   0.251697E+07   0.251571E+07   0.117312E+03
   0.660342E-02   0.248601E+07   0.248151E+07   0.447002E+05   0.348236E+05   0.203389E+07   0.247848E+07   0.248530E+07   0.247857E+07  -0.516171E+00   0.247257E+07   0.247130E+07   0.107044E+03
   0.729143E-02   0.243797E+07   0.243260E+07   0.352686E+05   0.279968E+05   0.194393E+07   0.242967E+07   0.243713E+07   0.242974E+07  -0.505997E+00   0.242407E+07   0.242278E+07   0.984392E+02
   0.805111E-02   0.238565E+07   0.237925E+07   0.272526E+05   0.224578E+05   0.185043E+07   0.237657E+07   0.238465E+07   0.237663E+07  -0.494931E+00   0.237131E+07   0.236998E+07   0.915112E+02
   0.888995E-02   0.232890E+07   0.232129E+07   0.234700E+05   0.179707E+05   0.175371E+07   0.231903E+07   0.232771E+07   0.231908E+07  -0.482941E+00   0.231413E+07   0.231277E+07   0.849492E+02
   0.981618E-02   0.226760E+07   0.225855E+07   0.163365E+05   0.143419E+05   0.165425E+07   0.225693E+07   0.226618E+07   0.225696E+07  -0.470002E+00   0.225242E+07   0.225101E+07   0.794340E+02
   0.108389E-01   0.220160E+07   0.219086E+07   0.157194E+05   0.114122E+05   0.155266E+07   0.219013E+07   0.219992E+07   0.219016E+07  -0.456089E+00   0.218603E+07   0.218458E+07   0.745290E+02
   0.119682E-01   0.213080E+07   0.211809E+07   0.105751E+05   0.905190E+04   0.144920E+07   0.211853E+07   0.212881E+07   0.211855E+07  -0.441174E+00   0.211485E+07   0.211334E+07   0.704110E+02
   0.132152E-01   0.205534E+07   0.204037E+07   0.890517E+04   0.715437E+04   0.133795E+07   0.204218E+07   0.205299E+07   0.204220E+07  -0.425271E+00   0.203898E+07   0.203739E+07   0.668084E+02
   0.145920E-01   0.197456E+07   0.195700E+07   0.730495E+04   0.563153E+04   0.122786E+07   0.196056E+07   0.197181E+07   0.196057E+07  -0.408272E+00   0.195783E+07   0.195616E+07   0.636666E+02
   0.161124E-01   0.188867E+07   0.186820E+07   0.620628E+04   0.441303E+04   0.111711E+07   0.187384E+07   0.188546E+07   0.187386E+07  -0.390213E+00   0.187158E+07   0.186982E+07   0.608955E+02
   0.177911E-01   0.179759E+07   0.177390E+07   0.444221E+04   0.344085E+04   0.100844E+07   0.178200E+07   0.179388E+07   0.178201E+07  -0.371086E+00   0.178019E+07   0.177832E+07   0.584018E+02
   0.196447E-01   0.170173E+07   0.167456E+07   0.330003E+04   0.266819E+04   0.902745E+06   0.168545E+07   0.169747E+07   0.168546E+07  -0.350979E+00   0.168407E+07   0.168210E+07   0.560082E+02
   0.216915E-01   0.160143E+07   0.157062E+07   0.289231E+04   0.205653E+04   0.799647E+06   0.158455E+07   0.159661E+07   0.158456E+07  -0.329967E+00   0.158359E+07   0.158151E+07   0.535702E+02
   0.239515E-01   0.149730E+07   0.146284E+07   0.180713E+04   0.157467E+04   0.700232E+06   0.147992E+07   0.149190E+07   0.147993E+07  -0.308178E+00   0.147935E+07   0.147716E+07   0.509688E+02
   0.264470E-01   0.139036E+07   0.135246E+07   0.131428E+04   0.119737E+04   0.606407E+06   0.137265E+07   0.138442E+07   0.137266E+07  -0.285839E+00   0.137243E+07   0.137015E+07   0.480074E+02
   0.292025E-01   0.128215E+07   0.124136E+07   0.103974E+04   0.904156E+03   0.519703E+06   0.126433E+07   0.127576E+07   0.126433E+07  -0.263281E+00   0.126441E+07   0.126208E+07   0.445443E+02
   0.322450E-01   0.117469E+07   0.113190E+07   0.734866E+03   0.678297E+03   0.440111E+06   0.115698E+07   0.116799E+07   0.115698E+07  -0.240927E+00   0.115732E+07   0.115498E+07   0.404809E+02
   0.356046E-01   0.107045E+07   0.102698E+07   0.629658E+03   0.506170E+03   0.369080E+06   0.105313E+07   0.106364E+07   0.105313E+07  -0.219302E+00   0.105368E+07   0.105139E+07   0.357566E+02
   0.393142E-01   0.972190E+06   0.929769E+06   0.477855E+03   0.376542E+03   0.307197E+06   0.955586E+06   0.965542E+06   0.955587E+06  -0.198989E+00   0.956284E+06   0.954136E+06   0.304233E+02
   0.434103E-01   0.882575E+06   0.843168E+06   0.301202E+03   0.280096E+03   0.254417E+06   0.866994E+06   0.876400E+06   0.866994E+06  -0.180540E+00   0.867791E+06   0.865868E+06   0.246643E+02
   0.477513E-01   0.806082E+06   0.771386E+06   0.247338E+03   0.211326E+03   0.211907E+06   0.791742E+06   0.800646E+06   0.791742E+06  -0.164870E+00   0.792595E+06   0.790962E+06   0.190394E+02
   0.520924E-01   0.745706E+06   0.716501E+06   0.192288E+03   0.164276E+03   0.179590E+06   0.732637E+06   0.741129E+06   0.732637E+06  -0.152562E+00   0.733515E+06   0.732187E+06   0.141956E+02
   0.564334E-01   0.696502E+06   0.672769E+06   0.153091E+03   0.130779E+03   0.154297E+06   0.684639E+06   0.692783E+06   0.684640E+06  -0.142567E+00   0.685527E+06   0.684481E+06   0.103163E+02
   0.607744E-01   0.654706E+06   0.635754E+06   0.124136E+03   0.106036E+03   0.133913E+06   0.643905E+06   0.651736E+06   0.643905E+06  -0.134085E+00   0.644795E+06   0.643980E+06   0.746174E+01
   0.651155E-01   0.617577E+06   0.602252E+06   0.102036E+03   0.871519E+02   0.116973E+06   0.607641E+06   0.615175E+06   0.607641E+06  -0.126533E+00   0.608532E+06   0.607879E+06   0.557755E+01
   0.694565E-01   0.582775E+06   0.569720E+06   0.846301E+02   0.722814E+02   0.102512E+06   0.573497E+06   0.580730E+06   0.573498E+06  -0.119423E+00   0.574388E+06   0.573824E+06   0.451913E+01
   0.737975E-01   0.548637E+06   0.536532E+06   0.705547E+02   0.602575E+02   0.898367E+05   0.539831E+06   0.546740E+06   0.539831E+06  -0.112412E+00   0.540721E+06   0.540179E+06   0.408611E+01
   0.781386E-01   0.514631E+06   0.502401E+06   0.589960E+02   0.503844E+02   0.786345E+05   0.506150E+06   0.512714E+06   0.506150E+06  -0.105399E+00   0.507036E+06   0.506466E+06   0.405848E+01
   0.824796E-01   0.481167E+06   0.468114E+06   0.494628E+02   0.422420E+02   0.687467E+05   0.472916E+06   0.479122E+06   0.472916E+06  -0.984782E-01   0.473794E+06   0.473167E+06   0.422785E+01
   0.868206E-01   0.449133E+06   0.434981E+06   0.416253E+02   0.355482E+02   0.601301E+05   0.441066E+06   0.446915E+06   0.441066E+06  -0.918459E-01   0.441931E+06   0.441242E+06   0.442161E+01
   0.911617E-01   0.419383E+06   0.404251E+06   0.352180E+02   0.300761E+02   0.527221E+05   0.411503E+06   0.417012E+06   0.411503E+06  -0.856898E-01   0.412351E+06   0.411611E+06   0.451772E+01
   0.965767E-01   0.386444E+06   0.370697E+06   0.288838E+02   0.246663E+02   0.450425E+05   0.378851E+06   0.383977E+06   0.378851E+06  -0.788905E-01   0.379672E+06   0.378908E+06   0.440487E+01
   0.101992E+00   0.358882E+06   0.343459E+06   0.240364E+02   0.205263E+02   0.389098E+05   0.351663E+06   0.356466E+06   0.351663E+06  -0.732290E-01   0.352452E+06   0.351715E+06   0.402152E+01
   0.107407E+00   0.336862E+06   0.322670E+06   0.203433E+02   0.173719E+02   0.340779E+05   0.330093E+06   0.334638E+06   0.330093E+06  -0.687373E-01   0.330848E+06   0.330184E+06   0.343952E+01
   0.112822E+00   0.319597E+06   0.307253E+06   0.175003E+02   0.149436E+02   0.302531E+05   0.313316E+06   0.317663E+06   0.313316E+06  -0.652438E-01   0.314038E+06   0.313476E+06   0.277678E+01
   0.118237E+00   0.305533E+06   0.295230E+06   0.152437E+02   0.130161E+02   0.271312E+05   0.299733E+06   0.303919E+06   0.299733E+06  -0.624152E-01   0.300425E+06   0.299968E+06   0.215376E+01
   0.123652E+00   0.292979E+06   0.284491E+06   0.133744E+02   0.114195E+02   0.244573E+05   0.287608E+06   0.291649E+06   0.287608E+06  -0.598904E-01   0.288274E+06   0.287905E+06   0.166097E+01
   0.129067E+00   0.280632E+06   0.273429E+06   0.117636E+02   0.100439E+02   0.220606E+05   0.275610E+06   0.279503E+06   0.275610E+06  -0.573919E-01   0.276252E+06   0.275941E+06   0.134227E+01
   0.134482E+00   0.267785E+06   0.261213E+06   0.103399E+02   0.882819E+01   0.198536E+05   0.263021E+06   0.266755E+06   0.263021E+06  -0.547705E-01   0.263642E+06   0.263354E+06   0.119382E+01
   0.139897E+00   0.254315E+06   0.247778E+06   0.907130E+01   0.774498E+01   0.178080E+05   0.249729E+06   0.253290E+06   0.249729E+06  -0.520026E-01   0.250330E+06   0.250035E+06   0.117522E+01
   0.145312E+00   0.240533E+06   0.233632E+06   0.794707E+01   0.678512E+01   0.159289E+05   0.236072E+06   0.239452E+06   0.236072E+06  -0.491586E-01   0.236654E+06   0.236333E+06   0.122718E+01
   0.150727E+00   0.226992E+06   0.219588E+06   0.696490E+01   0.594658E+01   0.142363E+05   0.222632E+06   0.225832E+06   0.222632E+06  -0.463599E-01   0.223194E+06   0.222845E+06   0.129001E+01
   0.156142E+00   0.214335E+06   0.206536E+06   0.612364E+01   0.522833E+01   0.127502E+05   0.210082E+06   0.213113E+06   0.210082E+06  -0.437467E-01   0.210625E+06   0.210255E+06   0.131815E+01
   0.161557E+00   0.203157E+06   0.195243E+06   0.541881E+01   0.462655E+01   0.114806E+05   0.199037E+06   0.201917E+06   0.199037E+06  -0.414466E-01   0.199559E+06   0.199185E+06   0.128786E+01
   0.166972E+00   0.193781E+06   0.186097E+06   0.483798E+01   0.413060E+01   0.104192E+05   0.189822E+06   0.192577E+06   0.189822E+06  -0.395279E-01   0.190325E+06   0.189966E+06   0.119789E+01
   0.172387E+00   0.186112E+06   0.178963E+06   0.435987E+01   0.372234E+01   0.953700E+04   0.182339E+06   0.184992E+06   0.182339E+06  -0.379695E-01   0.182823E+06   0.182493E+06   0.106449E+01
   0.177802E+00   0.179720E+06   0.173292E+06   0.395922E+01   0.338021E+01   0.878894E+04   0.176143E+06   0.178713E+06   0.176143E+06  -0.366794E-01   0.176611E+06   0.176319E+06   0.913226E+00
   0.183217E+00   0.174106E+06   0.168434E+06   0.361400E+01   0.308540E+01   0.813507E+04   0.170721E+06   0.173217E+06   0.170721E+06  -0.355502E-01   0.171172E+06   0.170918E+06   0.770379E+00
   0.188632E+00   0.168813E+06   0.163792E+06   0.330730E+01   0.282351E+01   0.754424E+04   0.165599E+06   0.168026E+06   0.165599E+06  -0.344837E-01   0.166036E+06   0.165814E+06   0.656034E+00
   0.194047E+00   0.163459E+06   0.158891E+06   0.302696E+01   0.258414E+01   0.699295E+04   0.160388E+06   0.162743E+06   0.160388E+06  -0.333985E-01   0.160811E+06   0.160609E+06   0.580191E+00
   0.199462E+00   0.157801E+06   0.153454E+06   0.276571E+01   0.236110E+01   0.646713E+04   0.154841E+06   0.157120E+06   0.154841E+06  -0.322436E-01   0.155253E+06   0.155058E+06   0.542263E+00
   0.204877E+00   0.151825E+06   0.147498E+06   0.252160E+01   0.215270E+01   0.596500E+04   0.148951E+06   0.151147E+06   0.148951E+06  -0.310169E-01   0.149350E+06   0.149154E+06   0.533330E+00
   0.210292E+00   0.145719E+06   0.141285E+06   0.229626E+01   0.196033E+01   0.549270E+04   0.142914E+06   0.145024E+06   0.142914E+06  -0.297599E-01   0.143301E+06   0.143097E+06   0.540001E+00
   0.215707E+00   0.139750E+06   0.135170E+06   0.209206E+01   0.178601E+01   0.505761E+04   0.137006E+06   0.139032E+06   0.137006E+06  -0.285296E-01   0.137382E+06   0.137169E+06   0.548576E+00
   0.221122E+00   0.134153E+06   0.129475E+06   0.191033E+01   0.163087E+01   0.466539E+04   0.131473E+06   0.133420E+06   0.131473E+06  -0.273774E-01   0.131837E+06   0.131619E+06   0.548407E+00
   0.226537E+00   0.129101E+06   0.124426E+06   0.175107E+01   0.149490E+01   0.431833E+04   0.126492E+06   0.128368E+06   0.126492E+06  -0.263402E-01   0.126845E+06   0.126628E+06   0.533833E+00
   0.231952E+00   0.124675E+06   0.120125E+06   0.161287E+01   0.137692E+01   0.401473E+04   0.122148E+06   0.123962E+06   0.122148E+06  -0.254356E-01   0.122490E+06   0.122280E+06   0.504494E+00
   0.237367E+00   0.120850E+06   0.116529E+06   0.149302E+01   0.127459E+01   0.374957E+04   0.118412E+06   0.120173E+06   0.118412E+06  -0.246576E-01   0.118744E+06   0.118546E+06   0.464295E+00
   0.242782E+00   0.117500E+06   0.113472E+06   0.138793E+01   0.118486E+01   0.351565E+04   0.115155E+06   0.116869E+06   0.115155E+06  -0.239794E-01   0.115477E+06   0.115294E+06   0.419516E+00
   0.248197E+00   0.114453E+06   0.110727E+06   0.129395E+01   0.110462E+01   0.330466E+04   0.112197E+06   0.113869E+06   0.112197E+06  -0.233635E-01   0.112511E+06   0.112343E+06   0.376735E+00
   0.253612E+00   0.111529E+06   0.108067E+06   0.120791E+01   0.103116E+01   0.310935E+04   0.109355E+06   0.110987E+06   0.109355E+06  -0.227717E-01   0.109660E+06   0.109505E+06   0.341100E+00
   0.259027E+00   0.108584E+06   0.105317E+06   0.112752E+01   0.962528E+00   0.292464E+04   0.106482E+06   0.108072E+06   0.106482E+06  -0.221734E-01   0.106779E+06   0.106633E+06   0.315326E+00
   0.264443E+00   0.105546E+06   0.102392E+06   0.105155E+01   0.897672E+00   0.274778E+04   0.103504E+06   0.105051E+06   0.103504E+06  -0.215533E-01   0.103794E+06   0.103652E+06   0.299489E+00
   0.269858E+00   0.102422E+06   0.993115E+05   0.979778E+00   0.836402E+00   0.257846E+04   0.100432E+06   0.101935E+06   0.100432E+06  -0.209136E-01   0.100714E+06   0.100573E+06   0.291495E+00
   0.275273E+00   0.992797E+05   0.961657E+05   0.912534E+00   0.778999E+00   0.241801E+04   0.973342E+05   0.987917E+05   0.973342E+05  -0.202685E-01   0.976092E+05   0.974668E+05   0.288004E+00
   0.280688E+00   0.962012E+05   0.930689E+05   0.850250E+00   0.725831E+00   0.226801E+04   0.942972E+05   0.957104E+05   0.942972E+05  -0.196361E-01   0.945652E+05   0.944213E+05   0.285468E+00
   0.286103E+00   0.932659E+05   0.901291E+05   0.793231E+00   0.677157E+00   0.212946E+04   0.914035E+05   0.927744E+05   0.914035E+05  -0.190335E-01   0.916646E+05   0.915202E+05   0.281030E+00
   0.291518E+00   0.905412E+05   0.874332E+05   0.741610E+00   0.633089E+00   0.200318E+04   0.887226E+05   0.900542E+05   0.887226E+05  -0.184752E-01   0.889769E+05   0.888340E+05   0.273070E+00
   0.296933E+00   0.880646E+05   0.850262E+05   0.695222E+00   0.593488E+00   0.188910E+04   0.862925E+05   0.875885E+05   0.862925E+05  -0.179692E-01   0.865404E+05   0.864010E+05   0.261335E+00
   0.302348E+00   0.858282E+05   0.828953E+05   0.653541E+00   0.557904E+00   0.178609E+04   0.841046E+05   0.853686E+05   0.841046E+05  -0.175136E-01   0.843464E+05   0.842124E+05   0.246716E+00
   0.307763E+00   0.837839E+05   0.809787E+05   0.615788E+00   0.525672E+00   0.169224E+04   0.821095E+05   0.833443E+05   0.821095E+05  -0.170981E-01   0.823455E+05   0.822179E+05   0.230794E+00
   0.313178E+00   0.818676E+05   0.791948E+05   0.581152E+00   0.496103E+00   0.160567E+04   0.802413E+05   0.814488E+05   0.802413E+05  -0.167091E-01   0.804717E+05   0.803506E+05   0.215312E+00
   0.318593E+00   0.800209E+05   0.774686E+05   0.548962E+00   0.468621E+00   0.152464E+04   0.784399E+05   0.796210E+05   0.784399E+05  -0.163340E-01   0.786651E+05   0.785497E+05   0.201708E+00
   0.324008E+00   0.781988E+05   0.757434E+05   0.518718E+00   0.442801E+00   0.144790E+04   0.766592E+05   0.778141E+05   0.766592E+05  -0.159632E-01   0.768793E+05   0.767683E+05   0.190813E+00
   0.329423E+00   0.763724E+05   0.739858E+05   0.490090E+00   0.418362E+00   0.137470E+04   0.748699E+05   0.759984E+05   0.748699E+05  -0.155906E-01   0.750852E+05   0.749771E+05   0.182757E+00
   0.334838E+00   0.745343E+05   0.721910E+05   0.462927E+00   0.395174E+00   0.130469E+04   0.730652E+05   0.741671E+05   0.730652E+05  -0.152148E-01   0.732758E+05   0.731693E+05   0.177065E+00
   0.340253E+00   0.727011E+05   0.703832E+05   0.437242E+00   0.373249E+00   0.123798E+04   0.712626E+05   0.723379E+05   0.712626E+05  -0.148394E-01   0.714686E+05   0.713629E+05   0.172883E+00
   0.345668E+00   0.709048E+05   0.686049E+05   0.413136E+00   0.352671E+00   0.117496E+04   0.694953E+05   0.705444E+05   0.694953E+05  -0.144714E-01   0.696967E+05   0.695916E+05   0.169253E+00
   0.351083E+00   0.691774E+05   0.668980E+05   0.390693E+00   0.333513E+00   0.111599E+04   0.677963E+05   0.688202E+05   0.677963E+05  -0.141176E-01   0.679933E+05   0.678891E+05   0.165354E+00
   0.356498E+00   0.675403E+05   0.652911E+05   0.369919E+00   0.315780E+00   0.106109E+04   0.661878E+05   0.671878E+05   0.661878E+05  -0.137827E-01   0.663805E+05   0.662776E+05   0.160669E+00
   0.361913E+00   0.660018E+05   0.637957E+05   0.350745E+00   0.299411E+00   0.101019E+04   0.646785E+05   0.656561E+05   0.646785E+05  -0.134684E-01   0.648671E+05   0.647663E+05   0.155048E+00
   0.367328E+00   0.645605E+05   0.624096E+05   0.333048E+00   0.284304E+00   0.963038E+03   0.632668E+05   0.642235E+05   0.632668E+05  -0.131744E-01   0.634514E+05   0.633533E+05   0.148666E+00
   0.372743E+00   0.632064E+05   0.611185E+05   0.316670E+00   0.270322E+00   0.919209E+03   0.619422E+05   0.628792E+05   0.619422E+05  -0.128986E-01   0.621230E+05   0.620280E+05   0.141920E+00
   0.378158E+00   0.619208E+05   0.598982E+05   0.301425E+00   0.257307E+00   0.878205E+03   0.606855E+05   0.616038E+05   0.606855E+05  -0.126369E-01   0.608626E+05   0.607707E+05   0.135279E+00
   0.383573E+00   0.606808E+05   0.587201E+05   0.287123E+00   0.245098E+00   0.839579E+03   0.594732E+05   0.603736E+05   0.594732E+05  -0.123845E-01   0.596468E+05   0.595579E+05   0.129156E+00
   0.388988E+00   0.594669E+05   0.575604E+05   0.273609E+00   0.233561E+00   0.802913E+03   0.582854E+05   0.591681E+05   0.582854E+05  -0.121371E-01   0.584556E+05   0.583691E+05   0.123817E+00
   0.394403E+00   0.582679E+05   0.564059E+05   0.260783E+00   0.222613E+00   0.767888E+03   0.571109E+05   0.579761E+05   0.571109E+05  -0.118925E-01   0.572778E+05   0.571933E+05   0.119342E+00
   0.399818E+00   0.570814E+05   0.552546E+05   0.248595E+00   0.212209E+00   0.734453E+03   0.559474E+05   0.567952E+05   0.559474E+05  -0.116502E-01   0.561110E+05   0.560280E+05   0.115639E+00
   0.405233E+00   0.559111E+05   0.541123E+05   0.237025E+00   0.202332E+00   0.702568E+03   0.547986E+05   0.556293E+05   0.547986E+05  -0.114110E-01   0.549591E+05   0.548772E+05   0.112493E+00
   0.410648E+00   0.547642E+05   0.529895E+05   0.226069E+00   0.192980E+00   0.672220E+03   0.536723E+05   0.544861E+05   0.536723E+05  -0.111765E-01   0.538298E+05   0.537489E+05   0.109641E+00
   0.416063E+00   0.536500E+05   0.518990E+05   0.215732E+00   0.184155E+00   0.643447E+03   0.525781E+05   0.533756E+05   0.525781E+05  -0.109487E-01   0.527326E+05   0.526528E+05   0.106839E+00
   0.421478E+00   0.525771E+05   0.508519E+05   0.206012E+00   0.175858E+00   0.616321E+03   0.515250E+05   0.523068E+05   0.515250E+05  -0.107294E-01   0.516766E+05   0.515979E+05   0.103918E+00
   0.426893E+00   0.515505E+05   0.498548E+05   0.196893E+00   0.168074E+00   0.590769E+03   0.505182E+05   0.512848E+05   0.505182E+05  -0.105197E-01   0.506669E+05   0.505896E+05   0.100806E+00
   0.432308E+00   0.505704E+05   0.489079E+05   0.188341E+00   0.160773E+00   0.566712E+03   0.495576E+05   0.503099E+05   0.495576E+05  -0.103197E-01   0.497037E+05   0.496279E+05   0.975218E-01
   0.437723E+00   0.496326E+05   0.480059E+05   0.180305E+00   0.153913E+00   0.544047E+03   0.486392E+05   0.493777E+05   0.486392E+05  -0.101284E-01   0.487825E+05   0.487085E+05   0.941553E-01
   0.443138E+00   0.487302E+05   0.471404E+05   0.172730E+00   0.147447E+00   0.522605E+03   0.477558E+05   0.484811E+05   0.477558E+05  -0.994448E-02   0.478966E+05   0.478243E+05   0.908290E-01
   0.448553E+00   0.478565E+05   0.463025E+05   0.165566E+00   0.141331E+00   0.502245E+03   0.469006E+05   0.476130E+05   0.469006E+05  -0.976638E-02   0.470388E+05   0.469682E+05   0.876621E-01
   0.453968E+00   0.470055E+05   0.454848E+05   0.158767E+00   0.135528E+00   0.482864E+03   0.460672E+05   0.467672E+05   0.460672E+05  -0.959285E-02   0.462031E+05   0.461340E+05   0.847412E-01
   0.459383E+00   0.461724E+05   0.446818E+05   0.152299E+00   0.130006E+00   0.464365E+03   0.452511E+05   0.459388E+05   0.452511E+05  -0.942290E-02   0.453846E+05   0.453169E+05   0.821036E-01
   0.464798E+00   0.453541E+05   0.438900E+05   0.146134E+00   0.124743E+00   0.446647E+03   0.444490E+05   0.451246E+05   0.444490E+05  -0.925587E-02   0.445802E+05   0.445137E+05   0.797367E-01
   0.470213E+00   0.445501E+05   0.431095E+05   0.140254E+00   0.119724E+00   0.429708E+03   0.436605E+05   0.443244E+05   0.436605E+05  -0.909169E-02   0.437896E+05   0.437240E+05   0.775902E-01
   0.475629E+00   0.437629E+05   0.423439E+05   0.134654E+00   0.114943E+00   0.413519E+03   0.428883E+05   0.435405E+05   0.428883E+05  -0.893088E-02   0.430151E+05   0.429506E+05   0.755937E-01
   0.481044E+00   0.429957E+05   0.415975E+05   0.129329E+00   0.110398E+00   0.398069E+03   0.421357E+05   0.427766E+05   0.421357E+05  -0.877417E-02   0.422605E+05   0.421968E+05   0.736752E-01
   0.486459E+00   0.422508E+05   0.408734E+05   0.124272E+00   0.106081E+00   0.383353E+03   0.414051E+05   0.420350E+05   0.414051E+05  -0.862203E-02   0.415278E+05   0.414650E+05   0.717777E-01
   0.491874E+00   0.415290E+05   0.401731E+05   0.119472E+00   0.101984E+00   0.369358E+03   0.406973E+05   0.413165E+05   0.406973E+05  -0.847463E-02   0.408179E+05   0.407562E+05   0.698689E-01
   0.497289E+00   0.408304E+05   0.394971E+05   0.114918E+00   0.980962E-01   0.356028E+03   0.400126E+05   0.406215E+05   0.400126E+05  -0.833205E-02   0.401312E+05   0.400705E+05   0.679436E-01
   0.502704E+00   0.401551E+05   0.388449E+05   0.110595E+00   0.944063E-01   0.343338E+03   0.393508E+05   0.399498E+05   0.393508E+05  -0.819425E-02   0.394675E+05   0.394079E+05   0.660187E-01
   0.508119E+00   0.395012E+05   0.382144E+05   0.106488E+00   0.909005E-01   0.331266E+03   0.387102E+05   0.392995E+05   0.387102E+05  -0.806086E-02   0.388251E+05   0.387666E+05   0.641242E-01
   0.513534E+00   0.388658E+05   0.376022E+05   0.102578E+00   0.875625E-01   0.319735E+03   0.380878E+05   0.386678E+05   0.380878E+05  -0.793125E-02   0.382009E+05   0.381434E+05   0.622921E-01
   0.518949E+00   0.382459E+05   0.370046E+05   0.988472E-01   0.843776E-01   0.308696E+03   0.374806E+05   0.380514E+05   0.374806E+05  -0.780481E-02   0.375919E+05   0.375355E+05   0.605486E-01
   0.524364E+00   0.376398E+05   0.364195E+05   0.952821E-01   0.813343E-01   0.298124E+03   0.368868E+05   0.374486E+05   0.368868E+05  -0.768115E-02   0.369964E+05   0.369409E+05   0.589086E-01
   0.529779E+00   0.370467E+05   0.358460E+05   0.918730E-01   0.784242E-01   0.287999E+03   0.363054E+05   0.368585E+05   0.363054E+05  -0.756010E-02   0.364133E+05   0.363587E+05   0.573734E-01
   0.535194E+00   0.364658E+05   0.352835E+05   0.886112E-01   0.756398E-01   0.278270E+03   0.357360E+05   0.362805E+05   0.357360E+05  -0.744153E-02   0.358423E+05   0.357885E+05   0.559323E-01
   0.540609E+00   0.358969E+05   0.347321E+05   0.854893E-01   0.729749E-01   0.268940E+03   0.351783E+05   0.357144E+05   0.351783E+05  -0.732539E-02   0.352830E+05   0.352300E+05   0.545667E-01
   0.546024E+00   0.353404E+05   0.341924E+05   0.825021E-01   0.704250E-01   0.259996E+03   0.346327E+05   0.351605E+05   0.346327E+05  -0.721177E-02   0.347358E+05   0.346835E+05   0.532556E-01
   0.551439E+00   0.347973E+05   0.336657E+05   0.796459E-01   0.679868E-01   0.251419E+03   0.341002E+05   0.346200E+05   0.341002E+05  -0.710089E-02   0.342018E+05   0.341503E+05   0.519808E-01
   0.556854E+00   0.342684E+05   0.331532E+05   0.769167E-01   0.656571E-01   0.243204E+03   0.335817E+05   0.340937E+05   0.335817E+05  -0.699292E-02   0.336818E+05   0.336310E+05   0.507299E-01
   0.562269E+00   0.337534E+05   0.326547E+05   0.743082E-01   0.634304E-01   0.235335E+03   0.330770E+05   0.335813E+05   0.330770E+05  -0.688781E-02   0.331755E+05   0.331255E+05   0.494966E-01
   0.567684E+00   0.332518E+05   0.321695E+05   0.718136E-01   0.613010E-01   0.227803E+03   0.325853E+05   0.330822E+05   0.325853E+05  -0.678543E-02   0.326824E+05   0.326332E+05   0.482820E-01
   0.573099E+00   0.327627E+05   0.316969E+05   0.694267E-01   0.592634E-01   0.220565E+03   0.321061E+05   0.325957E+05   0.321061E+05  -0.668564E-02   0.322018E+05   0.321534E+05   0.470921E-01
   0.578514E+00   0.322858E+05   0.312363E+05   0.671414E-01   0.573127E-01   0.213636E+03   0.316388E+05   0.321214E+05   0.316388E+05  -0.658834E-02   0.317332E+05   0.316855E+05   0.459350E-01
   0.629782E+00   0.282551E+05   0.273366E+05   0.495803E-01   0.423222E-01   0.159809E+03   0.276885E+05   0.281112E+05   0.276885E+05  -0.576573E-02   0.277713E+05   0.277295E+05   0.369301E-01
   0.769218E+00   0.205594E+05   0.198917E+05   0.241816E-01   0.206415E-01   0.799388E+02   0.201466E+05   0.204547E+05   0.201466E+05  -0.419525E-02   0.202072E+05   0.201768E+05   0.219746E-01
   0.939525E+00   0.148858E+05   0.144025E+05   0.117358E-01   0.100177E-01   0.395395E+02   0.145867E+05   0.148101E+05   0.145867E+05  -0.303748E-02   0.146307E+05   0.146087E+05   0.130231E-01
   0.114754E+01   0.107302E+05   0.103819E+05   0.567049E-02   0.484031E-02   0.193737E+02   0.105144E+05   0.106756E+05   0.105144E+05  -0.218948E-02   0.105462E+05   0.105304E+05   0.768646E-02
   0.140161E+01   0.770331E+04   0.745333E+04   0.272877E-02   0.232926E-02   0.941622E+01   0.754837E+04   0.766414E+04   0.754837E+04  -0.157184E-02   0.757123E+04   0.755986E+04   0.451988E-02
   0.171193E+01   0.550978E+04   0.533101E+04   0.130828E-02   0.111674E-02   0.454646E+01   0.539894E+04   0.548177E+04   0.539894E+04  -0.112425E-02   0.541531E+04   0.540716E+04   0.264922E-02
   0.209095E+01   0.392757E+04   0.380014E+04   0.625129E-03   0.533605E-03   0.218329E+01   0.384854E+04   0.390760E+04   0.384854E+04  -0.801404E-03   0.386022E+04   0.385440E+04   0.154856E-02
   0.255389E+01   0.279103E+04   0.270049E+04   0.297776E-03   0.254179E-03   0.104345E+01   0.273487E+04   0.277685E+04   0.273487E+04  -0.569497E-03   0.274317E+04   0.273903E+04   0.903236E-03
   0.311933E+01   0.197778E+04   0.191361E+04   0.141443E-03   0.120735E-03   0.496808E+00   0.193797E+04   0.196772E+04   0.193797E+04  -0.403555E-03   0.194386E+04   0.194091E+04   0.526069E-03
   0.380996E+01   0.139782E+04   0.135246E+04   0.670094E-04   0.571988E-04   0.235736E+00   0.136968E+04   0.139071E+04   0.136968E+04  -0.285217E-03   0.137384E+04   0.137175E+04   0.306211E-03
   0.465350E+01   0.985555E+03   0.953568E+03   0.316698E-04   0.270332E-04   0.111534E+00   0.965715E+03   0.980543E+03   0.965715E+03  -0.201097E-03   0.968651E+03   0.967160E+03   0.178336E-03
   0.568379E+01   0.693336E+03   0.670824E+03   0.149344E-04   0.127480E-04   0.526292E-01   0.679377E+03   0.689809E+03   0.679377E+03  -0.141471E-03   0.681443E+03   0.680381E+03   0.104079E-03
   0.694221E+01   0.486758E+03   0.470943E+03   0.702804E-05   0.599913E-05   0.247802E-01   0.476956E+03   0.484280E+03   0.476956E+03  -0.993194E-04   0.478407E+03   0.477647E+03   0.609968E-04
   0.847923E+01   0.341079E+03   0.329986E+03   0.330105E-05   0.281779E-05   0.116432E-01   0.334209E+03   0.339341E+03   0.334209E+03  -0.695943E-04   0.335227E+03   0.334678E+03   0.360003E-04
   0.103566E+02   0.238576E+03   0.230805E+03   0.154773E-05   0.132117E-05   0.545913E-02   0.233769E+03   0.237359E+03   0.233769E+03  -0.486791E-04   0.234481E+03   0.234082E+03   0.214781E-04
   0.126495E+02   0.166603E+03   0.161163E+03   0.724469E-06   0.618423E-06   0.255638E-02   0.163244E+03   0.165751E+03   0.163244E+03  -0.339933E-04   0.163742E+03   0.163446E+03   0.130151E-04
   0.154502E+02   0.116163E+03   0.112356E+03   0.338583E-06   0.289028E-06   0.119489E-02   0.113819E+03   0.115567E+03   0.113819E+03  -0.237012E-04   0.114167E+03   0.113944E+03   0.805617E-05
   0.188709E+02   0.808772E+02   0.782123E+02   0.158005E-06   0.134883E-06   0.557806E-03   0.792428E+02   0.804596E+02   0.792428E+02  -0.165012E-04   0.794859E+02   0.793122E+02   0.512499E-05
   0.230489E+02   0.562331E+02   0.543654E+02   0.736325E-07   0.628602E-07   0.259934E-03   0.550944E+02   0.559404E+02   0.550944E+02  -0.114726E-04   0.552642E+02   0.551247E+02   0.336973E-05
   0.281520E+02   0.390480E+02   0.377357E+02   0.342677E-07   0.292563E-07   0.120998E-03   0.382550E+02   0.388424E+02   0.382550E+02  -0.796606E-05   0.383737E+02   0.382574E+02   0.229917E-05
   0.343849E+02   0.270815E+02   0.261554E+02   0.159269E-07   0.135990E-07   0.562389E-04   0.265290E+02   0.269364E+02   0.265290E+02  -0.552430E-05   0.266122E+02   0.265115E+02   0.162999E-05
   0.419979E+02   0.187600E+02   0.181019E+02   0.739280E-08   0.631317E-08   0.261054E-04   0.183747E+02   0.186569E+02   0.183747E+02  -0.382627E-05   0.184332E+02   0.183428E+02   0.119856E-05
   0.512963E+02   0.129804E+02   0.125081E+02   0.342690E-08   0.292707E-08   0.121058E-04   0.127112E+02   0.129064E+02   0.127112E+02  -0.264693E-05   0.127525E+02   0.126687E+02   0.910097E-06
   0.626535E+02   0.897103E+01   0.862715E+01   0.158626E-08   0.135533E-08   0.560598E-05   0.878229E+01   0.891714E+01   0.878229E+01  -0.182879E-05   0.881175E+01   0.873192E+01   0.709388E-06
   0.765251E+02   0.619271E+01   0.593743E+01   0.733084E-09   0.626657E-09   0.259309E-05   0.605966E+01   0.615270E+01   0.605966E+01  -0.126184E-05   0.608092E+01   0.600340E+01   0.563994E-06
   0.934680E+02   0.426943E+01   0.407516E+01   0.338161E-09   0.289271E-09   0.119714E-05   0.417488E+01   0.423898E+01   0.417488E+01  -0.869359E-06   0.419048E+01   0.411416E+01   0.454604E-06
   0.114162E+03   0.293933E+01   0.278703E+01   0.155632E-09   0.133270E-09   0.552337E-06   0.287138E+01   0.291547E+01   0.287138E+01  -0.597924E-06   0.288307E+01   0.280731E+01   0.369504E-06
