#          k/h    CDM            baryon         photon         nu             mass_nu        total          no_nu          total_de       Weyl           v_CDM          v_b            v_b-v_c     
   0.105184E-04   0.108737E+07   0.108737E+07   0.144979E+07   0.144979E+07   0.108941E+07   0.108740E+07   0.108737E+07   0.109578E+07  -0.601234E+00   0.108531E+07   0.108531E+07   0.105285E+00
   0.116143E-04   0.108737E+07   0.108737E+07   0.144978E+07   0.144978E+07   0.108941E+07   0.108740E+07   0.108737E+07   0.109578E+07  -0.601233E+00   0.108531E+07   0.108531E+07   0.116254E+00
   0.128244E-04   0.108737E+07   0.108737E+07   0.144977E+07   0.144977E+07   0.108941E+07   0.108740E+07   0.108737E+07   0.109578E+07  -0.601233E+00   0.108531E+07   0.108531E+07   0.128366E+00
   0.141606E-04   0.108737E+07   0.108737E+07   0.144976E+07   0.144976E+07   0.108941E+07   0.108740E+07   0.108737E+07   0.109577E+07  -0.601233E+00   0.108531E+07   0.108531E+07   0.141741E+00
   0.156360E-04   0.108737E+07   0.108737E+07   0.144975E+07   0.144974E+07   0.108941E+07   0.108740E+07   0.108737E+07   0.109577E+07  -0.601233E+00   0.108531E+07   0.108531E+07   0.156508E+00
   0.172651E-04   0.108737E+07   0.108737E+07   0.144973E+07   0.144973E+07   0.108940E+07   0.108740E+07   0.108737E+07   0.109577E+07  -0.601233E+00   0.108531E+07   0.108531E+07   0.172815E+00
   0.190639E-04   0.108737E+07   0.108737E+07   0.144971E+07   0.144970E+07   0.108940E+07   0.108740E+07   0.108737E+07   0.109577E+07  -0.601233E+00   0.108531E+07   0.108531E+07   0.190820E+00
   0.210501E-04   0.108737E+07   0.108737E+07   0.144968E+07   0.144968E+07   0.108940E+07   0.108740E+07   0.108737E+07   0.109577E+07  -0.601232E+00   0.108531E+07   0.108531E+07   0.210701E+00
   0.232433E-04   0.108737E+07   0.108737E+07   0.144965E+07   0.144964E+07   0.108940E+07   0.108740E+07   0.108737E+07   0.109577E+07  -0.601232E+00   0.108531E+07   0.108531E+07   0.232653E+00
   0.256650E-04   0.108736E+07   0.108736E+07   0.144961E+07   0.144961E+07   0.108940E+07   0.108740E+07   0.108736E+07   0.109577E+07  -0.601231E+00   0.108531E+07   0.108531E+07   0.256893E+00
   0.283390E-04   0.108736E+07   0.108736E+07   0.144956E+07   0.144956E+07   0.108940E+07   0.108739E+07   0.108736E+07   0.109577E+07  -0.601231E+00   0.108531E+07   0.108531E+07   0.283657E+00
   0.312916E-04   0.108736E+07   0.108736E+07   0.144951E+07   0.144950E+07   0.108939E+07   0.108739E+07   0.108736E+07   0.109577E+07  -0.601230E+00   0.108531E+07   0.108531E+07   0.313210E+00
   0.345519E-04   0.108736E+07   0.108736E+07   0.144944E+07   0.144943E+07   0.108939E+07   0.108739E+07   0.108736E+07   0.109577E+07  -0.601229E+00   0.108531E+07   0.108531E+07   0.345842E+00
   0.381518E-04   0.108736E+07   0.108736E+07   0.144935E+07   0.144934E+07   0.108938E+07   0.108739E+07   0.108736E+07   0.109577E+07  -0.601228E+00   0.108531E+07   0.108531E+07   0.381874E+00
   0.421268E-04   0.108736E+07   0.108736E+07   0.144925E+07   0.144924E+07   0.108938E+07   0.108739E+07   0.108736E+07   0.109576E+07  -0.601226E+00   0.108530E+07   0.108530E+07   0.421658E+00
   0.465159E-04   0.108736E+07   0.108736E+07   0.144912E+07   0.144911E+07   0.108937E+07   0.108739E+07   0.108736E+07   0.109576E+07  -0.601225E+00   0.108530E+07   0.108530E+07   0.465588E+00
   0.513623E-04   0.108735E+07   0.108735E+07   0.144897E+07   0.144895E+07   0.108936E+07   0.108738E+07   0.108735E+07   0.109576E+07  -0.601223E+00   0.108530E+07   0.108530E+07   0.514093E+00
   0.567137E-04   0.108735E+07   0.108735E+07   0.144878E+07   0.144876E+07   0.108935E+07   0.108738E+07   0.108735E+07   0.109575E+07  -0.601220E+00   0.108530E+07   0.108530E+07   0.567651E+00
   0.626227E-04   0.108735E+07   0.108735E+07   0.144856E+07   0.144852E+07   0.108934E+07   0.108738E+07   0.108735E+07   0.109575E+07  -0.601217E+00   0.108529E+07   0.108529E+07   0.626787E+00
   0.691473E-04   0.108734E+07   0.108734E+07   0.144828E+07   0.144824E+07   0.108932E+07   0.108737E+07   0.108734E+07   0.109574E+07  -0.601213E+00   0.108529E+07   0.108529E+07   0.692082E+00
   0.763516E-04   0.108734E+07   0.108734E+07   0.144794E+07   0.144789E+07   0.108931E+07   0.108737E+07   0.108734E+07   0.109573E+07  -0.601209E+00   0.108528E+07   0.108528E+07   0.764176E+00
   0.843066E-04   0.108733E+07   0.108733E+07   0.144753E+07   0.144747E+07   0.108928E+07   0.108736E+07   0.108733E+07   0.109572E+07  -0.601203E+00   0.108528E+07   0.108528E+07   0.843778E+00
   0.930904E-04   0.108732E+07   0.108732E+07   0.144702E+07   0.144695E+07   0.108925E+07   0.108735E+07   0.108732E+07   0.109571E+07  -0.601197E+00   0.108527E+07   0.108527E+07   0.931668E+00
   0.102789E-03   0.108731E+07   0.108731E+07   0.144641E+07   0.144632E+07   0.108922E+07   0.108734E+07   0.108731E+07   0.109570E+07  -0.601188E+00   0.108526E+07   0.108526E+07   0.102871E+01
   0.113499E-03   0.108730E+07   0.108730E+07   0.144566E+07   0.144556E+07   0.108918E+07   0.108733E+07   0.108730E+07   0.109568E+07  -0.601178E+00   0.108525E+07   0.108524E+07   0.113585E+01
   0.125324E-03   0.108728E+07   0.108728E+07   0.144475E+07   0.144462E+07   0.108913E+07   0.108731E+07   0.108728E+07   0.109566E+07  -0.601166E+00   0.108523E+07   0.108523E+07   0.125413E+01
   0.138382E-03   0.108727E+07   0.108726E+07   0.144365E+07   0.144348E+07   0.108907E+07   0.108729E+07   0.108726E+07   0.109563E+07  -0.601151E+00   0.108521E+07   0.108521E+07   0.138473E+01
   0.152799E-03   0.108724E+07   0.108724E+07   0.144229E+07   0.144210E+07   0.108899E+07   0.108727E+07   0.108724E+07   0.109560E+07  -0.601133E+00   0.108519E+07   0.108519E+07   0.152890E+01
   0.168719E-03   0.108722E+07   0.108721E+07   0.144065E+07   0.144041E+07   0.108890E+07   0.108724E+07   0.108721E+07   0.109556E+07  -0.601111E+00   0.108516E+07   0.108516E+07   0.168806E+01
   0.186298E-03   0.108718E+07   0.108718E+07   0.143864E+07   0.143835E+07   0.108879E+07   0.108721E+07   0.108718E+07   0.109552E+07  -0.601084E+00   0.108513E+07   0.108513E+07   0.186376E+01
   0.205708E-03   0.108714E+07   0.108714E+07   0.143620E+07   0.143585E+07   0.108865E+07   0.108716E+07   0.108714E+07   0.109546E+07  -0.601051E+00   0.108509E+07   0.108509E+07   0.205770E+01
   0.227141E-03   0.108709E+07   0.108709E+07   0.143323E+07   0.143280E+07   0.108849E+07   0.108711E+07   0.108709E+07   0.109539E+07  -0.601011E+00   0.108504E+07   0.108504E+07   0.227177E+01
   0.250806E-03   0.108703E+07   0.108702E+07   0.142962E+07   0.142910E+07   0.108829E+07   0.108705E+07   0.108703E+07   0.109531E+07  -0.600963E+00   0.108498E+07   0.108498E+07   0.250802E+01
   0.276938E-03   0.108696E+07   0.108695E+07   0.142522E+07   0.142459E+07   0.108804E+07   0.108697E+07   0.108696E+07   0.109521E+07  -0.600903E+00   0.108490E+07   0.108490E+07   0.276874E+01
   0.305791E-03   0.108687E+07   0.108686E+07   0.141988E+07   0.141911E+07   0.108774E+07   0.108688E+07   0.108686E+07   0.109508E+07  -0.600831E+00   0.108481E+07   0.108481E+07   0.305642E+01
   0.337651E-03   0.108676E+07   0.108675E+07   0.141339E+07   0.141246E+07   0.108737E+07   0.108676E+07   0.108676E+07   0.109493E+07  -0.600743E+00   0.108470E+07   0.108470E+07   0.337380E+01
   0.372831E-03   0.108662E+07   0.108661E+07   0.140552E+07   0.140439E+07   0.108693E+07   0.108663E+07   0.108662E+07   0.109474E+07  -0.600636E+00   0.108457E+07   0.108456E+07   0.372388E+01
   0.411676E-03   0.108646E+07   0.108644E+07   0.139597E+07   0.139460E+07   0.108639E+07   0.108646E+07   0.108646E+07   0.109452E+07  -0.600506E+00   0.108440E+07   0.108440E+07   0.410995E+01
   0.454568E-03   0.108626E+07   0.108624E+07   0.138441E+07   0.138276E+07   0.108573E+07   0.108625E+07   0.108626E+07   0.109425E+07  -0.600347E+00   0.108420E+07   0.108420E+07   0.453558E+01
   0.501929E-03   0.108602E+07   0.108600E+07   0.137043E+07   0.136845E+07   0.108492E+07   0.108600E+07   0.108602E+07   0.109392E+07  -0.600155E+00   0.108396E+07   0.108396E+07   0.500468E+01
   0.554224E-03   0.108573E+07   0.108570E+07   0.135357E+07   0.135119E+07   0.108395E+07   0.108570E+07   0.108572E+07   0.109351E+07  -0.599921E+00   0.108367E+07   0.108366E+07   0.552147E+01
   0.611968E-03   0.108537E+07   0.108533E+07   0.133326E+07   0.133041E+07   0.108276E+07   0.108533E+07   0.108536E+07   0.109302E+07  -0.599637E+00   0.108331E+07   0.108330E+07   0.609053E+01
   0.675728E-03   0.108494E+07   0.108489E+07   0.130888E+07   0.130548E+07   0.108131E+07   0.108488E+07   0.108493E+07   0.109243E+07  -0.599293E+00   0.108287E+07   0.108287E+07   0.671677E+01
   0.746132E-03   0.108441E+07   0.108436E+07   0.127970E+07   0.127568E+07   0.107956E+07   0.108433E+07   0.108440E+07   0.109172E+07  -0.598877E+00   0.108234E+07   0.108233E+07   0.740545E+01
   0.823870E-03   0.108377E+07   0.108370E+07   0.124494E+07   0.124020E+07   0.107743E+07   0.108366E+07   0.108376E+07   0.109085E+07  -0.598373E+00   0.108170E+07   0.108169E+07   0.816217E+01
   0.909708E-03   0.108300E+07   0.108291E+07   0.120373E+07   0.119818E+07   0.107484E+07   0.108286E+07   0.108298E+07   0.108981E+07  -0.597765E+00   0.108091E+07   0.108090E+07   0.899279E+01
   0.100449E-02   0.108206E+07   0.108196E+07   0.115519E+07   0.114876E+07   0.107171E+07   0.108189E+07   0.108204E+07   0.108855E+07  -0.597033E+00   0.107997E+07   0.107995E+07   0.990345E+01
   0.110915E-02   0.108092E+07   0.108080E+07   0.109844E+07   0.109110E+07   0.106792E+07   0.108071E+07   0.108090E+07   0.108704E+07  -0.596154E+00   0.107882E+07   0.107880E+07   0.109004E+02
   0.122471E-02   0.107955E+07   0.107941E+07   0.103275E+07   0.102447E+07   0.106334E+07   0.107929E+07   0.107953E+07   0.108524E+07  -0.595101E+00   0.107743E+07   0.107741E+07   0.119901E+02
   0.135231E-02   0.107791E+07   0.107772E+07   0.957593E+06   0.948453E+06   0.105776E+07   0.107757E+07   0.107788E+07   0.108309E+07  -0.593844E+00   0.107575E+07   0.107573E+07   0.131787E+02
   0.149320E-02   0.107592E+07   0.107570E+07   0.872874E+06   0.863030E+06   0.105105E+07   0.107551E+07   0.107589E+07   0.108054E+07  -0.592351E+00   0.107374E+07   0.107371E+07   0.144724E+02
   0.164878E-02   0.107355E+07   0.107328E+07   0.779121E+06   0.768862E+06   0.104305E+07   0.107305E+07   0.107351E+07   0.107753E+07  -0.590587E+00   0.107131E+07   0.107129E+07   0.158770E+02
   0.182056E-02   0.107072E+07   0.107039E+07   0.677754E+06   0.667525E+06   0.103353E+07   0.107010E+07   0.107067E+07   0.107400E+07  -0.588514E+00   0.106841E+07   0.106838E+07   0.173976E+02
   0.201024E-02   0.106735E+07   0.106695E+07   0.571333E+06   0.561744E+06   0.102223E+07   0.106660E+07   0.106729E+07   0.106989E+07  -0.586095E+00   0.106496E+07   0.106491E+07   0.190390E+02
   0.221969E-02   0.106336E+07   0.106288E+07   0.463744E+06   0.455545E+06   0.100888E+07   0.106246E+07   0.106329E+07   0.106513E+07  -0.583294E+00   0.106085E+07   0.106080E+07   0.208052E+02
   0.245096E-02   0.105867E+07   0.105808E+07   0.360185E+06   0.354174E+06   0.993201E+06   0.105759E+07   0.105858E+07   0.105966E+07  -0.580077E+00   0.105600E+07   0.105594E+07   0.226998E+02
   0.270632E-02   0.105319E+07   0.105247E+07   0.266797E+06   0.263649E+06   0.974919E+06   0.105189E+07   0.105307E+07   0.105343E+07  -0.576415E+00   0.105031E+07   0.105023E+07   0.247265E+02
   0.298829E-02   0.104681E+07   0.104595E+07   0.189764E+06   0.189775E+06   0.953784E+06   0.104527E+07   0.104668E+07   0.104637E+07  -0.572284E+00   0.104367E+07   0.104358E+07   0.268897E+02
   0.329963E-02   0.103947E+07   0.103841E+07   0.133815E+06   0.136607E+06   0.929596E+06   0.103764E+07   0.103930E+07   0.103842E+07  -0.567661E+00   0.103601E+07   0.103590E+07   0.291950E+02
   0.364342E-02   0.103106E+07   0.102978E+07   0.100320E+06   0.104665E+06   0.902242E+06   0.102891E+07   0.103086E+07   0.102949E+07  -0.562521E+00   0.102722E+07   0.102709E+07   0.316506E+02
   0.402302E-02   0.102150E+07   0.101995E+07   0.856988E+05   0.896705E+05   0.871726E+06   0.101900E+07   0.102126E+07   0.101950E+07  -0.556833E+00   0.101724E+07   0.101708E+07   0.342674E+02
   0.444218E-02   0.101073E+07   0.100885E+07   0.813729E+05   0.830616E+05   0.838203E+06   0.100783E+07   0.101044E+07   0.100830E+07  -0.550549E+00   0.100601E+07   0.100582E+07   0.370580E+02
   0.490500E-02   0.998669E+06   0.996394E+06   0.765871E+05   0.752681E+05   0.801995E+06   0.995337E+06   0.998312E+06   0.995778E+06  -0.543605E+00   0.993471E+06   0.993253E+06   0.400358E+02
   0.541605E-02   0.985232E+06   0.982482E+06   0.640618E+05   0.611033E+05   0.763588E+06   0.981449E+06   0.984801E+06   0.981814E+06  -0.535927E+00   0.979577E+06   0.979317E+06   0.432112E+02
   0.598034E-02   0.970345E+06   0.967024E+06   0.453385E+05   0.435799E+05   0.723595E+06   0.966094E+06   0.969825E+06   0.966353E+06  -0.527452E+00   0.964257E+06   0.963948E+06   0.465898E+02
   0.660342E-02   0.953931E+06   0.949926E+06   0.298580E+05   0.309573E+05   0.682673E+06   0.949202E+06   0.953303E+06   0.949377E+06  -0.518138E+00   0.947433E+06   0.947065E+06   0.501718E+02
   0.729143E-02   0.935918E+06   0.931097E+06   0.248561E+05   0.269268E+05   0.641426E+06   0.930712E+06   0.935163E+06   0.930859E+06  -0.507969E+00   0.929026E+06   0.928589E+06   0.539533E+02
   0.805111E-02   0.916248E+06   0.910456E+06   0.252371E+05   0.224619E+05   0.600304E+06   0.910567E+06   0.915340E+06   0.910707E+06  -0.496924E+00   0.908970E+06   0.908453E+06   0.579273E+02
   0.888995E-02   0.894869E+06   0.887924E+06   0.203345E+05   0.179823E+05   0.559573E+06   0.888716E+06   0.893781E+06   0.888830E+06  -0.484963E+00   0.887233E+06   0.886620E+06   0.620793E+02
   0.981618E-02   0.871731E+06   0.863427E+06   0.124308E+05   0.143580E+05   0.519379E+06   0.865110E+06   0.870430E+06   0.865185E+06  -0.472046E+00   0.863762E+06   0.863039E+06   0.663804E+02
   0.108389E-01   0.846786E+06   0.836889E+06   0.112150E+05   0.114293E+05   0.479866E+06   0.839699E+06   0.845235E+06   0.839764E+06  -0.458150E+00   0.838501E+06   0.837650E+06   0.707848E+02
   0.119682E-01   0.819992E+06   0.808237E+06   0.104583E+05   0.906818E+04   0.441152E+06   0.812437E+06   0.818150E+06   0.812495E+06  -0.443255E+00   0.811400E+06   0.810401E+06   0.752289E+02
   0.132152E-01   0.791431E+06   0.777531E+06   0.610452E+04   0.716964E+04   0.400718E+06   0.783365E+06   0.789253E+06   0.783402E+06  -0.427376E+00   0.782528E+06   0.781361E+06   0.796243E+02
   0.145920E-01   0.760831E+06   0.744482E+06   0.632083E+04   0.564498E+04   0.361524E+06   0.752257E+06   0.758269E+06   0.752292E+06  -0.410389E+00   0.751613E+06   0.750255E+06   0.838475E+02
   0.161124E-01   0.728278E+06   0.709171E+06   0.406035E+04   0.442466E+04   0.322364E+06   0.719178E+06   0.725284E+06   0.719203E+06  -0.392333E+00   0.718735E+06   0.717166E+06   0.877410E+02
   0.177911E-01   0.693735E+06   0.671575E+06   0.380039E+04   0.345058E+04   0.284412E+06   0.684113E+06   0.690263E+06   0.684134E+06  -0.373194E+00   0.683862E+06   0.682064E+06   0.911020E+02
   0.196447E-01   0.657342E+06   0.631882E+06   0.233993E+04   0.267638E+04   0.249339E+06   0.647230E+06   0.653352E+06   0.647244E+06  -0.353066E+00   0.647157E+06   0.645115E+06   0.936826E+02
   0.216915E-01   0.619228E+06   0.590308E+06   0.232509E+04   0.206330E+04   0.216790E+06   0.608666E+06   0.614696E+06   0.608679E+06  -0.332024E+00   0.608762E+06   0.606471E+06   0.951884E+02
   0.239515E-01   0.579613E+06   0.547219E+06   0.160929E+04   0.158015E+04   0.185842E+06   0.568647E+06   0.574537E+06   0.568656E+06  -0.310189E+00   0.568904E+06   0.566372E+06   0.952883E+02
   0.264470E-01   0.538876E+06   0.503207E+06   0.106911E+04   0.120175E+04   0.157153E+06   0.527587E+06   0.533287E+06   0.527594E+06  -0.287788E+00   0.527986E+06   0.525238E+06   0.936345E+02
   0.292025E-01   0.497580E+06   0.459123E+06   0.825788E+03   0.907644E+03   0.131683E+06   0.486101E+06   0.491554E+06   0.486106E+06  -0.265155E+00   0.486610E+06   0.483698E+06   0.899002E+02
   0.322450E-01   0.456463E+06   0.416064E+06   0.670674E+03   0.681070E+03   0.109323E+06   0.444968E+06   0.450133E+06   0.444972E+06  -0.242716E+00   0.445561E+06   0.442562E+06   0.838379E+02
   0.356046E-01   0.416449E+06   0.375352E+06   0.613414E+03   0.508356E+03   0.895249E+05   0.405153E+06   0.410009E+06   0.405156E+06  -0.220997E+00   0.405801E+06   0.402824E+06   0.753627E+02
   0.393142E-01   0.378571E+06   0.338390E+06   0.299079E+03   0.378294E+03   0.728926E+05   0.367738E+06   0.372275E+06   0.367740E+06  -0.200587E+00   0.368402E+06   0.365582E+06   0.646514E+02
   0.434103E-01   0.343833E+06   0.306425E+06   0.325602E+03   0.281518E+03   0.590297E+05   0.333744E+06   0.337971E+06   0.333746E+06  -0.182043E+00   0.334391E+06   0.331875E+06   0.522427E+02
   0.477513E-01   0.313986E+06   0.280963E+06   0.212545E+03   0.212514E+03   0.481591E+05   0.304861E+06   0.308811E+06   0.304863E+06  -0.166288E+00   0.305463E+06   0.303364E+06   0.396039E+02
   0.520924E-01   0.290267E+06   0.262384E+06   0.165320E+03   0.165296E+03   0.400266E+05   0.282172E+06   0.285898E+06   0.282173E+06  -0.153912E+00   0.282717E+06   0.281071E+06   0.284703E+02
   0.564334E-01   0.270844E+06   0.248106E+06   0.131689E+03   0.131669E+03   0.338182E+05   0.263743E+06   0.267281E+06   0.263744E+06  -0.143859E+00   0.264230E+06   0.263009E+06   0.195026E+02
   0.607744E-01   0.254328E+06   0.236101E+06   0.106831E+03   0.106816E+03   0.288797E+05   0.248099E+06   0.251472E+06   0.248100E+06  -0.135326E+00   0.248537E+06   0.247662E+06   0.129751E+02
   0.651155E-01   0.239704E+06   0.224920E+06   0.878452E+02   0.878323E+02   0.248819E+05   0.234167E+06   0.237387E+06   0.234168E+06  -0.127726E+00   0.234570E+06   0.233932E+06   0.882105E+01
   0.694565E-01   0.226090E+06   0.213480E+06   0.728796E+02   0.728689E+02   0.215118E+05   0.221044E+06   0.224114E+06   0.221044E+06  -0.120568E+00   0.221426E+06   0.220908E+06   0.671423E+01
   0.737975E-01   0.212841E+06   0.201170E+06   0.607679E+02   0.607590E+02   0.186357E+05   0.208097E+06   0.211012E+06   0.208098E+06  -0.113506E+00   0.208472E+06   0.207967E+06   0.616396E+01
   0.781386E-01   0.199734E+06   0.187987E+06   0.508148E+02   0.508072E+02   0.161252E+05   0.195139E+06   0.197893E+06   0.195139E+06  -0.106438E+00   0.195516E+06   0.194942E+06   0.661129E+01
   0.824796E-01   0.186895E+06   0.174409E+06   0.426020E+02   0.425957E+02   0.139586E+05   0.182347E+06   0.184938E+06   0.182348E+06  -0.994609E-01   0.182731E+06   0.182043E+06   0.751692E+01
   0.868206E-01   0.174630E+06   0.161138E+06   0.358485E+02   0.358432E+02   0.120880E+05   0.170085E+06   0.172516E+06   0.170085E+06  -0.927723E-01   0.170476E+06   0.169664E+06   0.843043E+01
   0.911617E-01   0.163237E+06   0.148839E+06   0.303276E+02   0.303231E+02   0.105078E+05   0.158700E+06   0.160980E+06   0.158701E+06  -0.865626E-01   0.159095E+06   0.158182E+06   0.903386E+01
   0.965767E-01   0.150581E+06   0.135613E+06   0.248713E+02   0.248677E+02   0.888367E+04   0.146124E+06   0.148236E+06   0.146124E+06  -0.797027E-01   0.146514E+06   0.145539E+06   0.910528E+01
   0.101992E+00   0.139919E+06   0.125253E+06   0.206984E+02   0.206954E+02   0.760074E+04   0.135651E+06   0.137621E+06   0.135651E+06  -0.739902E-01   0.136025E+06   0.135075E+06   0.839561E+01
   0.107407E+00   0.131317E+06   0.117801E+06   0.175215E+02   0.175189E+02   0.659874E+04   0.127342E+06   0.129199E+06   0.127342E+06  -0.694579E-01   0.127690E+06   0.126844E+06   0.710318E+01
   0.112822E+00   0.124496E+06   0.112711E+06   0.150773E+02   0.150751E+02   0.580850E+04   0.120879E+06   0.122649E+06   0.120879E+06  -0.659329E-01   0.121197E+06   0.120503E+06   0.555043E+01
   0.118237E+00   0.118893E+06   0.109024E+06   0.131376E+02   0.131357E+02   0.516947E+04   0.115647E+06   0.117346E+06   0.115647E+06  -0.630789E-01   0.115934E+06   0.115401E+06   0.406814E+01
   0.123652E+00   0.113890E+06   0.105732E+06   0.115301E+02   0.115284E+02   0.462654E+04   0.110976E+06   0.112612E+06   0.110976E+06  -0.605311E-01   0.111237E+06   0.110838E+06   0.290665E+01
   0.129067E+00   0.109012E+06   0.102073E+06   0.101437E+02   0.101422E+02   0.414378E+04   0.106352E+06   0.107925E+06   0.106353E+06  -0.580094E-01   0.106595E+06   0.106281E+06   0.218985E+01
   0.134482E+00   0.103997E+06   0.976661E+05   0.891704E+01   0.891573E+01   0.370598E+04   0.101500E+06   0.103005E+06   0.101501E+06  -0.553629E-01   0.101731E+06   0.101446E+06   0.191244E+01
   0.139897E+00   0.987923E+05   0.925108E+05   0.782293E+01   0.782177E+01   0.330397E+04   0.963760E+05   0.978080E+05   0.963760E+05  -0.525677E-01   0.966021E+05   0.962964E+05   0.196980E+01
   0.145312E+00   0.935018E+05   0.868932E+05   0.685275E+01   0.685174E+01   0.293750E+04   0.911096E+05   0.924662E+05   0.911096E+05  -0.496952E-01   0.913350E+05   0.909795E+05   0.220570E+01
   0.150727E+00   0.883161E+05   0.812465E+05   0.600502E+01   0.600413E+01   0.261175E+04   0.859264E+05   0.872083E+05   0.859264E+05  -0.468681E-01   0.861520E+05   0.857403E+05   0.246206E+01
   0.156142E+00   0.834630E+05   0.760292E+05   0.527906E+01   0.527828E+01   0.232640E+04   0.810863E+05   0.822981E+05   0.810863E+05  -0.442280E-01   0.813102E+05   0.808567E+05   0.261759E+01
   0.161557E+00   0.791571E+05   0.716183E+05   0.467117E+01   0.467048E+01   0.208360E+04   0.768258E+05   0.779758E+05   0.768258E+05  -0.419042E-01   0.770447E+05   0.765771E+05   0.260875E+01
   0.166972E+00   0.755176E+05   0.681950E+05   0.417062E+01   0.417000E+01   0.188242E+04   0.732717E+05   0.743701E+05   0.732717E+05  -0.399656E-01   0.734821E+05   0.730315E+05   0.243213E+01
   0.172387E+00   0.725106E+05   0.656892E+05   0.375890E+01   0.375835E+01   0.171548E+04   0.703851E+05   0.714417E+05   0.703851E+05  -0.383911E-01   0.705842E+05   0.701765E+05   0.213174E+01
   0.177802E+00   0.699805E+05   0.638359E+05   0.341409E+01   0.341358E+01   0.157378E+04   0.679957E+05   0.690176E+05   0.679957E+05  -0.370878E-01   0.681821E+05   0.678316E+05   0.177701E+01
   0.183217E+00   0.677472E+05   0.623140E+05   0.311700E+01   0.311654E+01   0.145096E+04   0.659041E+05   0.668958E+05   0.659041E+05  -0.359470E-01   0.660782E+05   0.657856E+05   0.143928E+01
   0.188632E+00   0.656467E+05   0.608284E+05   0.285296E+01   0.285253E+01   0.133991E+04   0.639287E+05   0.648917E+05   0.639287E+05  -0.348695E-01   0.640922E+05   0.638467E+05   0.117314E+01
   0.194047E+00   0.635396E+05   0.591510E+05   0.261141E+01   0.261102E+01   0.123708E+04   0.619183E+05   0.628519E+05   0.619183E+05  -0.337729E-01   0.620739E+05   0.618573E+05   0.100632E+01
   0.199462E+00   0.613349E+05   0.571604E+05   0.238612E+01   0.238576E+01   0.114004E+04   0.597785E+05   0.606807E+05   0.597785E+05  -0.326058E-01   0.599289E+05   0.597213E+05   0.938164E+00
   0.204877E+00   0.590245E+05   0.548753E+05   0.217545E+01   0.217513E+01   0.104752E+04   0.575057E+05   0.583744E+05   0.575057E+05  -0.313661E-01   0.576531E+05   0.574382E+05   0.945387E+00
   0.210292E+00   0.566756E+05   0.524306E+05   0.198091E+01   0.198061E+01   0.961223E+03   0.551762E+05   0.560104E+05   0.551762E+05  -0.300955E-01   0.553219E+05   0.550903E+05   0.992361E+00
   0.215707E+00   0.543825E+05   0.500058E+05   0.180459E+01   0.180432E+01   0.882214E+03   0.528963E+05   0.536966E+05   0.528963E+05  -0.288520E-01   0.530405E+05   0.527910E+05   0.104247E+01
   0.221122E+00   0.522294E+05   0.477630E+05   0.164772E+01   0.164747E+01   0.810989E+03   0.507610E+05   0.515295E+05   0.507610E+05  -0.276873E-01   0.509031E+05   0.506412E+05   0.106726E+01
   0.226537E+00   0.502778E+05   0.458163E+05   0.151030E+01   0.151007E+01   0.748328E+03   0.488387E+05   0.495786E+05   0.488387E+05  -0.266388E-01   0.489776E+05   0.487133E+05   0.105158E+01
   0.231952E+00   0.485578E+05   0.442143E+05   0.139113E+01   0.139093E+01   0.693615E+03   0.471622E+05   0.478772E+05   0.471622E+05  -0.257243E-01   0.472967E+05   0.470408E+05   0.994449E+00
   0.237367E+00   0.470606E+05   0.429330E+05   0.128784E+01   0.128765E+01   0.645776E+03   0.457203E+05   0.464138E+05   0.457203E+05  -0.249378E-01   0.458494E+05   0.456107E+05   0.906363E+00
   0.242782E+00   0.457419E+05   0.418892E+05   0.119731E+01   0.119713E+01   0.603789E+03   0.444633E+05   0.451382E+05   0.444633E+05  -0.242522E-01   0.445867E+05   0.443701E+05   0.804281E+00
   0.248197E+00   0.445388E+05   0.409712E+05   0.111635E+01   0.111618E+01   0.565947E+03   0.433219E+05   0.439797E+05   0.433219E+05  -0.236296E-01   0.434398E+05   0.432454E+05   0.706016E+00
   0.253612E+00   0.433864E+05   0.400691E+05   0.104221E+01   0.104206E+01   0.530960E+03   0.422251E+05   0.428666E+05   0.422251E+05  -0.230314E-01   0.423381E+05   0.421621E+05   0.625603E+00
   0.259027E+00   0.422320E+05   0.390997E+05   0.972903E+00   0.972759E+00   0.498189E+03   0.411162E+05   0.417412E+05   0.411162E+05  -0.224266E-01   0.412253E+05   0.410613E+05   0.570567E+00
   0.264443E+00   0.410483E+05   0.380254E+05   0.907369E+00   0.907235E+00   0.466799E+03   0.399668E+05   0.405746E+05   0.399668E+05  -0.217996E-01   0.400729E+05   0.399141E+05   0.541302E+00
   0.269858E+00   0.398379E+05   0.368580E+05   0.845426E+00   0.845301E+00   0.436894E+03   0.387810E+05   0.393710E+05   0.387810E+05  -0.211528E-01   0.388848E+05   0.387255E+05   0.532319E+00
   0.275273E+00   0.386242E+05   0.356437E+05   0.787375E+00   0.787259E+00   0.408811E+03   0.375852E+05   0.381572E+05   0.375852E+05  -0.205006E-01   0.376873E+05   0.375240E+05   0.534723E+00
   0.280688E+00   0.374366E+05   0.344410E+05   0.733602E+00   0.733493E+00   0.382441E+03   0.364128E+05   0.369672E+05   0.364128E+05  -0.198611E-01   0.365133E+05   0.363455E+05   0.539051E+00
   0.286103E+00   0.363032E+05   0.333049E+05   0.684381E+00   0.684280E+00   0.358266E+03   0.352958E+05   0.358333E+05   0.352958E+05  -0.192518E-01   0.353945E+05   0.352238E+05   0.537666E+00
   0.291518E+00   0.352482E+05   0.322782E+05   0.639833E+00   0.639739E+00   0.336334E+03   0.342608E+05   0.347828E+05   0.342608E+05  -0.186873E-01   0.343575E+05   0.341873E+05   0.526218E+00
   0.296933E+00   0.342856E+05   0.313817E+05   0.599817E+00   0.599728E+00   0.316389E+03   0.333227E+05   0.338306E+05   0.333227E+05  -0.181757E-01   0.334169E+05   0.332508E+05   0.504010E+00
   0.302348E+00   0.334126E+05   0.306085E+05   0.563874E+00   0.563791E+00   0.298533E+03   0.324781E+05   0.329732E+05   0.324781E+05  -0.177150E-01   0.325695E+05   0.324107E+05   0.473438E+00
   0.307763E+00   0.326119E+05   0.299285E+05   0.531325E+00   0.531246E+00   0.282296E+03   0.317079E+05   0.321914E+05   0.317079E+05  -0.172949E-01   0.317964E+05   0.316466E+05   0.438790E+00
   0.313178E+00   0.318602E+05   0.293021E+05   0.501466E+00   0.501392E+00   0.267246E+03   0.309867E+05   0.314594E+05   0.309867E+05  -0.169015E-01   0.310724E+05   0.309317E+05   0.404797E+00
   0.318593E+00   0.311364E+05   0.286924E+05   0.473711E+00   0.473641E+00   0.253278E+03   0.302913E+05   0.307535E+05   0.302913E+05  -0.165222E-01   0.303744E+05   0.302417E+05   0.375373E+00
   0.324008E+00   0.304241E+05   0.280724E+05   0.447627E+00   0.447560E+00   0.240088E+03   0.296038E+05   0.300556E+05   0.296038E+05  -0.161472E-01   0.296847E+05   0.295578E+05   0.352801E+00
   0.329423E+00   0.297126E+05   0.274269E+05   0.422928E+00   0.422865E+00   0.227448E+03   0.289130E+05   0.293544E+05   0.289130E+05  -0.157704E-01   0.289920E+05   0.288686E+05   0.337487E+00
   0.334838E+00   0.289987E+05   0.267550E+05   0.399486E+00   0.399427E+00   0.215501E+03   0.282163E+05   0.286471E+05   0.282163E+05  -0.153904E-01   0.282936E+05   0.281717E+05   0.328209E+00
   0.340253E+00   0.282883E+05   0.260698E+05   0.377316E+00   0.377260E+00   0.204129E+03   0.275204E+05   0.279407E+05   0.275204E+05  -0.150108E-01   0.275963E+05   0.274744E+05   0.322706E+00
   0.345668E+00   0.275928E+05   0.253924E+05   0.356507E+00   0.356455E+00   0.193342E+03   0.268380E+05   0.272480E+05   0.268380E+05  -0.146386E-01   0.269126E+05   0.267905E+05   0.318414E+00
   0.351083E+00   0.269237E+05   0.247436E+05   0.337136E+00   0.337086E+00   0.183372E+03   0.261820E+05   0.265821E+05   0.261821E+05  -0.142808E-01   0.262553E+05   0.261333E+05   0.313136E+00
   0.356498E+00   0.262887E+05   0.241377E+05   0.319207E+00   0.319160E+00   0.174038E+03   0.255610E+05   0.259516E+05   0.255610E+05  -0.139421E-01   0.256328E+05   0.255120E+05   0.305491E+00
   0.361913E+00   0.256906E+05   0.235808E+05   0.302663E+00   0.302618E+00   0.165393E+03   0.249782E+05   0.253600E+05   0.249782E+05  -0.136242E-01   0.250485E+05   0.249300E+05   0.295082E+00
   0.367328E+00   0.251291E+05   0.230717E+05   0.287396E+00   0.287354E+00   0.157454E+03   0.244332E+05   0.248067E+05   0.244332E+05  -0.133269E-01   0.245018E+05   0.243867E+05   0.282390E+00
   0.372743E+00   0.246005E+05   0.226030E+05   0.273269E+00   0.273229E+00   0.150022E+03   0.239217E+05   0.242875E+05   0.239217E+05  -0.130480E-01   0.239887E+05   0.238777E+05   0.268479E+00
   0.378158E+00   0.240982E+05   0.221627E+05   0.260120E+00   0.260081E+00   0.143108E+03   0.234365E+05   0.237949E+05   0.234365E+05  -0.127833E-01   0.235019E+05   0.233951E+05   0.254623E+00
   0.383573E+00   0.236138E+05   0.217371E+05   0.247783E+00   0.247747E+00   0.136625E+03   0.229685E+05   0.233198E+05   0.229685E+05  -0.125280E-01   0.230323E+05   0.229293E+05   0.241953E+00
   0.388988E+00   0.231402E+05   0.213151E+05   0.236125E+00   0.236090E+00   0.130450E+03   0.225098E+05   0.228542E+05   0.225098E+05  -0.122778E-01   0.225722E+05   0.224725E+05   0.231204E+00
   0.394403E+00   0.226731E+05   0.208906E+05   0.225059E+00   0.225025E+00   0.124583E+03   0.220563E+05   0.223938E+05   0.220563E+05  -0.120305E-01   0.221174E+05   0.220200E+05   0.222609E+00
   0.399818E+00   0.222117E+05   0.204630E+05   0.214541E+00   0.214509E+00   0.119007E+03   0.216070E+05   0.219377E+05   0.216070E+05  -0.117854E-01   0.216670E+05   0.215712E+05   0.215935E+00
   0.405233E+00   0.217571E+05   0.200355E+05   0.204555E+00   0.204525E+00   0.113664E+03   0.211635E+05   0.214874E+05   0.211635E+05  -0.115435E-01   0.212224E+05   0.211277E+05   0.210618E+00
   0.410648E+00   0.213119E+05   0.196137E+05   0.195099E+00   0.195070E+00   0.108608E+03   0.207286E+05   0.210458E+05   0.207286E+05  -0.113063E-01   0.207864E+05   0.206926E+05   0.205959E+00
   0.416063E+00   0.208794E+05   0.192041E+05   0.186177E+00   0.186149E+00   0.103834E+03   0.203061E+05   0.206169E+05   0.203061E+05  -0.110758E-01   0.203629E+05   0.202700E+05   0.201311E+00
   0.421478E+00   0.204627E+05   0.188123E+05   0.177788E+00   0.177762E+00   0.993059E+02   0.198994E+05   0.202041E+05   0.198994E+05  -0.108540E-01   0.199553E+05   0.198635E+05   0.196221E+00
   0.426893E+00   0.200636E+05   0.184413E+05   0.169919E+00   0.169894E+00   0.950863E+02   0.195106E+05   0.198094E+05   0.195106E+05  -0.106419E-01   0.195654E+05   0.194752E+05   0.190497E+00
   0.432308E+00   0.196821E+05   0.180915E+05   0.162539E+00   0.162515E+00   0.910939E+02   0.191397E+05   0.194328E+05   0.191397E+05  -0.104396E-01   0.191935E+05   0.191052E+05   0.184196E+00
   0.437723E+00   0.193167E+05   0.177602E+05   0.155606E+00   0.155583E+00   0.873369E+02   0.187851E+05   0.190728E+05   0.187851E+05  -0.102462E-01   0.188378E+05   0.187516E+05   0.177562E+00
   0.443138E+00   0.189649E+05   0.174435E+05   0.149071E+00   0.149049E+00   0.838107E+02   0.184440E+05   0.187265E+05   0.184440E+05  -0.100601E-01   0.184956E+05   0.184116E+05   0.170930E+00
   0.448553E+00   0.186242E+05   0.171370E+05   0.142889E+00   0.142868E+00   0.804344E+02   0.181137E+05   0.183912E+05   0.181137E+05  -0.988000E-02   0.181644E+05   0.180825E+05   0.164627E+00
   0.453968E+00   0.182925E+05   0.168371E+05   0.137023E+00   0.137003E+00   0.772471E+02   0.177919E+05   0.180645E+05   0.177919E+05  -0.970448E-02   0.178416E+05   0.177616E+05   0.158891E+00
   0.459383E+00   0.179681E+05   0.165414E+05   0.131442E+00   0.131422E+00   0.742052E+02   0.174768E+05   0.177445E+05   0.174768E+05  -0.953258E-02   0.175256E+05   0.174472E+05   0.153828E+00
   0.464798E+00   0.176496E+05   0.162484E+05   0.126121E+00   0.126103E+00   0.712856E+02   0.171670E+05   0.174301E+05   0.171670E+05  -0.936363E-02   0.172150E+05   0.171379E+05   0.149413E+00
   0.470213E+00   0.173370E+05   0.159583E+05   0.121047E+00   0.121029E+00   0.685131E+02   0.168626E+05   0.171210E+05   0.168626E+05  -0.919756E-02   0.169097E+05   0.168338E+05   0.145517E+00
   0.475629E+00   0.170310E+05   0.156731E+05   0.116213E+00   0.116196E+00   0.658680E+02   0.165643E+05   0.168182E+05   0.165643E+05  -0.903491E-02   0.166107E+05   0.165358E+05   0.141953E+00
   0.481044E+00   0.167328E+05   0.153948E+05   0.111617E+00   0.111601E+00   0.633325E+02   0.162737E+05   0.165231E+05   0.162737E+05  -0.887639E-02   0.163194E+05   0.162454E+05   0.138530E+00
   0.486459E+00   0.164432E+05   0.151252E+05   0.107253E+00   0.107237E+00   0.609344E+02   0.159916E+05   0.162367E+05   0.159916E+05  -0.872250E-02   0.160365E+05   0.159636E+05   0.135099E+00
   0.491874E+00   0.161625E+05   0.148651E+05   0.103111E+00   0.103096E+00   0.586564E+02   0.157182E+05   0.159592E+05   0.157182E+05  -0.857340E-02   0.157624E+05   0.156906E+05   0.131575E+00
   0.497289E+00   0.158907E+05   0.146148E+05   0.991807E-01   0.991660E-01   0.564684E+02   0.154538E+05   0.156907E+05   0.154538E+05  -0.842918E-02   0.154973E+05   0.154267E+05   0.127947E+00
   0.502704E+00   0.156277E+05   0.143740E+05   0.954506E-01   0.954364E-01   0.544191E+02   0.151983E+05   0.154313E+05   0.151983E+05  -0.828979E-02   0.152410E+05   0.151717E+05   0.124261E+00
   0.508119E+00   0.153731E+05   0.141418E+05   0.919066E-01   0.918930E-01   0.524515E+02   0.149509E+05   0.151801E+05   0.149509E+05  -0.815486E-02   0.149929E+05   0.149249E+05   0.120600E+00
   0.513534E+00   0.151256E+05   0.139163E+05   0.885323E-01   0.885192E-01   0.505690E+02   0.147105E+05   0.149361E+05   0.147105E+05  -0.802376E-02   0.147518E+05   0.146851E+05   0.117053E+00
   0.518949E+00   0.148842E+05   0.136962E+05   0.853126E-01   0.853000E-01   0.487966E+02   0.144760E+05   0.146980E+05   0.144760E+05  -0.789586E-02   0.145167E+05   0.144512E+05   0.113694E+00
   0.524364E+00   0.146482E+05   0.134803E+05   0.822361E-01   0.822239E-01   0.470727E+02   0.142467E+05   0.144652E+05   0.142467E+05  -0.777078E-02   0.142867E+05   0.142224E+05   0.110565E+00
   0.529779E+00   0.144173E+05   0.132683E+05   0.792940E-01   0.792822E-01   0.454348E+02   0.140222E+05   0.142373E+05   0.140222E+05  -0.764832E-02   0.140616E+05   0.139983E+05   0.107672E+00
   0.535194E+00   0.141913E+05   0.130599E+05   0.764789E-01   0.764676E-01   0.438702E+02   0.138023E+05   0.140140E+05   0.138023E+05  -0.752838E-02   0.138411E+05   0.137787E+05   0.104989E+00
   0.540609E+00   0.139700E+05   0.128553E+05   0.737846E-01   0.737737E-01   0.423528E+02   0.135869E+05   0.137953E+05   0.135869E+05  -0.741090E-02   0.136251E+05   0.135636E+05   0.102468E+00
   0.546024E+00   0.137536E+05   0.126549E+05   0.712064E-01   0.711959E-01   0.409122E+02   0.133762E+05   0.135814E+05   0.133762E+05  -0.729597E-02   0.134138E+05   0.133532E+05   0.100056E+00
   0.551439E+00   0.135423E+05   0.124594E+05   0.687414E-01   0.687312E-01   0.395357E+02   0.131706E+05   0.133726E+05   0.131706E+05  -0.718381E-02   0.132076E+05   0.131479E+05   0.977038E-01
   0.556854E+00   0.133366E+05   0.122694E+05   0.663859E-01   0.663761E-01   0.382060E+02   0.129704E+05   0.131693E+05   0.129704E+05  -0.707460E-02   0.130068E+05   0.129479E+05   0.953793E-01
   0.562269E+00   0.131362E+05   0.120847E+05   0.641347E-01   0.641252E-01   0.369389E+02   0.127754E+05   0.129714E+05   0.127754E+05  -0.696827E-02   0.128114E+05   0.127533E+05   0.930673E-01
   0.567684E+00   0.129409E+05   0.119053E+05   0.619818E-01   0.619727E-01   0.357395E+02   0.125855E+05   0.127786E+05   0.125855E+05  -0.686470E-02   0.126210E+05   0.125638E+05   0.907726E-01
   0.573099E+00   0.127506E+05   0.117306E+05   0.599218E-01   0.599130E-01   0.345646E+02   0.124005E+05   0.125908E+05   0.124005E+05  -0.676376E-02   0.124354E+05   0.123791E+05   0.885121E-01
   0.578514E+00   0.125649E+05   0.115605E+05   0.579496E-01   0.579410E-01   0.334621E+02   0.122200E+05   0.124075E+05   0.122200E+05  -0.666533E-02   0.122544E+05   0.121990E+05   0.863087E-01
   0.629782E+00   0.109963E+05   0.101173E+05   0.427935E-01   0.427872E-01   0.248756E+02   0.106944E+05   0.108586E+05   0.106944E+05  -0.583318E-02   0.107245E+05   0.106760E+05   0.693850E-01
   0.769218E+00   0.800128E+04   0.736231E+04   0.208723E-01   0.208692E-01   0.122782E+02   0.778161E+04   0.790115E+04   0.778161E+04  -0.424443E-02   0.780357E+04   0.776836E+04   0.412557E-01
   0.939525E+00   0.579327E+04   0.533077E+04   0.101300E-01   0.101285E-01   0.601043E+01   0.563420E+04   0.572079E+04   0.563420E+04  -0.307313E-02   0.565011E+04   0.562464E+04   0.244373E-01
   0.114754E+01   0.417598E+04   0.384267E+04   0.489469E-02   0.489396E-02   0.292270E+01   0.406131E+04   0.412375E+04   0.406131E+04  -0.221521E-02   0.407279E+04   0.405444E+04   0.144149E-01
   0.140161E+01   0.299799E+04   0.275875E+04   0.235546E-02   0.235511E-02   0.141245E+01   0.291566E+04   0.296050E+04   0.291566E+04  -0.159032E-02   0.292391E+04   0.291074E+04   0.847007E-02
   0.171193E+01   0.214431E+04   0.197322E+04   0.112931E-02   0.112915E-02   0.679260E+00   0.208542E+04   0.211750E+04   0.208542E+04  -0.113748E-02   0.209132E+04   0.208190E+04   0.495949E-02
   0.209095E+01   0.152854E+04   0.140659E+04   0.539618E-03   0.539538E-03   0.325261E+00   0.148656E+04   0.150943E+04   0.148656E+04  -0.810835E-03   0.149077E+04   0.148406E+04   0.289487E-02
   0.255389E+01   0.108622E+04   0.999568E+03   0.257045E-03   0.257007E-03   0.155130E+00   0.105639E+04   0.107264E+04   0.105639E+04  -0.576201E-03   0.105938E+04   0.105461E+04   0.168504E-02
   0.311933E+01   0.769716E+03   0.708314E+03   0.122096E-03   0.122078E-03   0.737368E-01   0.748577E+03   0.760094E+03   0.748577E+03  -0.408306E-03   0.750697E+03   0.747311E+03   0.978485E-03
   0.380996E+01   0.544006E+03   0.500609E+03   0.578439E-04   0.578353E-04   0.349762E-01   0.529066E+03   0.537206E+03   0.529066E+03  -0.288575E-03   0.530565E+03   0.528168E+03   0.567066E-03
   0.465350E+01   0.383561E+03   0.352960E+03   0.273381E-04   0.273341E-04   0.165270E-01   0.373027E+03   0.378766E+03   0.373027E+03  -0.203465E-03   0.374084E+03   0.372389E+03   0.328145E-03
   0.568379E+01   0.269835E+03   0.248303E+03   0.128918E-04   0.128899E-04   0.780557E-02   0.262423E+03   0.266461E+03   0.262423E+03  -0.143137E-03   0.263167E+03   0.261971E+03   0.189718E-03
   0.694221E+01   0.189439E+03   0.174318E+03   0.606682E-05   0.606592E-05   0.367081E-02   0.184234E+03   0.187069E+03   0.184234E+03  -0.100489E-03   0.184757E+03   0.183912E+03   0.109675E-03
   0.847923E+01   0.132743E+03   0.122142E+03   0.284959E-05   0.284916E-05   0.172171E-02   0.129096E+03   0.131082E+03   0.129096E+03  -0.704143E-04   0.129462E+03   0.128865E+03   0.634644E-04
   0.103566E+02   0.928510E+02   0.854299E+02   0.133607E-05   0.133588E-05   0.806826E-03   0.902988E+02   0.916881E+02   0.902988E+02  -0.492528E-04   0.905556E+02   0.901326E+02   0.368132E-04
   0.126495E+02   0.648404E+02   0.596517E+02   0.625402E-06   0.625310E-06   0.378037E-03   0.630571E+02   0.640274E+02   0.630571E+02  -0.343941E-04   0.632369E+02   0.629359E+02   0.214488E-04
   0.154502E+02   0.452103E+02   0.415856E+02   0.292290E-06   0.292247E-06   0.176765E-03   0.439658E+02   0.446423E+02   0.439658E+02  -0.239808E-04   0.440916E+02   0.438758E+02   0.125868E-04
   0.188709E+02   0.314777E+02   0.289469E+02   0.136406E-06   0.136385E-06   0.823883E-04   0.306101E+02   0.310811E+02   0.306101E+02  -0.166961E-04   0.306981E+02   0.305418E+02   0.746669E-05
   0.230489E+02   0.218867E+02   0.201197E+02   0.635698E-07   0.635604E-07   0.383477E-04   0.212824E+02   0.216098E+02   0.212824E+02  -0.116083E-04   0.213440E+02   0.212290E+02   0.449842E-05
   0.281520E+02   0.151987E+02   0.139640E+02   0.295866E-07   0.295822E-07   0.178438E-04   0.147779E+02   0.150052E+02   0.147779E+02  -0.806048E-05   0.148212E+02   0.147347E+02   0.276775E-05
   0.343849E+02   0.105417E+02   0.967731E+01   0.137526E-07   0.137505E-07   0.834060E-05   0.102485E+02   0.104062E+02   0.102485E+02  -0.558998E-05   0.102790E+02   0.102123E+02   0.174961E-05
   0.419979E+02   0.730314E+01   0.669612E+01   0.638447E-08   0.638353E-08   0.387000E-05   0.709880E+01   0.720802E+01   0.709880E+01  -0.387199E-05   0.712046E+01   0.706721E+01   0.114270E-05
   0.512963E+02   0.505391E+01   0.462538E+01   0.296014E-08   0.295970E-08   0.177981E-05   0.491119E+01   0.498676E+01   0.491119E+01  -0.267878E-05   0.492671E+01   0.488266E+01   0.774136E-06
   0.626535E+02   0.349361E+01   0.318867E+01   0.137065E-08   0.137044E-08   0.833105E-06   0.339361E+01   0.344582E+01   0.339361E+01  -0.185102E-05   0.340488E+01   0.336702E+01   0.544683E-06
   0.765251E+02   0.241240E+01   0.219291E+01   0.633745E-09   0.633652E-09   0.384884E-06   0.234197E+01   0.237801E+01   0.234197E+01  -0.127741E-05   0.235031E+01   0.231658E+01   0.397252E-06
   0.934680E+02   0.166396E+01   0.150344E+01   0.292546E-09   0.292503E-09   0.176538E-06   0.161397E+01   0.163880E+01   0.161397E+01  -0.880329E-06   0.162029E+01   0.158929E+01   0.298892E-06
   0.114162E+03   0.114636E+01   0.102650E+01   0.134781E-09   0.134762E-09   0.815519E-07   0.111049E+01   0.112758E+01   0.111049E+01  -0.605710E-06   0.111542E+01   0.108623E+01   0.230469E-06
