#ID NP Mass x_avg[3] x_rms[3] v_avg[3] v_rms[3]
0 43 1.094393E+16 6.324453E+02 3.679044E+01 9.614860E+02 6.570578E+00 6.854781E+00 3.632823E+00 0.000000E+00 0.000000E+00 0.000000E+00 0.000000E+00 0.000000E+00 0.000000E+00 
1 38 9.671383E+15 6.104601E+01 7.127831E+02 7.770439E+02 2.227252E+00 2.726245E+00 7.861616E+00 0.000000E+00 0.000000E+00 0.000000E+00 0.000000E+00 0.000000E+00 0.000000E+00 
2 38 9.671383E+15 8.268336E+01 9.257222E+02 4.370670E+02 3.193034E+00 2.987143E+00 5.325994E+00 0.000000E+00 0.000000E+00 0.000000E+00 0.000000E+00 0.000000E+00 0.000000E+00 
3 38 9.671383E+15 5.134437E+02 3.948896E+02 1.339844E+00 4.626627E+00 8.104904E-01 6.100510E+00 0.000000E+00 0.000000E+00 0.000000E+00 0.000000E+00 0.000000E+00 0.000000E+00 
4 37 9.416873E+15 4.043594E+02 4.312277E+02 7.037369E+02 2.825589E+00 7.404222E+00 4.492184E+00 0.000000E+00 0.000000E+00 0.000000E+00 0.000000E+00 0.000000E+00 0.000000E+00 
5 37 9.416873E+15 5.051524E+02 1.734502E+02 5.323403E+01 2.291473E+00 3.447590E+00 7.121482E+00 0.000000E+00 0.000000E+00 0.000000E+00 0.000000E+00 0.000000E+00 0.000000E+00 
6 34 8.653342E+15 4.541262E+02 3.963832E+02 9.190106E+02 6.306473E+00 3.497330E+00 3.573319E+00 0.000000E+00 0.000000E+00 0.000000E+00 0.000000E+00 0.000000E+00 0.000000E+00 
7 34 8.653342E+15 9.997435E+02 8.950648E+02 6.844133E+02 3.080997E+00 5.781169E+00 6.191493E+00 0.000000E+00 0.000000E+00 0.000000E+00 0.000000E+00 0.000000E+00 0.000000E+00 
8 34 8.653342E+15 3.678451E+02 1.058196E+02 7.599918E+02 3.399147E+00 2.938890E+00 4.651027E+00 0.000000E+00 0.000000E+00 0.000000E+00 0.000000E+00 0.000000E+00 0.000000E+00 
9 32 8.144322E+15 7.803566E+02 4.228827E+02 2.501293E+02 1.325643E+00 5.727816E+00 4.528942E+00 0.000000E+00 0.000000E+00 0.000000E+00 0.000000E+00 0.000000E+00 0.000000E+00 
10 32 8.144322E+15 7.593836E+01 9.541617E+02 7.091772E+02 4.162409E+00 4.345669E+00 5.037925E+00 0.000000E+00 0.000000E+00 0.000000E+00 0.000000E+00 0.000000E+00 0.000000E+00 
11 31 7.889812E+15 1.012940E+03 2.214444E+02 3.460341E+02 5.094492E+00 4.232000E+00 4.297390E+00 0.000000E+00 0.000000E+00 0.000000E+00 0.000000E+00 0.000000E+00 0.000000E+00 
12 29 7.380792E+15 7.672789E+01 2.650505E+02 8.731614E+02 3.713678E+00 3.261886E+00 6.368706E+00 0.000000E+00 0.000000E+00 0.000000E+00 0.000000E+00 0.000000E+00 0.000000E+00 
13 29 7.380792E+15 3.508912E+02 2.805094E+02 3.949203E+02 3.638110E+00 1.511535E+00 4.241596E+00 0.000000E+00 0.000000E+00 0.000000E+00 0.000000E+00 0.000000E+00 0.000000E+00 
14 29 7.380792E+15 8.334076E+02 4.082610E+02 4.726840E+02 1.190647E+00 2.915597E+00 7.986249E+00 0.000000E+00 0.000000E+00 0.000000E+00 0.000000E+00 0.000000E+00 0.000000E+00 
15 28 7.126282E+15 5.889291E+02 4.230436E+02 9.189484E+02 5.832438E+00 2.182296E+00 1.976769E+00 0.000000E+00 0.000000E+00 0.000000E+00 0.000000E+00 0.000000E+00 0.000000E+00 
16 27 6.871772E+15 2.175148E+02 2.176861E+02 7.013032E+02 3.169477E+00 2.140303E+00 2.680239E+00 0.000000E+00 0.000000E+00 0.000000E+00 0.000000E+00 0.000000E+00 0.000000E+00 
17 26 6.617261E+15 7.932201E+02 8.517826E+01 7.642556E+02 3.777141E+00 3.012119E+00 6.541149E+00 0.000000E+00 0.000000E+00 0.000000E+00 0.000000E+00 0.000000E+00 0.000000E+00 
18 26 6.617261E+15 9.212595E+02 8.487265E+02 5.294839E+02 5.243400E+00 2.067920E+00 2.402042E+00 0.000000E+00 0.000000E+00 0.000000E+00 0.000000E+00 0.000000E+00 0.000000E+00 
19 26 6.617261E+15 6.593594E+02 1.039294E+02 8.393506E+02 1.998675E+00 2.156010E+00 4.052848E+00 0.000000E+00 0.000000E+00 0.000000E+00 0.000000E+00 0.000000E+00 0.000000E+00 
20 26 6.617261E+15 1.889660E+02 8.520024E+02 2.998281E+02 1.781328E+00 4.130256E+00 5.735506E+00 0.000000E+00 0.000000E+00 0.000000E+00 0.000000E+00 0.000000E+00 0.000000E+00 
21 26 6.617261E+15 1.562076E+02 3.979251E+02 5.709976E+02 5.005486E+00 3.501786E+00 2.811508E+00 0.000000E+00 0.000000E+00 0.000000E+00 0.000000E+00 0.000000E+00 0.000000E+00 
22 26 6.617261E+15 3.316771E+02 6.178705E+02 9.826489E+02 2.820636E+00 2.937312E+00 4.753246E+00 0.000000E+00 0.000000E+00 0.000000E+00 0.000000E+00 0.000000E+00 0.000000E+00 
23 25 6.362751E+15 6.330558E+02 4.123971E+02 2.717628E+02 2.573315E+00 3.200282E+00 3.823891E+00 0.000000E+00 0.000000E+00 0.000000E+00 0.000000E+00 0.000000E+00 0.000000E+00 
24 24 6.108241E+15 6.850391E+02 5.273365E+02 4.430703E+01 7.685588E+00 4.053518E+00 2.446636E+00 0.000000E+00 0.000000E+00 0.000000E+00 0.000000E+00 0.000000E+00 0.000000E+00 
25 24 6.108241E+15 6.209021E+02 9.622764E+02 4.883483E+02 1.645099E+00 1.853287E+00 6.609404E+00 0.000000E+00 0.000000E+00 0.000000E+00 0.000000E+00 0.000000E+00 0.000000E+00 
26 24 6.108241E+15 2.017488E+02 7.924046E+01 4.006400E+02 1.471952E+00 3.215352E+00 4.381999E+00 0.000000E+00 0.000000E+00 0.000000E+00 0.000000E+00 0.000000E+00 0.000000E+00 
27 24 6.108241E+15 9.109904E+02 2.019456E+02 1.885672E+02 3.537368E+00 1.676523E+00 4.595929E+00 0.000000E+00 0.000000E+00 0.000000E+00 0.000000E+00 0.000000E+00 0.000000E+00 
28 24 6.108241E+15 6.419214E+02 1.327349E+02 8.554788E+02 3.110754E+00 3.811340E+00 2.380201E+00 0.000000E+00 0.000000E+00 0.000000E+00 0.000000E+00 0.000000E+00 0.000000E+00 
29 24 6.108241E+15 5.645251E+02 6.759794E+02 8.185718E+02 3.935935E+00 3.295649E+00 3.585870E+00 0.000000E+00 0.000000E+00 0.000000E+00 0.000000E+00 0.000000E+00 0.000000E+00 
30 24 6.108241E+15 8.175615E+02 2.393072E+02 8.804557E+02 3.828826E+00 3.724178E+00 3.332384E+00 0.000000E+00 0.000000E+00 0.000000E+00 0.000000E+00 0.000000E+00 0.000000E+00 
31 24 6.108241E+15 6.312731E+02 5.082588E+02 5.391525E+02 3.940774E+00 2.382610E+00 4.858043E+00 0.000000E+00 0.000000E+00 0.000000E+00 0.000000E+00 0.000000E+00 0.000000E+00 
32 23 5.853731E+15 2.853494E+02 4.751217E+02 5.341110E+02 1.395202E+00 9.992564E-01 6.807714E+00 0.000000E+00 0.000000E+00 0.000000E+00 0.000000E+00 0.000000E+00 0.000000E+00 
33 23 5.853731E+15 4.058570E+02 9.128416E+02 5.471821E+02 4.210789E+00 3.188548E+00 2.633318E+00 0.000000E+00 0.000000E+00 0.000000E+00 0.000000E+00 0.000000E+00 0.000000E+00 
34 23 5.853731E+15 1.959758E+02 2.069763E+02 9.773505E+01 2.326252E+00 4.638242E+00 1.602800E+00 0.000000E+00 0.000000E+00 0.000000E+00 0.000000E+00 0.000000E+00 0.000000E+00 
35 23 5.853731E+15 1.008925E+03 8.001470E+02 1.149489E+01 5.150946E+00 3.138542E+00 4.102135E+00 0.000000E+00 0.000000E+00 0.000000E+00 0.000000E+00 0.000000E+00 0.000000E+00 
36 22 5.599221E+15 4.632529E+02 2.051918E+02 4.859098E+01 4.015047E+00 3.470195E+00 3.992923E+00 0.000000E+00 0.000000E+00 0.000000E+00 0.000000E+00 0.000000E+00 0.000000E+00 
37 22 5.599221E+15 8.637073E+02 9.605266E+02 5.316603E+02 6.090544E+00 2.338503E+00 4.177864E+00 0.000000E+00 0.000000E+00 0.000000E+00 0.000000E+00 0.000000E+00 0.000000E+00 
38 22 5.599221E+15 9.186575E+02 1.454967E+02 1.073863E+02 2.730403E+00 6.492630E+00 2.728755E+00 0.000000E+00 0.000000E+00 0.000000E+00 0.000000E+00 0.000000E+00 0.000000E+00 
39 22 5.599221E+15 9.659360E+02 9.097964E+01 4.971457E+02 5.843757E+00 1.983380E+00 3.667143E+00 0.000000E+00 0.000000E+00 0.000000E+00 0.000000E+00 0.000000E+00 0.000000E+00 
40 22 5.599221E+15 6.110053E+02 1.080258E+01 9.653553E+02 5.221229E+00 4.998289E+00 2.914181E+00 0.000000E+00 0.000000E+00 0.000000E+00 0.000000E+00 0.000000E+00 0.000000E+00 
41 21 5.344711E+15 5.208271E+02 4.381122E+02 9.367028E+02 2.203751E+00 1.837982E+00 3.914612E+00 0.000000E+00 0.000000E+00 0.000000E+00 0.000000E+00 0.000000E+00 0.000000E+00 
42 21 5.344711E+15 2.747013E+02 6.555975E+02 5.173331E+02 1.629640E+00 6.638898E+00 4.404735E+00 0.000000E+00 0.000000E+00 0.000000E+00 0.000000E+00 0.000000E+00 0.000000E+00 
43 21 5.344711E+15 2.995529E+02 6.770765E+02 3.486534E+02 3.375465E+00 4.079876E+00 4.360952E+00 0.000000E+00 0.000000E+00 0.000000E+00 0.000000E+00 0.000000E+00 0.000000E+00 
44 21 5.344711E+15 9.640068E+02 5.349329E+01 4.784696E+02 1.219204E+00 4.025558E+00 3.369799E+00 0.000000E+00 0.000000E+00 0.000000E+00 0.000000E+00 0.000000E+00 0.000000E+00 
45 21 5.344711E+15 4.993568E+02 1.325555E+02 1.835820E+02 2.800969E+00 3.562238E+00 3.087940E+00 0.000000E+00 0.000000E+00 0.000000E+00 0.000000E+00 0.000000E+00 0.000000E+00 
46 21 5.344711E+15 9.702745E+02 8.845227E+02 6.901248E+02 3.265612E+00 2.274508E+00 3.006927E+00 0.000000E+00 0.000000E+00 0.000000E+00 0.000000E+00 0.000000E+00 0.000000E+00 
47 21 5.344711E+15 9.732589E+02 3.598228E+02 7.231208E+02 2.748152E+00 1.817209E+00 3.323080E+00 0.000000E+00 0.000000E+00 0.000000E+00 0.000000E+00 0.000000E+00 0.000000E+00 
48 21 5.344711E+15 1.065538E+02 9.259511E+02 5.170180E+02 3.625449E+00 3.368061E+00 4.269636E+00 0.000000E+00 0.000000E+00 0.000000E+00 0.000000E+00 0.000000E+00 0.000000E+00 
49 21 5.344711E+15 3.795821E+02 3.762581E+02 7.363086E+02 7.495214E+00 1.421620E+00 4.553562E+00 0.000000E+00 0.000000E+00 0.000000E+00 0.000000E+00 0.000000E+00 0.000000E+00 
50 21 5.344711E+15 1.900886E+02 3.723583E+02 1.625423E+02 1.999665E+00 2.465716E+00 4.500712E+00 0.000000E+00 0.000000E+00 0.000000E+00 0.000000E+00 0.000000E+00 0.000000E+00 
51 20 5.090201E+15 6.831573E+02 9.844641E+02 9.174057E+01 4.034345E+00 1.414948E+00 3.061878E+00 0.000000E+00 0.000000E+00 0.000000E+00 0.000000E+00 0.000000E+00 0.000000E+00 
52 20 5.090201E+15 3.931054E+02 4.310570E+02 6.098458E+02 4.102486E+00 3.353621E+00 6.202628E+00 0.000000E+00 0.000000E+00 0.000000E+00 0.000000E+00 0.000000E+00 0.000000E+00 
53 20 5.090201E+15 8.788607E+02 3.977182E+02 1.791882E+02 3.365072E+00 2.803540E+00 2.363235E+00 0.000000E+00 0.000000E+00 0.000000E+00 0.000000E+00 0.000000E+00 0.000000E+00 
54 20 5.090201E+15 6.950945E+02 2.764548E+02 9.848438E+02 3.433660E+00 2.937161E+00 6.704785E+00 0.000000E+00 0.000000E+00 0.000000E+00 0.000000E+00 0.000000E+00 0.000000E+00 
55 20 5.090201E+15 2.300864E+02 6.266844E+02 7.176970E+02 1.378072E+00 2.853269E+00 4.993034E+00 0.000000E+00 0.000000E+00 0.000000E+00 0.000000E+00 0.000000E+00 0.000000E+00 
56 20 5.090201E+15 1.666924E+02 1.010747E+03 1.464814E+02 4.218123E+00 2.455543E+00 4.460700E+00 0.000000E+00 0.000000E+00 0.000000E+00 0.000000E+00 0.000000E+00 0.000000E+00 
57 20 5.090201E+15 9.106277E+01 1.919440E+02 8.513950E+02 3.834668E+00 2.903343E+00 3.336308E+00 0.000000E+00 0.000000E+00 0.000000E+00 0.000000E+00 0.000000E+00 0.000000E+00 
58 20 5.090201E+15 5.622357E+02 9.931920E+01 4.934556E+02 9.196312E-01 4.956149E+00 3.120195E+00 0.000000E+00 0.000000E+00 0.000000E+00 0.000000E+00 0.000000E+00 0.000000E+00 
59 20 5.090201E+15 3.181652E+02 9.216780E+02 7.602810E+02 3.256368E+00 3.372885E+00 4.495881E+00 0.000000E+00 0.000000E+00 0.000000E+00 0.000000E+00 0.000000E+00 0.000000E+00 
60 20 5.090201E+15 5.742397E+02 5.913171E+01 5.186900E+02 1.970557E+00 4.664506E+00 1.740070E+00 0.000000E+00 0.000000E+00 0.000000E+00 0.000000E+00 0.000000E+00 0.000000E+00 
61 20 5.090201E+15 2.206618E+01 1.786903E+02 6.742038E+02 1.844610E+00 2.864584E+00 3.963826E+00 0.000000E+00 0.000000E+00 0.000000E+00 0.000000E+00 0.000000E+00 0.000000E+00 
62 20 5.090201E+15 1.815220E+02 9.635189E+02 1.930897E+02 2.339025E+00 1.595446E+00 5.005711E+00 0.000000E+00 0.000000E+00 0.000000E+00 0.000000E+00 0.000000E+00 0.000000E+00 
