#  a  GeffG(a,k)  D1(a,k)  D1mnu(a,k) ( D1_transfer(a,k) D1mnu_transfer(a,k) )  D2(a,k)  D3a(a,k)  D3b(a,k)  (source terms)  (Output for k = 0.001 h/Mpc)
          0.002                1       0.0442221               0        0.405641             nan    -0.000838113    -2.88269e-05     2.05906e-05               1               1               1               1 
     0.00207064                1       0.0457807               0        0.405641             nan    -0.000898104    -3.19702e-05     2.28359e-05               1               1               1               1 
     0.00214378                1       0.0473878               0        0.405641             nan    -0.000961902    -3.54186e-05      2.5299e-05               1               1               1               1 
      0.0022195                1       0.0490453               0        0.405641             nan     -0.00102979    -3.92067e-05     2.80047e-05               1               1               1               1 
      0.0022979                1       0.0507553               0        0.405641             nan      -0.0011021    -4.33738e-05     3.09811e-05               1               1               1               1 
     0.00237907                1         0.05252               0        0.405641             nan     -0.00117916    -4.79626e-05     3.42585e-05               1               1               1               1 
      0.0024631                1       0.0543414               0        0.405641             nan     -0.00126132    -5.30211e-05     3.78711e-05               1               1               1               1 
      0.0025501                1        0.056222               0        0.405641             nan     -0.00134898    -5.86017e-05     4.18564e-05               1               1               1               1 
     0.00264018                1        0.058164               0        0.405641             nan     -0.00144255    -6.47628e-05     4.62558e-05               1               1               1               1 
     0.00273343                1       0.0601697               0        0.405641             nan     -0.00154246    -7.15691e-05     5.11154e-05               1               1               1               1 
     0.00282998                1       0.0622418               0        0.405641             nan     -0.00164918    -7.90921e-05     5.64859e-05               1               1               1               1 
     0.00292994                1       0.0643827               0        0.405641             nan     -0.00176322    -8.74109e-05     6.24239e-05               1               1               1               1 
     0.00303343                1        0.066595               0        0.405641             nan     -0.00188511    -9.66132e-05     6.89915e-05               1               1               1               1 
     0.00314058                1       0.0688816               0        0.405641             nan     -0.00201542    -0.000106796      7.6258e-05               1               1               1               1 
     0.00325151                1       0.0712451               0        0.405641             nan     -0.00215478    -0.000118067     8.42998e-05               1               1               1               1 
     0.00336636                1       0.0736885               0        0.405641             nan     -0.00230384    -0.000130546     9.32018e-05               1               1               1               1 
     0.00348527                1       0.0762148               0        0.405641             nan      -0.0024633    -0.000144364     0.000103058               1               1               1               1 
     0.00360837                1        0.078827               0        0.405641             nan     -0.00263391    -0.000159667     0.000113972               1               1               1               1 
     0.00373583                1       0.0815284               0        0.405641             nan     -0.00281649    -0.000176619     0.000126059               1               1               1               1 
     0.00386778                1       0.0843222               0        0.405641             nan      -0.0030119    -0.000195397     0.000139447               1               1               1               1 
      0.0040044                1       0.0872119               0        0.405641             nan     -0.00322106    -0.000216202     0.000154277               1               1               1               1 
     0.00414584                1        0.090201               0        0.405641             nan     -0.00344496    -0.000239253     0.000170707               1               1               1               1 
     0.00429228                1        0.093293               0        0.405641             nan     -0.00368467    -0.000264795      0.00018891               1               1               1               1 
     0.00444389                1       0.0964919               0        0.405641             nan     -0.00394131    -0.000293099     0.000209079               1               1               1               1 
     0.00460086                1       0.0998014               0        0.405641             nan     -0.00421611    -0.000324465     0.000231427               1               1               1               1 
     0.00476337                1        0.103226               0        0.405641             nan     -0.00451037    -0.000359224     0.000256191               1               1               1               1 
     0.00493162                1        0.106769               0        0.405641             nan     -0.00482548    -0.000397747     0.000283633               1               1               1               1 
     0.00510582                1        0.110435               0        0.405641             nan     -0.00516294    -0.000440441     0.000314045               1               1               1               1 
     0.00528616                1        0.114228               0        0.405641             nan     -0.00552436    -0.000487759     0.000347747               1               1               1               1 
     0.00547288                1        0.118154               0        0.405641             nan     -0.00591144    -0.000540203     0.000385099               1               1               1               1 
     0.00566619                1        0.122217               0        0.405641             nan     -0.00632603     -0.00059833     0.000426496               1               1               1               1 
     0.00586633                1        0.126422               0        0.405641             nan     -0.00677009    -0.000662756     0.000472377               1               1               1               1 
     0.00607354                1        0.130773               0        0.405641             nan     -0.00724574    -0.000734165     0.000523229               1               1               1               1 
     0.00628807                1        0.135277               0        0.405641             nan     -0.00775523    -0.000813316     0.000579592               1               1               1               1 
     0.00651018                1        0.139939               0        0.405641             nan       -0.008301    -0.000901048     0.000642066               1               1               1               1 
     0.00674013                1        0.144763               0        0.405641             nan     -0.00888563    -0.000998293     0.000711313               1               1               1               1 
      0.0069782                1        0.149757               0        0.405641             nan      -0.0095119     -0.00110609      0.00078807               1               1               1               1 
     0.00722469                1        0.154926               0        0.405641             nan      -0.0101828     -0.00122557     0.000873153               1               1               1               1 
     0.00747987                1        0.160277               0        0.405641             nan      -0.0109015     -0.00135801     0.000967468               1               1               1               1 
     0.00774408                1        0.165815               0        0.405641             nan      -0.0116715     -0.00150483      0.00107202               1               1               1               1 
     0.00801761                1        0.171548               0        0.405641             nan      -0.0124964     -0.00166758      0.00118791               1               1               1               1 
     0.00830081                1        0.177483               0        0.405641             nan      -0.0133801     -0.00184798      0.00131639               1               1               1               1 
     0.00859401                1        0.183626               0        0.405641             nan      -0.0143268     -0.00204797      0.00145882               1               1               1               1 
     0.00889757                1        0.189985               0        0.405641             nan      -0.0153411     -0.00226967      0.00161672               1               1               1               1 
     0.00921184                1        0.196568               0        0.405641             nan      -0.0164279     -0.00251545      0.00179176               1               1               1               1 
     0.00953722                1        0.203383               0        0.405641             nan      -0.0175921     -0.00278791      0.00198583               1               1               1               1 
      0.0098741                1        0.210437               0        0.405641             nan      -0.0188396     -0.00308996      0.00220099               1               1               1               1 
      0.0102229                1         0.21774               0        0.405641             nan      -0.0201761     -0.00342483      0.00243953               1               1               1               1 
       0.010584                1          0.2253               0        0.405641             nan       -0.021608     -0.00379607        0.002704               1               1               1               1 
      0.0109578                1        0.233127               0        0.405641             nan      -0.0231423     -0.00420766      0.00299723               1               1               1               1 
      0.0113449                1         0.24123               0        0.405641             nan      -0.0247861     -0.00466398      0.00332235               1               1               1               1 
      0.0117456                1        0.249618               0        0.405641             nan      -0.0265475      -0.0051699      0.00368283               1               1               1               1 
      0.0121604                1        0.258301               0        0.405641             nan      -0.0284347     -0.00573083      0.00408253               1               1               1               1 
        0.01259                1        0.267291               0        0.405641             nan      -0.0304568     -0.00635276      0.00452572               1               1               1               1 
      0.0130347                1        0.276598               0        0.405641             nan      -0.0326234     -0.00704232      0.00501715               1               1               1               1 
      0.0134951                1        0.286233               0        0.405641             nan       -0.034945      -0.0078069      0.00556208               1               1               1               1 
      0.0139718                1        0.296208               0        0.405641             nan      -0.0374326     -0.00865466      0.00616633               1               1               1               1 
      0.0144653                1        0.306535               0        0.405641             nan       -0.040098     -0.00959467      0.00683638               1               1               1               1 
      0.0149762                1        0.317226               0        0.405641             nan      -0.0429542       -0.010637      0.00757942               1               1               1               1 
      0.0155052                1        0.328295               0        0.405641             nan      -0.0460146      -0.0117928       0.0084034               1               1               1               1 
      0.0160529                1        0.339754               0        0.405641             nan       -0.049294      -0.0130744      0.00931715               1               1               1               1 
      0.0166199                1        0.351617               0        0.405641             nan       -0.052808      -0.0144956       0.0103305               1               1               1               1 
      0.0172069                1        0.363899               0        0.405641             nan      -0.0565734      -0.0160716       0.0114543               1               1               1               1 
      0.0178147                1        0.376615               0        0.405641             nan      -0.0606084      -0.0178193       0.0127005               1               1               1               1 
       0.018444                1        0.389779               0        0.405641             nan      -0.0649321      -0.0197574       0.0140827               1               1               1               1 
      0.0190954                1        0.403408               0        0.405641             nan      -0.0695653      -0.0219067       0.0156156               1               1               1               1 
      0.0197699                1        0.417519               0        0.409205             nan      -0.0745302      -0.0242902       0.0173156               1               1               1               1 
      0.0204682                1        0.432127               0        0.424114             nan      -0.0798506      -0.0269336       0.0192011               1               1               1               1 
      0.0211912                1        0.447251               0        0.439267             nan      -0.0855519      -0.0298652       0.0212924               1               1               1               1 
      0.0219397                1        0.462909               0        0.455088             nan      -0.0916615      -0.0331165       0.0236118               1               1               1               1 
      0.0227147                1         0.47912               0        0.471579             nan      -0.0982087      -0.0367224       0.0261843               1               1               1               1 
       0.023517                1        0.495903               0         0.48864             nan       -0.105225      -0.0407217       0.0290376               1               1               1               1 
      0.0243477                1        0.513278               0        0.506268             nan       -0.112743      -0.0451572       0.0322024               1               1               1               1 
      0.0252077                1        0.531268               0        0.524514             nan       -0.120801      -0.0500767       0.0357127               1               1               1               1 
       0.026098                1        0.549892               0        0.543412             nan       -0.129435      -0.0555332       0.0396063               1               1               1               1 
      0.0270199                1        0.569174               0        0.562983             nan       -0.138688      -0.0615852       0.0439251               1               1               1               1 
      0.0279743                1        0.589137               0        0.583238             nan       -0.148604      -0.0682979       0.0487156               1               1               1               1 
      0.0289624                1        0.609804               0         0.60421             nan       -0.159231      -0.0757434       0.0540294               1               1               1               1 
      0.0299854                1        0.631202               0        0.625921             nan       -0.170619       -0.084002       0.0599238               1               1               1               1 
      0.0310445                1        0.653355               0        0.648398             nan       -0.182823      -0.0931625       0.0664621               1               1               1               1 
      0.0321411                1         0.67629               0        0.671669             nan       -0.195903       -0.103324        0.073715               1               1               1               1 
      0.0332763                1        0.700035               0        0.695758             nan       -0.209919       -0.114595       0.0817605               1               1               1               1 
      0.0344517                1        0.724619               0        0.720699             nan        -0.22494       -0.127097       0.0906853               1               1               1               1 
      0.0356686                1        0.750071               0        0.746517             nan       -0.241039       -0.140966        0.100586               1               1               1               1 
      0.0369285                1        0.776421               0        0.773249             nan       -0.258291        -0.15635        0.111568               1               1               1               1 
      0.0382329                1        0.803702               0         0.80092             nan        -0.27678       -0.173415        0.123752               1               1               1               1 
      0.0395833                1        0.831946               0        0.829568             nan       -0.296595       -0.192345        0.137268               1               1               1               1 
      0.0409815                1        0.861187               0        0.859228             nan       -0.317831       -0.213345        0.152261               1               1               1               1 
       0.042429                1        0.891461               0        0.889932             nan       -0.340589       -0.236641        0.168894               1               1               1               1 
      0.0439277                1        0.922803               0        0.921721             nan        -0.36498       -0.262484        0.187347               1               1               1               1 
      0.0454793                1        0.955252               0        0.954625             nan       -0.391119       -0.291152        0.207818               1               1               1               1 
      0.0470857                1        0.988847               0        0.988691             nan       -0.419133       -0.322956        0.230528               1               1               1               1 
      0.0487489                1         1.02363               0         1.02395             nan       -0.449156       -0.358237        0.255722               1               1               1               1 
      0.0504708                1         1.05964               0         1.06046             nan       -0.481332       -0.397377        0.283672               1               1               1               1 
      0.0522535                1         1.09692               0         1.09826             nan       -0.515816       -0.440799         0.31468               1               1               1               1 
      0.0540992                1         1.13551               0         1.13738             nan       -0.552773       -0.488969        0.349081               1               1               1               1 
      0.0560101                1         1.17547               0         1.17789             nan       -0.592381       -0.542409        0.387246               1               1               1               1 
      0.0579885                1         1.21684               0         1.21983             nan       -0.634829       -0.601695        0.429587               1               1               1               1 
      0.0600367                1         1.25966               0         1.26324             nan       -0.680322       -0.667467        0.476561               1               1               1               1 
      0.0621573                1           1.304               0         1.30818             nan       -0.729077       -0.740435        0.528675               1               1               1               1 
      0.0643528                1          1.3499               0          1.3547             nan       -0.781329       -0.821385        0.586492               1               1               1               1 
      0.0666259                1         1.39743               0         1.40286             nan       -0.837328       -0.911193        0.650635               1               1               1               1 
      0.0689792                1         1.44662               0         1.45271             nan       -0.897343        -1.01083        0.721798               1               1               1               1 
      0.0714157                1         1.49756               0         1.50432             nan       -0.961662        -1.12136        0.800747               1               1               1               1 
      0.0739383                1         1.55029               0         1.55775             nan        -1.03059        -1.24399        0.888336               1               1               1               1 
      0.0765499                1         1.60487               0         1.61306             nan        -1.10446        -1.38003        0.985508               1               1               1               1 
      0.0792538                1         1.66139               0          1.6703             nan        -1.18363        -1.53095         1.09331               1               1               1               1 
      0.0820532                1         1.71989               0         1.72957             nan        -1.26848        -1.69839         1.21291               1               1               1               1 
      0.0849514                1         1.78045               0         1.79092             nan         -1.3594        -1.88414          1.3456               1               1               1               1 
      0.0879521                1         1.84315               0         1.85443             nan        -1.45684        -2.09021         1.49279               1               1               1               1 
      0.0910587                1         1.90806               0         1.92017             nan        -1.56127        -2.31882         1.65609               1               1               1               1 
      0.0942751                1         1.97524               0         1.98821             nan        -1.67317        -2.57242         1.83725               1               1               1               1 
       0.097605                1          2.0448               0         2.05865             nan        -1.79309        -2.85376         2.03822               1               1               1               1 
       0.101053                1          2.1168               0         2.13156             nan         -1.9216        -3.16585         2.26116               1               1               1               1 
       0.104622                1         2.19132               0         2.20703             nan         -2.0593        -3.51205         2.50847               1               1               1               1 
       0.108317                1         2.26847               0         2.28514             nan        -2.20686        -3.89608         2.78281               1               1               1               1 
       0.112143                1         2.34833               0         2.36598             nan        -2.36498        -4.32207         3.08712               1               1               1               1 
       0.116105                1         2.43099               0         2.44967             nan        -2.53441        -4.79459         3.42467               1               1               1               1 
       0.120206                1         2.51654               0         2.53627             nan        -2.71594        -5.31869         3.79907               1               1               1               1 
       0.124451                1         2.60509               0         2.62592             nan        -2.91045            -5.9         4.21434               1               1               1               1 
       0.128847                1         2.69674               0         2.71868             nan        -3.11885        -6.54473         4.67492               1               1               1               1 
       0.133398                1          2.7916               0          2.8147             nan        -3.34212        -7.25976         5.18573               1               1               1               1 
        0.13811                1         2.88977               0         2.91405             nan        -3.58131        -8.05273         5.75222               1               1               1               1 
       0.142989                1         2.99136               0         3.01687             nan        -3.83755        -8.93207         6.38041               1               1               1               1 
       0.148039                1         3.09649               0         3.12327             nan        -4.11204        -9.90713         7.07699               1               1               1               1 
       0.153268                1         3.20528               0         3.23335             nan        -4.40606        -10.9883         7.84934               1               1               1               1 
       0.158682                1         3.31785               0         3.34726             nan        -4.72097        -12.1869         8.70564               1               1               1               1 
       0.164287                1         3.43431               0          3.4651             nan        -5.05823        -13.5157         9.65494               1               1               1               1 
        0.17009                1         3.55481               0         3.58702             nan        -5.41941        -14.9886         10.7072               1               1               1               1 
       0.176098                1         3.67946               0         3.71313             nan        -5.80615        -16.6212         11.8735               1               1               1               1 
       0.182318                1          3.8084               0         3.84358             nan        -6.22023        -18.4304          13.166               1               1               1               1 
       0.188758                1         3.94176               0          3.9785             nan        -6.66353        -20.4352         14.5982               1               1               1               1 
       0.195425                1         4.07969               0         4.11803             nan        -7.13805        -22.6562          16.185               1               1               1               1 
       0.202328                1         4.22231               0         4.26231             nan        -7.64591        -25.1165         17.9427               1               1               1               1 
       0.209474                1         4.36978               0         4.41147             nan        -8.18938        -27.8414         19.8893               1               1               1               1 
       0.216873                1         4.52224               0         4.56569             nan        -8.77084        -30.8585         22.0448               1               1               1               1 
       0.224534                1         4.67982               0         4.72507             nan        -9.39283        -34.1986          24.431               1               1               1               1 
       0.232464                1         4.84267               0         4.88979             nan         -10.058        -37.8952          27.072               1               1               1               1 
       0.240676                1         5.01094               0         5.05997             nan        -10.7693        -41.9853          29.994               1               1               1               1 
       0.249177                1         5.18477               0         5.23577             nan        -11.5296        -46.5093         33.2261               1               1               1               1 
       0.257978                1         5.36431               0         5.41734             nan        -12.3421        -51.5116         36.7998               1               1               1               1 
        0.26709                1         5.54968               0         5.60479             nan        -13.2101        -57.0406         40.7499               1               1               1               1 
       0.276524                1         5.74102               0         5.79829             nan         -14.137        -63.1493         45.1141               1               1               1               1 
       0.286292                1         5.93847               0         5.99794             nan        -15.1266        -69.8952         49.9337               1               1               1               1 
       0.296404                1         6.14215               0         6.20391             nan        -16.1825        -77.3412         55.2534               1               1               1               1 
       0.306874                1         6.35217               0         6.41627             nan        -17.3087        -85.5553         61.1218               1               1               1               1 
       0.317713                1         6.56865               0         6.63516             nan        -18.5092        -94.6112         67.5917               1               1               1               1 
       0.328935                1         6.79168               0         6.86066             nan        -19.7882        -104.588         74.7199               1               1               1               1 
       0.340554                1         7.02133               0         7.09285             nan        -21.1501        -115.572         82.5674               1               1               1               1 
       0.352583                1         7.25769               0         7.33182             nan        -22.5992        -127.655         91.2001               1               1               1               1 
       0.365037          1.00001         7.50079               0         7.57759             nan        -24.1399        -140.935         100.688               1               1               1               1 
        0.37793          1.00001         7.75066               0         7.83023             nan        -25.7767        -155.516         111.105               1               1               1               1 
        0.39128          1.00001         8.00732               0         8.08969             nan        -27.5141        -171.509         122.532               1               1               1               1 
         0.4051          1.00001         8.27073               0         8.35599             nan        -29.3564         -189.03          135.05               1               1               1               1 
       0.419409          1.00001         8.54085               0         8.62906             nan         -31.308        -208.201         148.748               1               1               1               1 
       0.434224          1.00001         8.81759               0         8.90882             nan        -33.3731         -229.15         163.716               1               1               1               1 
       0.449561          1.00001         9.10083               0         9.19514             nan        -35.5554        -252.008         180.048               1               1               1               1 
        0.46544          1.00001         9.39042               0         9.48787             nan        -37.8587        -276.908          197.84               1               1               1               1 
       0.481881          1.00001         9.68616               0         9.78681             nan        -40.2861        -303.987         217.189               1               1               1               1 
       0.498902          1.00002          9.9878               0         10.0917             nan        -42.8404        -333.382         238.193               1               1               1               1 
       0.516524          1.00002         10.2951               0         10.4023             nan        -45.5239        -365.227         260.948               1               1               1               1 
       0.534768          1.00002         10.6076               0         10.7182             nan        -48.3381        -399.653         285.548               1               1               1               1 
       0.553657          1.00002          10.925               0         11.0391             nan         -51.284        -436.788         312.085               1               1               1               1 
       0.573214          1.00002         11.2469               0         11.3645             nan        -54.3615        -476.749         340.641               1               1               1               1 
        0.59346          1.00002         11.5728               0         11.6939             nan        -57.5699        -519.641         371.293               1               1               1               1 
       0.614423          1.00002         11.9022               0         12.0268             nan        -60.9073        -565.558         404.108               1               1               1               1 
       0.636125          1.00002         12.2344               0         12.3625             nan         -64.371        -614.576         439.141               1               1               1               1 
       0.658594          1.00002         12.5689               0         12.7006             nan        -67.9571        -666.752         476.431               1               1               1               1 
       0.681857          1.00002         12.9049               0         13.0403             nan        -71.6605        -722.121         516.006               1               1               1               1 
       0.705941          1.00002         13.2419               0         13.3809             nan        -75.4753        -780.693         557.871               1               1               1               1 
       0.730877          1.00002         13.5792               0         13.7218             nan        -79.3943        -842.452         602.016               1               1               1               1 
       0.756693          1.00002         13.9159               0          14.062             nan        -83.4093        -907.353         648.409               1               1               1               1 
        0.78342          1.00002         14.2513               0          14.401             nan        -87.5111        -975.323         696.998               1               1               1               1 
       0.811092          1.00002         14.5848               0         14.7381             nan        -91.6896        -1046.26          747.71               1               1               1               1 
       0.839741          1.00002         14.9155               0         15.0724             nan        -95.9341        -1120.03          800.45               1               1               1               1 
       0.869403          1.00002         15.2428               0         15.4029             nan        -100.233        -1196.46         855.102               1               1               1               1 
       0.900112          1.00002          15.566               0         15.7294             nan        -104.574        -1275.39         911.534               1               1               1               1 
       0.931905          1.00002         15.8843               0         16.0518             nan        -108.945        -1356.58         969.592               1               1               1               1 
       0.964822          1.00002         16.1972               0         16.3688             nan        -113.334         -1439.8         1029.11               1               1               1               1 
       0.998901          1.00002         16.5041               0         16.6779             nan        -117.727        -1524.81          1089.9               1               1               1               1 
        1.03418          1.00002         16.8044               0         16.6875             nan        -122.113        -1611.33         1151.79               1               1               1               1 
        1.07071          1.00002         17.0977               0         16.6875             nan        -126.479        -1699.09         1214.55               1               1               1               1 
        1.10853          1.00002         17.3836               0         16.6875             nan        -130.813        -1787.78            1278               1               1               1               1 
        1.14769          1.00002         17.6616               0         16.6875             nan        -135.104        -1877.13         1341.92               1               1               1               1 
        1.18823          1.00002         17.9314               0         16.6875             nan        -139.341        -1966.85         1406.11               1               1               1               1 
         1.2302          1.00002         18.1929               0         16.6875             nan        -143.515        -2056.64         1470.35               1               1               1               1 
        1.27365          1.00001         18.4458               0         16.6875             nan        -147.616        -2146.24         1534.46               1               1               1               1 
        1.31864          1.00001         18.6899               0         16.6875             nan        -151.636        -2235.37         1598.24               1               1               1               1 
        1.36521          1.00001         18.9252               0         16.6875             nan        -155.568        -2323.77         1661.51               1               1               1               1 
        1.41344          1.00001         19.1516               0         16.6875             nan        -159.405        -2411.22          1724.1               1               1               1               1 
        1.46336          1.00001         19.3691               0         16.6875             nan        -163.141        -2497.48         1785.85               1               1               1               1 
        1.51505          1.00001         19.5778               0         16.6875             nan        -166.772        -2582.36          1846.6               1               1               1               1 
        1.56856          1.00001         19.7778               0         16.6875             nan        -170.295        -2665.67         1906.24               1               1               1               1 
        1.62397          1.00001         19.9691               0         16.6875             nan        -173.705        -2747.24         1964.65               1               1               1               1 
        1.68133          1.00001         20.1519               0         16.6875             nan        -177.001        -2826.93         2021.71               1               1               1               1 
        1.74072          1.00001         20.3264               0         16.6875             nan        -180.181        -2904.62         2077.34               1               1               1               1 
         1.8022          1.00001         20.4928               0         16.6875             nan        -183.245         -2980.2         2131.47               1               1               1               1 
        1.86586          1.00001         20.6512               0         16.6875             nan        -186.192        -3053.59         2184.02               1               1               1               1 
        1.93177          1.00001          20.802               0         16.6875             nan        -189.022         -3124.7         2234.96               1               1               1               1 
              2          1.00001         20.8027               0         16.6875             nan        -189.036        -3125.05         2235.21               1               1               1               1 
