#  a  GeffG(a,k)  D1(a,k)  D1mnu(a,k) ( D1_transfer(a,k) D1mnu_transfer(a,k) )  D2(a,k)  D3a(a,k)  D3b(a,k)  (source terms)  (Output for k = 0.1 h/Mpc)
          0.002                1       0.0442221               0        0.414195             nan    -0.000838113    -2.88269e-05     2.05906e-05               1               1               1               1 
     0.00207064                1       0.0457807               0        0.414195             nan    -0.000898104    -3.19702e-05     2.28359e-05               1               1               1               1 
     0.00214378                1       0.0473878               0        0.414195             nan    -0.000961902    -3.54186e-05      2.5299e-05               1               1               1               1 
      0.0022195                1       0.0490453               0        0.414195             nan     -0.00102979    -3.92067e-05     2.80047e-05               1               1               1               1 
      0.0022979                1       0.0507553               0        0.414195             nan      -0.0011021    -4.33738e-05     3.09811e-05               1               1               1               1 
     0.00237907                1         0.05252               0        0.414195             nan     -0.00117916    -4.79626e-05     3.42585e-05               1               1               1               1 
      0.0024631                1       0.0543414               0        0.414195             nan     -0.00126132     -5.3021e-05     3.78711e-05               1               1               1               1 
      0.0025501                1        0.056222               0        0.414195             nan     -0.00134898    -5.86017e-05     4.18564e-05               1               1               1               1 
     0.00264018                1        0.058164               0        0.414195             nan     -0.00144255    -6.47628e-05     4.62558e-05               1               1               1               1 
     0.00273343                1       0.0601697               0        0.414195             nan     -0.00154246    -7.15691e-05     5.11154e-05               1               1               1               1 
     0.00282998                1       0.0622418               0        0.414195             nan     -0.00164918    -7.90921e-05     5.64859e-05               1               1               1               1 
     0.00292994                1       0.0643827               0        0.414195             nan     -0.00176322    -8.74109e-05     6.24239e-05               1               1               1               1 
     0.00303343                1        0.066595               0        0.414195             nan     -0.00188511    -9.66132e-05     6.89915e-05               1               1               1               1 
     0.00314058                1       0.0688816               0        0.414195             nan     -0.00201542    -0.000106796      7.6258e-05               1               1               1               1 
     0.00325151                1       0.0712451               0        0.414195             nan     -0.00215478    -0.000118067     8.42998e-05               1               1               1               1 
     0.00336636                1       0.0736885               0        0.414195             nan     -0.00230384    -0.000130546     9.32018e-05               1               1               1               1 
     0.00348527                1       0.0762148               0        0.414195             nan      -0.0024633    -0.000144364     0.000103058               1               1               1               1 
     0.00360837                1        0.078827               0        0.414195             nan     -0.00263391    -0.000159667     0.000113972               1               1               1               1 
     0.00373583                1       0.0815284               0        0.414195             nan     -0.00281649    -0.000176619     0.000126059               1               1               1               1 
     0.00386778                1       0.0843222               0        0.414195             nan      -0.0030119    -0.000195397     0.000139447               1               1               1               1 
      0.0040044                1       0.0872119               0        0.414195             nan     -0.00322106    -0.000216202     0.000154277               1               1               1               1 
     0.00414584                1        0.090201               0        0.414195             nan     -0.00344496    -0.000239253     0.000170707               1               1               1               1 
     0.00429228                1        0.093293               0        0.414195             nan     -0.00368467    -0.000264795      0.00018891               1               1               1               1 
     0.00444389                1       0.0964919               0        0.414195             nan     -0.00394131    -0.000293099     0.000209079               1               1               1               1 
     0.00460086                1       0.0998014               0        0.414195             nan     -0.00421611    -0.000324465     0.000231427               1               1               1               1 
     0.00476337                1        0.103226               0        0.414195             nan     -0.00451037    -0.000359224     0.000256191               1               1               1               1 
     0.00493162                1        0.106769               0        0.414195             nan     -0.00482548    -0.000397747     0.000283633               1               1               1               1 
     0.00510582                1        0.110435               0        0.414195             nan     -0.00516294    -0.000440441     0.000314045               1               1               1               1 
     0.00528616                1        0.114228               0        0.414195             nan     -0.00552436    -0.000487759     0.000347747               1               1               1               1 
     0.00547288                1        0.118154               0        0.414195             nan     -0.00591144    -0.000540203     0.000385099               1               1               1               1 
     0.00566619                1        0.122217               0        0.414195             nan     -0.00632603     -0.00059833     0.000426496               1               1               1               1 
     0.00586633                1        0.126422               0        0.414195             nan     -0.00677009    -0.000662756     0.000472377               1               1               1               1 
     0.00607354                1        0.130773               0        0.414195             nan     -0.00724574    -0.000734165     0.000523229               1               1               1               1 
     0.00628807                1        0.135277               0        0.414195             nan     -0.00775523    -0.000813316     0.000579592               1               1               1               1 
     0.00651018                1        0.139939               0        0.414195             nan       -0.008301    -0.000901048     0.000642066               1               1               1               1 
     0.00674013                1        0.144763               0        0.414195             nan     -0.00888563    -0.000998293     0.000711313               1               1               1               1 
      0.0069782                1        0.149757               0        0.414195             nan      -0.0095119     -0.00110609      0.00078807               1               1               1               1 
     0.00722469                1        0.154926               0        0.414195             nan      -0.0101828     -0.00122557     0.000873153               1               1               1               1 
     0.00747987                1        0.160277               0        0.414195             nan      -0.0109015     -0.00135801     0.000967467               1               1               1               1 
     0.00774408                1        0.165815               0        0.414195             nan      -0.0116715     -0.00150483      0.00107202               1               1               1               1 
     0.00801761                1        0.171548               0        0.414195             nan      -0.0124964     -0.00166758      0.00118791               1               1               1               1 
     0.00830081                1        0.177483               0        0.414195             nan      -0.0133801     -0.00184798      0.00131639               1               1               1               1 
     0.00859401                1        0.183626               0        0.414195             nan      -0.0143268     -0.00204797      0.00145882               1               1               1               1 
     0.00889757                1        0.189985               0        0.414195             nan      -0.0153411     -0.00226967      0.00161672               1               1               1               1 
     0.00921184                1        0.196568               0        0.414195             nan      -0.0164279     -0.00251545      0.00179176               1               1               1               1 
     0.00953722                1        0.203383               0        0.414195             nan      -0.0175921     -0.00278791      0.00198583               1               1               1               1 
      0.0098741                1        0.210437               0        0.414195             nan      -0.0188396     -0.00308996      0.00220099               1               1               1               1 
      0.0102229                1         0.21774               0        0.414195             nan      -0.0201761     -0.00342483      0.00243953               1               1               1               1 
       0.010584                1          0.2253               0        0.414195             nan       -0.021608     -0.00379607        0.002704               1               1               1               1 
      0.0109578                1        0.233127               0        0.414195             nan      -0.0231423     -0.00420766      0.00299723               1               1               1               1 
      0.0113449                1         0.24123               0        0.414195             nan      -0.0247861     -0.00466398      0.00332235               1               1               1               1 
      0.0117456                1        0.249618               0        0.414195             nan      -0.0265475      -0.0051699      0.00368283               1               1               1               1 
      0.0121604                1        0.258301               0        0.414195             nan      -0.0284347     -0.00573083      0.00408253               1               1               1               1 
        0.01259                1        0.267291               0        0.414195             nan      -0.0304568     -0.00635276      0.00452572               1               1               1               1 
      0.0130347                1        0.276598               0        0.414195             nan      -0.0326234     -0.00704232      0.00501715               1               1               1               1 
      0.0134951                1        0.286233               0        0.414195             nan       -0.034945      -0.0078069      0.00556208               1               1               1               1 
      0.0139718                1        0.296208               0        0.414195             nan      -0.0374326     -0.00865466      0.00616633               1               1               1               1 
      0.0144653                1        0.306535               0        0.414195             nan       -0.040098     -0.00959467      0.00683638               1               1               1               1 
      0.0149762                1        0.317226               0        0.414195             nan      -0.0429542       -0.010637      0.00757942               1               1               1               1 
      0.0155052                1        0.328295               0        0.414195             nan      -0.0460146      -0.0117928       0.0084034               1               1               1               1 
      0.0160529                1        0.339754               0        0.414195             nan       -0.049294      -0.0130744      0.00931715               1               1               1               1 
      0.0166199                1        0.351617               0        0.414195             nan       -0.052808      -0.0144956       0.0103305               1               1               1               1 
      0.0172069                1        0.363899               0        0.414195             nan      -0.0565734      -0.0160716       0.0114543               1               1               1               1 
      0.0178147                1        0.376615               0        0.414195             nan      -0.0606084      -0.0178193       0.0127005               1               1               1               1 
       0.018444                1        0.389779               0        0.414195             nan      -0.0649321      -0.0197574       0.0140827               1               1               1               1 
      0.0190954                1        0.403408               0        0.414195             nan      -0.0695653      -0.0219067       0.0156156               1               1               1               1 
      0.0197699                1        0.417519               0        0.417706             nan      -0.0745302      -0.0242902       0.0173156               1               1               1               1 
      0.0204682                1        0.432127               0        0.432393             nan      -0.0798506      -0.0269336       0.0192011               1               1               1               1 
      0.0211912                1        0.447251               0        0.447321             nan      -0.0855519      -0.0298652       0.0212924               1               1               1               1 
      0.0219397                1        0.462909               0        0.462907             nan      -0.0916615      -0.0331165       0.0236118               1               1               1               1 
      0.0227147                1         0.47912               0        0.479154             nan      -0.0982087      -0.0367224       0.0261843               1               1               1               1 
       0.023517                1        0.495903               0        0.495962             nan       -0.105225      -0.0407217       0.0290376               1               1               1               1 
      0.0243477                1        0.513278               0         0.51333             nan       -0.112743      -0.0451572       0.0322024               1               1               1               1 
      0.0252077                1        0.531268               0        0.531307             nan       -0.120801      -0.0500767       0.0357127               1               1               1               1 
       0.026098                1        0.549892               0        0.549927             nan       -0.129435      -0.0555332       0.0396063               1               1               1               1 
      0.0270199                1        0.569174               0         0.56921             nan       -0.138688      -0.0615852       0.0439251               1               1               1               1 
      0.0279743                1        0.589137               0        0.589168             nan       -0.148604      -0.0682979       0.0487156               1               1               1               1 
      0.0289624                1        0.609804               0        0.609834             nan       -0.159231      -0.0757434       0.0540294               1               1               1               1 
      0.0299854                1        0.631202               0        0.631228             nan       -0.170619       -0.084002       0.0599238               1               1               1               1 
      0.0310445                1        0.653355               0         0.65338             nan       -0.182823      -0.0931625       0.0664621               1               1               1               1 
      0.0321411                1         0.67629               0        0.676314             nan       -0.195903       -0.103324        0.073715               1               1               1               1 
      0.0332763                1        0.700035               0        0.700056             nan       -0.209919       -0.114595       0.0817605               1               1               1               1 
      0.0344517                1        0.724619               0        0.724637             nan        -0.22494       -0.127097       0.0906853               1               1               1               1 
      0.0356686                1        0.750071               0        0.750083             nan       -0.241039       -0.140966        0.100586               1               1               1               1 
      0.0369285                1        0.776421               0        0.776433             nan       -0.258291        -0.15635        0.111568               1               1               1               1 
      0.0382329                1        0.803702               0        0.803712             nan        -0.27678       -0.173415        0.123752               1               1               1               1 
      0.0395833                1        0.831946               0        0.831958             nan       -0.296595       -0.192345        0.137268               1               1               1               1 
      0.0409815                1        0.861187               0        0.861198             nan       -0.317831       -0.213345        0.152261               1               1               1               1 
       0.042429                1        0.891461               0        0.891466             nan       -0.340589       -0.236641        0.168894               1               1               1               1 
      0.0439277                1        0.922803               0        0.922807             nan        -0.36498       -0.262484        0.187347               1               1               1               1 
      0.0454793                1        0.955252               0        0.955251             nan       -0.391119       -0.291152        0.207818               1               1               1               1 
      0.0470857                1        0.988847               0        0.988847             nan       -0.419133       -0.322956        0.230528               1               1               1               1 
      0.0487489                1         1.02363               0         1.02362             nan       -0.449156       -0.358237        0.255722               1               1               1               1 
      0.0504708                1         1.05964               0         1.05963             nan       -0.481332       -0.397377        0.283672               1               1               1               1 
      0.0522535                1         1.09692               0         1.09691             nan       -0.515816       -0.440799         0.31468               1               1               1               1 
      0.0540992                1         1.13551               0          1.1355             nan       -0.552773       -0.488969        0.349081               1               1               1               1 
      0.0560101                1         1.17547               0         1.17546             nan       -0.592381       -0.542409        0.387246               1               1               1               1 
      0.0579885                1         1.21684               0         1.21683             nan       -0.634829       -0.601695        0.429587               1               1               1               1 
      0.0600367                1         1.25966               0         1.25966             nan       -0.680322       -0.667467        0.476561               1               1               1               1 
      0.0621573                1           1.304               0         1.30399             nan       -0.729077       -0.740435        0.528675               1               1               1               1 
      0.0643528                1          1.3499               0         1.34989             nan       -0.781329       -0.821386        0.586492               1               1               1               1 
      0.0666259                1         1.39743               0         1.39741             nan       -0.837328       -0.911193        0.650635               1               1               1               1 
      0.0689792                1         1.44662               0         1.44661             nan       -0.897343        -1.01083        0.721798               1               1               1               1 
      0.0714157                1         1.49756               0         1.49754             nan       -0.961662        -1.12136        0.800748               1               1               1               1 
      0.0739383                1         1.55029               0         1.55027             nan        -1.03059        -1.24399        0.888336               1               1               1               1 
      0.0765499                1         1.60487               0         1.60486             nan        -1.10446        -1.38003        0.985509               1               1               1               1 
      0.0792538                1         1.66139               0         1.66136             nan        -1.18363        -1.53095         1.09331               1               1               1               1 
      0.0820532                1         1.71989               0         1.71987             nan        -1.26848        -1.69839         1.21291               1               1               1               1 
      0.0849514          1.00001         1.78045               0         1.78043             nan         -1.3594        -1.88414          1.3456               1               1               1               1 
      0.0879521          1.00001         1.84315               0         1.84312             nan        -1.45684        -2.09021          1.4928               1               1               1               1 
      0.0910587          1.00001         1.90806               0         1.90802             nan        -1.56127        -2.31882          1.6561               1               1               1               1 
      0.0942751          1.00001         1.97524               0          1.9752             nan        -1.67317        -2.57242         1.83725               1               1               1               1 
       0.097605          1.00001          2.0448               0         2.04476             nan        -1.79309        -2.85376         2.03822               1               1               1               1 
       0.101053          1.00002          2.1168               0         2.11675             nan         -1.9216        -3.16585         2.26116               1               1               1               1 
       0.104622          1.00002         2.19133               0         2.19127             nan         -2.0593        -3.51206         2.50848               1               1               1               1 
       0.108317          1.00003         2.26847               0         2.26841             nan        -2.20687        -3.89609         2.78282               1               1               1               1 
       0.112143          1.00004         2.34833               0         2.34826             nan        -2.36499        -4.32209         3.08713               1               1               1               1 
       0.116105          1.00005         2.43099               0         2.43091             nan        -2.53441        -4.79461         3.42468               1               1               1               1 
       0.120206          1.00006         2.51654               0         2.51646             nan        -2.71595        -5.31873          3.7991               1               1               1               1 
       0.124451          1.00008          2.6051               0         2.60501             nan        -2.91046        -5.90005         4.21438               1               1               1               1 
       0.128847           1.0001         2.69675               0         2.69664             nan        -3.11887         -6.5448         4.67497               1               1               1               1 
       0.133398          1.00012         2.79161               0         2.79149             nan        -3.34214        -7.25986          5.1858               1               1               1               1 
        0.13811          1.00016         2.88978               0         2.88965             nan        -3.58135        -8.05286         5.75231               1               1               1               1 
       0.142989           1.0002         2.99138               0         2.99123             nan         -3.8376        -8.93226         6.38055               1               1               1               1 
       0.148039          1.00025         3.09651               0         3.09636             nan        -4.11211        -9.90741         7.07718               1               1               1               1 
       0.153268          1.00031         3.20531               0         3.20513             nan        -4.40614        -10.9886         7.84962               1               1               1               1 
       0.158682           1.0004         3.31788               0         3.31769             nan        -4.72109        -12.1874         8.70603               1               1               1               1 
       0.164287           1.0005         3.43435               0         3.43414             nan        -5.05839        -13.5165         9.65548               1               1               1               1 
        0.17009          1.00063         3.55486               0         3.55463             nan        -5.41963        -14.9897          10.708               1               1               1               1 
       0.176098          1.00079         3.67953               0         3.67926             nan        -5.80645        -16.6227         11.8746               1               1               1               1 
       0.182318            1.001         3.80849               0         3.80819             nan        -6.22064        -18.4325         13.1675               1               1               1               1 
       0.188758          1.00125         3.94188               0         3.94154             nan        -6.66408        -20.4381         14.6003               1               1               1               1 
       0.195425          1.00156         4.07984               0         4.07945             nan        -7.13879        -22.6603         16.1879               1               1               1               1 
       0.202328          1.00195         4.22252               0         4.22207             nan        -7.64691        -25.1222         17.9468               1               1               1               1 
       0.209474          1.00243         4.37005               0         4.36952             nan        -8.19072        -27.8493          19.895               1               1               1               1 
       0.216873          1.00302         4.52258               0         4.52196             nan        -8.77264        -30.8696         22.0528               1               1               1               1 
       0.224534          1.00374         4.68027               0         4.67952             nan        -9.39526        -34.2139          24.442               1               1               1               1 
       0.232464          1.00462         4.84325               0         4.84237             nan        -10.0613        -37.9165         27.0872               1               1               1               1 
       0.240676          1.00569         5.01169               0         5.01062             nan        -10.7737        -42.0147         30.0151               1               1               1               1 
       0.249177          1.00698         5.18574               0         5.18443             nan        -11.5354        -46.5499         33.2552               1               1               1               1 
       0.257978          1.00852         5.36555               0         5.36395             nan        -12.3498        -51.5674         36.8399               1               1               1               1 
        0.26709          1.01036         5.55128               0         5.54929             nan        -13.2203        -57.1172         40.8049               1               1               1               1 
       0.276524          1.01253         5.74307               0         5.74063             nan        -14.1506        -63.2541         45.1893               1               1               1               1 
       0.286292          1.01508         5.94109               0         5.93805             nan        -15.1445        -70.0381         50.0362               1               1               1               1 
       0.296404          1.01803         6.14548               0         6.14172             nan         -16.206        -77.5353         55.3926               1               1               1               1 
       0.306874          1.02143          6.3564               0         6.35172             nan        -17.3395        -85.8177         61.3101               1               1               1               1 
       0.317713          1.02529         6.57399               0         6.56818             nan        -18.5494        -94.9645         67.8453               1               1               1               1 
       0.328935          1.02963         6.79839               0         6.79119             nan        -19.8404        -105.062         75.0597               1               1               1               1 
       0.340554          1.03445         7.02975               0         7.02081             nan        -21.2175        -116.204         83.0206               1               1               1               1 
       0.352583          1.03974         7.26817               0         7.25714             nan        -22.6858        -128.492         91.8011               1               1               1               1 
       0.365037          1.04546         7.51379               0         7.50021             nan        -24.2507        -142.039          101.48               1               1               1               1 
        0.37793          1.05156          7.7667               0         7.75007             nan        -25.9175        -156.962         112.144               1               1               1               1 
        0.39128          1.05798         8.02699               0         8.00669             nan         -27.692        -173.392         123.885               1               1               1               1 
         0.4051          1.06464         8.29472               0         8.27008             nan        -29.5799        -191.467         136.801               1               1               1               1 
       0.419409          1.07143         8.56993               0         8.54017             nan        -31.5868        -211.333         150.998               1               1               1               1 
       0.434224          1.07827         8.85263               0         8.81689             nan        -33.7187        -233.146         166.588               1               1               1               1 
       0.449561          1.08504         9.14279               0         9.10011             nan        -35.9809         -257.07         183.687               1               1               1               1 
        0.46544          1.09166         9.44034               0         9.38967             nan         -38.379        -283.276         202.417               1               1               1               1 
       0.481881          1.09803         9.74517               0         9.68538             nan         -40.918        -311.938         222.906               1               1               1               1 
       0.498902          1.10406         10.0571               0         9.98699             nan        -43.6026        -343.238         245.281               1               1               1               1 
       0.516524           1.1097          10.376               0         10.2942             nan         -46.437        -377.356         269.673               1               1               1               1 
       0.534768          1.11487         10.7014               0         10.6067             nan        -49.4245        -414.472          296.21               1               1               1               1 
       0.553657          1.11955         11.0332               0         10.9241             nan        -52.5678        -454.762          325.02               1               1               1               1 
       0.573214           1.1237         11.3708               0          11.246             nan        -55.8687        -498.396         356.224               1               1               1               1 
        0.59346           1.1273         11.7139               0         11.5718             nan        -59.3277        -545.531         389.935               1               1               1               1 
       0.614423          1.13035         12.0618               0         11.9011             nan        -62.9443        -596.311         426.257               1               1               1               1 
       0.636125          1.13285          12.414               0         12.2333             nan        -66.7169         -650.86          465.28               1               1               1               1 
       0.658594           1.1348         12.7699               0         12.5678             nan        -70.6421        -709.279         507.076               1               1               1               1 
       0.681857          1.13622         13.1287               0         12.9038             nan        -74.7156        -771.645         551.702               1               1               1               1 
       0.705941          1.13713         13.4897               0         13.2407             nan        -78.9312        -838.003         599.189               1               1               1               1 
       0.730877          1.13755         13.8521               0         13.5779             nan        -83.2816        -908.364         649.548               1               1               1               1 
       0.756693           1.1375          14.215               0         13.9145             nan         -87.758        -982.704         702.762               1               1               1               1 
        0.78342          1.13702         14.5777               0           14.25             nan        -92.3501        -1060.96         758.788               1               1               1               1 
       0.811092          1.13613         14.9392               0         14.5835             nan        -97.0467        -1143.04         817.553               1               1               1               1 
       0.839741          1.13485         15.2988               0         14.9141             nan        -101.835        -1228.79         878.958               1               1               1               1 
       0.869403          1.13323         15.6554               0         15.2411             nan        -106.702        -1318.03         942.876               1               1               1               1 
       0.900112          1.13127         16.0084               0         15.5641             nan        -111.633        -1410.56         1009.15               1               1               1               1 
       0.931905          1.12902         16.3569               0          15.883             nan        -116.613        -1506.12         1077.61               1               1               1               1 
       0.964822          1.12651         16.7002               0         16.1967             nan        -121.628        -1604.43         1148.04               1               1               1               1 
       0.998901          1.12376         17.0375               0         16.5025             nan        -126.661        -1705.18         1220.24               1               1               1               1 
        1.03418           1.1208         17.3681               0          16.512             nan        -131.697        -1808.04         1293.95               1               1               1               1 
        1.07071          1.11765         17.6915               0          16.512             nan        -136.721        -1912.66         1368.93               1               1               1               1 
        1.10853          1.11435         18.0071               0          16.512             nan        -141.719        -2018.69         1444.93               1               1               1               1 
        1.14769          1.11092         18.3144               0          16.512             nan        -146.676        -2125.74         1521.68               1               1               1               1 
        1.18823          1.10739         18.6131               0          16.512             nan        -151.579        -2233.47         1598.92               1               1               1               1 
         1.2302          1.10377         18.9028               0          16.512             nan        -156.416         -2341.5         1676.39               1               1               1               1 
        1.27365           1.1001         19.1832               0          16.512             nan        -161.174        -2449.48         1753.82               1               1               1               1 
        1.31864          1.09638         19.4541               0          16.512             nan        -165.843        -2557.05         1830.98               1               1               1               1 
        1.36521          1.09266         19.7154               0          16.512             nan        -170.415         -2663.9         1907.62               1               1               1               1 
        1.41344          1.08893         19.9669               0          16.512             nan        -174.879        -2769.72         1983.53               1               1               1               1 
        1.46336          1.08522         20.2088               0          16.512             nan         -179.23        -2874.21         2058.49               1               1               1               1 
        1.51505          1.08154         20.4409               0          16.512             nan        -183.461        -2977.12         2132.33               1               1               1               1 
        1.56856          1.07792         20.6633               0          16.512             nan        -187.567         -3078.2         2204.86               1               1               1               1 
        1.62397          1.07435         20.8762               0          16.512             nan        -191.543        -3177.23         2275.93               1               1               1               1 
        1.68133          1.07085         21.0796               0          16.512             nan        -195.388        -3274.04         2345.41               1               1               1               1 
        1.74072          1.06744         21.2739               0          16.512             nan        -199.098        -3368.45         2413.17               1               1               1               1 
         1.8022          1.06411          21.459               0          16.512             nan        -202.673        -3460.32         2479.12               1               1               1               1 
        1.86586          1.06088         21.6354               0          16.512             nan        -206.112        -3549.55         2543.18               1               1               1               1 
        1.93177          1.05775         21.8032               0          16.512             nan        -209.415        -3636.03         2605.27               1               1               1               1 
              2          1.05473          21.804               0          16.512             nan        -209.431        -3636.46         2605.57               1               1               1               1 
