#  a  GeffG(a,k)  D1(a,k)  D1mnu(a,k) ( D1_transfer(a,k) D1mnu_transfer(a,k) )  D2(a,k)  D3a(a,k)  D3b(a,k)  (source terms)  (Output for k = 10 h/Mpc)
          0.002                1       0.0442214               0        0.414202             nan    -0.000838084    -2.88254e-05     2.05896e-05               1               1               1               1 
     0.00207064                1       0.0457799               0        0.414202             nan    -0.000898074    -3.19686e-05     2.28347e-05               1               1               1               1 
     0.00214378                1        0.047387               0        0.414202             nan    -0.000961869    -3.54168e-05     2.52977e-05               1               1               1               1 
      0.0022195                1       0.0490445               0        0.414202             nan     -0.00102976    -3.92047e-05     2.80033e-05               1               1               1               1 
      0.0022979                1       0.0507544               0        0.414202             nan     -0.00110206    -4.33715e-05     3.09795e-05               1               1               1               1 
     0.00237907                1       0.0525191               0        0.414202             nan     -0.00117912    -4.79602e-05     3.42568e-05               1               1               1               1 
      0.0024631                1       0.0543405               0        0.414202             nan     -0.00126128    -5.30183e-05     3.78692e-05               1               1               1               1 
      0.0025501                1        0.056221               0        0.414202             nan     -0.00134894    -5.85986e-05     4.18542e-05               1               1               1               1 
     0.00264018                1        0.058163               0        0.414202             nan      -0.0014425    -6.47595e-05     4.62534e-05               1               1               1               1 
     0.00273343                1       0.0601687               0        0.414202             nan      -0.0015424    -7.15655e-05     5.11127e-05               1               1               1               1 
     0.00282998                1       0.0622407               0        0.414202             nan     -0.00164912     -7.9088e-05      5.6483e-05               1               1               1               1 
     0.00292994                1       0.0643816               0        0.414202             nan     -0.00176316    -8.74064e-05     6.24207e-05               1               1               1               1 
     0.00303343                1       0.0665939               0        0.414202             nan     -0.00188504    -9.66082e-05      6.8988e-05               1               1               1               1 
     0.00314058                1       0.0688804               0        0.414202             nan     -0.00201535    -0.000106791     7.62541e-05               1               1               1               1 
     0.00325151                1       0.0712439               0        0.414202             nan     -0.00215471    -0.000118061     8.42955e-05               1               1               1               1 
     0.00336636                1       0.0736872               0        0.414202             nan     -0.00230376    -0.000130539      9.3197e-05               1               1               1               1 
     0.00348527                1       0.0762135               0        0.414202             nan     -0.00246321    -0.000144356     0.000103052               1               1               1               1 
     0.00360837                1       0.0788257               0        0.414202             nan     -0.00263382    -0.000159659     0.000113966               1               1               1               1 
     0.00373583                1        0.081527               0        0.414202             nan      -0.0028164     -0.00017661     0.000126052               1               1               1               1 
     0.00386778                1       0.0843208               0        0.414202             nan      -0.0030118    -0.000195387      0.00013944               1               1               1               1 
      0.0040044                1       0.0872104               0        0.414202             nan     -0.00322095    -0.000216191     0.000154269               1               1               1               1 
     0.00414584                1       0.0901994               0        0.414202             nan     -0.00344484    -0.000239241     0.000170698               1               1               1               1 
     0.00429228                1       0.0932914               0        0.414202             nan     -0.00368454    -0.000264782       0.0001889               1               1               1               1 
     0.00444389                1       0.0964902               0        0.414202             nan     -0.00394117    -0.000293084     0.000209068               1               1               1               1 
     0.00460086                1       0.0997997               0        0.414202             nan     -0.00421596    -0.000324448     0.000231415               1               1               1               1 
     0.00476337                1        0.103224               0        0.414202             nan     -0.00451021    -0.000359206     0.000256178               1               1               1               1 
     0.00493162                1        0.106767               0        0.414202             nan     -0.00482531    -0.000397726     0.000283619               1               1               1               1 
     0.00510582                1        0.110433               0        0.414202             nan     -0.00516277    -0.000440418     0.000314028               1               1               1               1 
     0.00528616                1        0.114226               0        0.414202             nan     -0.00552417    -0.000487734     0.000347729               1               1               1               1 
     0.00547288                1        0.118152               0        0.414202             nan     -0.00591124    -0.000540175     0.000385079               1               1               1               1 
     0.00566619                1        0.122215               0        0.414202             nan     -0.00632581    -0.000598299     0.000426474               1               1               1               1 
     0.00586633                1         0.12642               0        0.414202             nan     -0.00676986    -0.000662722     0.000472352               1               1               1               1 
     0.00607354                1        0.130771               0        0.414202             nan     -0.00724549    -0.000734127     0.000523202               1               1               1               1 
     0.00628807                1        0.135275               0        0.414202             nan     -0.00775497    -0.000813274     0.000579563               1               1               1               1 
     0.00651018                1        0.139936               0        0.414202             nan     -0.00830071    -0.000901001     0.000642033               1               1               1               1 
     0.00674013                1        0.144761               0        0.414202             nan     -0.00888532    -0.000998242     0.000711277               1               1               1               1 
      0.0069782                1        0.149755               0        0.414202             nan     -0.00951158     -0.00110603      0.00078803               1               1               1               1 
     0.00722469                1        0.154924               0        0.414202             nan      -0.0101825     -0.00122551     0.000873108               1               1               1               1 
     0.00747987                1        0.160274               0        0.414202             nan      -0.0109012     -0.00135794     0.000967418               1               1               1               1 
     0.00774408                1        0.165813               0        0.414202             nan      -0.0116711     -0.00150475      0.00107196               1               1               1               1 
     0.00801761                1        0.171545               0        0.414202             nan      -0.0124959     -0.00166749      0.00118785               1               1               1               1 
     0.00830081                1         0.17748               0        0.414202             nan      -0.0133796     -0.00184789      0.00131632               1               1               1               1 
     0.00859401                1        0.183623               0        0.414202             nan      -0.0143263     -0.00204787      0.00145874               1               1               1               1 
     0.00889757                1        0.189982               0        0.414202             nan      -0.0153406     -0.00226956      0.00161663               1               1               1               1 
     0.00921184                1        0.196565               0        0.414202             nan      -0.0164273     -0.00251532      0.00179167               1               1               1               1 
     0.00953722                1        0.203379               0        0.414202             nan      -0.0175915     -0.00278776      0.00198573               1               1               1               1 
      0.0098741                1        0.210434               0        0.414202             nan      -0.0188389      -0.0030898      0.00220087               1               1               1               1 
      0.0102229                1        0.217736               0        0.414202             nan      -0.0201754     -0.00342465       0.0024394               1               1               1               1 
       0.010584                1        0.225297               0        0.414202             nan      -0.0216073     -0.00379588      0.00270386               1               1               1               1 
      0.0109578                1        0.233123               0        0.414202             nan      -0.0231415     -0.00420744      0.00299707               1               1               1               1 
      0.0113449                1        0.241225               0        0.414202             nan      -0.0247853     -0.00466374      0.00332217               1               1               1               1 
      0.0117456                1        0.249613               0        0.414202             nan      -0.0265466     -0.00516964      0.00368264               1               1               1               1 
      0.0121604                1        0.258297               0        0.414202             nan      -0.0284337     -0.00573054      0.00408232               1               1               1               1 
        0.01259                1        0.267287               0        0.414202             nan      -0.0304557     -0.00635243      0.00452549               1               1               1               1 
      0.0130347                1        0.276593               0        0.414202             nan      -0.0326223     -0.00704196      0.00501689               1               1               1               1 
      0.0134951                1        0.286228               0        0.414202             nan      -0.0349438      -0.0078065      0.00556179               1               1               1               1 
      0.0139718                1        0.296203               0        0.414202             nan      -0.0374313     -0.00865421      0.00616601               1               1               1               1 
      0.0144653                1         0.30653               0        0.414202             nan      -0.0400967     -0.00959418      0.00683603               1               1               1               1 
      0.0149762                1        0.317221               0        0.414202             nan      -0.0429527      -0.0106365      0.00757903               1               1               1               1 
      0.0155052                1        0.328289               0        0.414202             nan       -0.046013      -0.0117922      0.00840296               1               1               1               1 
      0.0160529                1        0.339748               0        0.414202             nan      -0.0492923      -0.0130738      0.00931667               1               1               1               1 
      0.0166199                1        0.351611               0        0.414202             nan      -0.0528061      -0.0144949       0.0103299               1               1               1               1 
      0.0172069                1        0.363893               0        0.414202             nan      -0.0565715      -0.0160708       0.0114537               1               1               1               1 
      0.0178147                1        0.376609               0        0.414202             nan      -0.0606063      -0.0178184       0.0126999               1               1               1               1 
       0.018444                1        0.389773               0        0.414202             nan      -0.0649299      -0.0197564        0.014082               1               1               1               1 
      0.0190954                1        0.403402               0        0.414202             nan      -0.0695629      -0.0219056       0.0156148               1               1               1               1 
      0.0197699                1        0.417511               0        0.417713             nan      -0.0745277       -0.024289       0.0173147               1               1               1               1 
      0.0204682                1         0.43212               0        0.432399             nan      -0.0798479      -0.0269323       0.0192002               1               1               1               1 
      0.0211912                1        0.447243               0        0.447327             nan       -0.085549      -0.0298637       0.0212913               1               1               1               1 
      0.0219397                1        0.462901               0        0.462913             nan      -0.0916584      -0.0331148       0.0236105               1               1               1               1 
      0.0227147          1.00001        0.479111               0         0.47916             nan      -0.0982053      -0.0367205       0.0261829               1               1               1               1 
       0.023517          1.00001        0.495894               0        0.495968             nan       -0.105221      -0.0407196       0.0290361               1               1               1               1 
      0.0243477          1.00001         0.51327               0        0.513336             nan        -0.11274      -0.0451549       0.0322007               1               1               1               1 
      0.0252077          1.00001        0.531259               0        0.531313             nan       -0.120796      -0.0500742       0.0357109               1               1               1               1 
       0.026098          1.00001        0.549883               0        0.549932             nan       -0.129431      -0.0555304       0.0396043               1               1               1               1 
      0.0270199          1.00002        0.569164               0        0.569215             nan       -0.138683      -0.0615821       0.0439229               1               1               1               1 
      0.0279743          1.00002        0.589127               0        0.589174             nan       -0.148599      -0.0682945       0.0487132               1               1               1               1 
      0.0289624          1.00003        0.609794               0         0.60984             nan       -0.159226      -0.0757397       0.0540268               1               1               1               1 
      0.0299854          1.00004        0.631192               0        0.631234             nan       -0.170613      -0.0839979       0.0599209               1               1               1               1 
      0.0310445          1.00005        0.653344               0        0.653385             nan       -0.182818      -0.0931581        0.066459               1               1               1               1 
      0.0321411          1.00006        0.676279               0        0.676317             nan       -0.195896       -0.103319       0.0737116               1               1               1               1 
      0.0332763          1.00008        0.700024               0        0.700059             nan       -0.209913       -0.114589       0.0817568               1               1               1               1 
      0.0344517           1.0001        0.724608               0        0.724642             nan       -0.224934       -0.127092       0.0906814               1               1               1               1 
      0.0356686          1.00013        0.750059               0        0.750089             nan       -0.241032        -0.14096        0.100582               1               1               1               1 
      0.0369285          1.00016         0.77641               0        0.776438             nan       -0.258284       -0.156344        0.111564               1               1               1               1 
      0.0382329          1.00021        0.803691               0        0.803715             nan       -0.276774       -0.173409        0.123748               1               1               1               1 
      0.0395833          1.00026        0.831935               0        0.831958             nan       -0.296589        -0.19234        0.137264               1               1               1               1 
      0.0409815          1.00034        0.861177               0        0.861198             nan       -0.317825       -0.213341        0.152258               1               1               1               1 
       0.042429          1.00043        0.891452               0        0.891469             nan       -0.340585       -0.236638        0.168892               1               1               1               1 
      0.0439277          1.00055        0.922796               0        0.922811             nan       -0.364977       -0.262483        0.187346               1               1               1               1 
      0.0454793           1.0007        0.955248               0        0.955254             nan       -0.391119       -0.291155        0.207819               1               1               1               1 
      0.0470857          1.00089        0.988846               0        0.988848             nan       -0.419137       -0.322963        0.230533               1               1               1               1 
      0.0487489          1.00113         1.02363               0         1.02362             nan       -0.449165       -0.358253        0.255733               1               1               1               1 
      0.0504708          1.00144         1.05965               0         1.05963             nan        -0.48135       -0.397406        0.283692               1               1               1               1 
      0.0522535          1.00183         1.09693               0         1.09691             nan       -0.515845       -0.440845        0.314714               1               1               1               1 
      0.0540992          1.00233         1.13554               0          1.1355             nan       -0.552817       -0.489041        0.349133               1               1               1               1 
      0.0560101          1.00297         1.17551               0         1.17546             nan       -0.592446       -0.542519        0.387325               1               1               1               1 
      0.0579885          1.00377          1.2169               0         1.21682             nan       -0.634925       -0.601859        0.429704               1               1               1               1 
      0.0600367          1.00479         1.25975               0         1.25965             nan       -0.680459       -0.667708        0.476734               1               1               1               1 
      0.0621573          1.00608         1.30412               0         1.30398             nan       -0.729271       -0.740785        0.528926               1               1               1               1 
      0.0643528          1.00771         1.35007               0         1.34989             nan       -0.781601       -0.821891        0.586855               1               1               1               1 
      0.0666259          1.00976         1.39765               0         1.39741             nan       -0.837706       -0.911919        0.651157               1               1               1               1 
      0.0689792          1.01234         1.44693               0          1.4466             nan       -0.897867        -1.01186        0.722543               1               1               1               1 
      0.0714157          1.01556         1.49796               0         1.49754             nan       -0.962385        -1.12284         0.80181               1               1               1               1 
      0.0739383          1.01957         1.55083               0         1.55026             nan        -1.03159        -1.24609        0.889845               1               1               1               1 
      0.0765499          1.02453          1.6056               0         1.60485             nan        -1.10583        -1.38301        0.987647               1               1               1               1 
      0.0792538          1.03062         1.66234               0         1.66135             nan        -1.18549        -1.53517         1.09633               1               1               1               1 
      0.0820532          1.03803         1.72115               0         1.71985             nan        -1.27101        -1.70433         1.21717               1               1               1               1 
      0.0849514          1.04695         1.78211               0         1.78041             nan        -1.36285        -1.89249         1.35158               1               1               1               1 
      0.0879521          1.05755         1.84532               0         1.84311             nan        -1.46152        -2.10191         1.50118               1               1               1               1 
      0.0910587          1.06994          1.9109               0         1.90801             nan        -1.56758        -2.33516         1.66782               1               1               1               1 
      0.0942751          1.08418         1.97894               0         1.97519             nan        -1.68167        -2.59517         1.85357               1               1               1               1 
       0.097605           1.1002          2.0496               0         2.04474             nan        -1.80449        -2.88528         2.06084               1               1               1               1 
       0.101053           1.1178           2.123               0         2.11673             nan        -1.93681        -3.20934         2.29237               1               1               1               1 
       0.104622          1.13666          2.1993               0         2.19125             nan        -2.07951        -3.57172         2.55129               1               1               1               1 
       0.108317          1.15633         2.27867               0         2.26839             nan        -2.23354        -3.97745         2.84121               1               1               1               1 
       0.112143          1.17626         2.36129               0         2.34824             nan        -2.39997        -4.43227         3.16623               1               1               1               1 
       0.116105          1.19588         2.44734               0         2.43089             nan        -2.57997        -4.94274         3.53104               1               1               1               1 
       0.120206          1.21468         2.53704               0         2.51643             nan        -2.77483        -5.51629         3.94098               1               1               1               1 
       0.124451          1.23219         2.63058               0         2.60498             nan        -2.98596        -6.16134         4.40207               1               1               1               1 
       0.128847          1.24811         2.72819               0         2.69661             nan        -3.21485         -6.8874         4.92114               1               1               1               1 
       0.133398          1.26226         2.83009               0         2.79146             nan        -3.46316        -7.70516         5.50586               1               1               1               1 
        0.13811          1.27459          2.9365               0         2.88961             nan        -3.73263        -8.62661         6.16483               1               1               1               1 
       0.142989          1.28514         3.04764               0         2.99119             nan        -4.02515        -9.66519          6.9077               1               1               1               1 
       0.148039          1.29404         3.16375               0         3.09631             nan        -4.34273        -10.8359         7.74527               1               1               1               1 
       0.153268          1.30146         3.28504               0         3.20507             nan        -4.68752        -12.1556         8.68963               1               1               1               1 
       0.158682          1.30757         3.41174               0         3.31763             nan        -5.06182        -13.6432          9.7543               1               1               1               1 
       0.164287          1.31258         3.54409               0         3.43407             nan        -5.46808        -15.3195         10.9544               1               1               1               1 
        0.17009          1.31664         3.68231               0         3.55455             nan        -5.90896        -17.2083         12.3069               1               1               1               1 
       0.176098          1.31993         3.82663               0         3.67917             nan        -6.38728        -19.3359         13.8309               1               1               1               1 
       0.182318          1.32258          3.9773               0         3.80809             nan        -6.90607        -21.7319         15.5475               1               1               1               1 
       0.188758           1.3247         4.13455               0         3.94142             nan        -7.46859        -24.4294         17.4806               1               1               1               1 
       0.195425          1.32641         4.29862               0         4.07932             nan        -8.07834        -27.4657          19.657               1               1               1               1 
       0.202328          1.32777         4.46977               0         4.22193             nan        -8.73909        -30.8824         22.1068               1               1               1               1 
       0.209474          1.32886         4.64824               0         4.36936             nan        -9.45486        -34.7262         24.8633               1               1               1               1 
       0.216873          1.32973          4.8343               0          4.5218             nan          -10.23        -39.0494         27.9644               1               1               1               1 
       0.224534          1.33042          5.0282               0         4.67934             nan        -11.0691        -43.9107         31.4521               1               1               1               1 
       0.232464          1.33098          5.2302               0         4.84217             nan        -11.9773        -49.3757         35.3737               1               1               1               1 
       0.240676          1.33143         5.44058               0         5.01041             nan        -12.9598        -55.5176         39.7818               1               1               1               1 
       0.249177          1.33178         5.65961               0          5.1842             nan        -14.0223        -62.4186         44.7355               1               1               1               1 
       0.257978          1.33207         5.88755               0         5.36371             nan        -15.1711        -70.1701         50.3004               1               1               1               1 
        0.26709           1.3323         6.12469               0         5.54903             nan        -16.4125        -78.8743         56.5499               1               1               1               1 
       0.276524          1.33248         6.37129               0         5.74034             nan        -17.7535        -88.6446         63.5655               1               1               1               1 
       0.286292          1.33263         6.62762               0         5.93774             nan        -19.2015        -99.6076         71.4381               1               1               1               1 
       0.296404          1.33275         6.89395               0         6.14139             nan        -20.7643        -111.903         80.2681               1               1               1               1 
       0.306874          1.33285         7.17053               0         6.35137             nan        -22.4502        -125.687          90.167               1               1               1               1 
       0.317713          1.33293         7.45761               0          6.5678             nan        -24.2677        -141.131         101.258               1               1               1               1 
       0.328935          1.33299         7.75544               0         6.79078             nan        -26.2262        -158.423         113.677               1               1               1               1 
       0.340554          1.33304         8.06422               0         7.02038             nan         -28.335        -177.774         127.572               1               1               1               1 
       0.352583          1.33309         8.38416               0          7.2567             nan        -30.6043        -199.409         143.109               1               1               1               1 
       0.365037          1.33312         8.71545               0         7.49974             nan        -33.0442         -223.58         160.464               1               1               1               1 
        0.37793          1.33315         9.05822               0         7.74957             nan        -35.6654        -250.558         179.834               1               1               1               1 
        0.39128          1.33318         9.41261               0         8.00616             nan        -38.4788        -280.638         201.428               1               1               1               1 
         0.4051          1.33319         9.77868               0         8.26951             nan        -41.4955        -314.137         225.474               1               1               1               1 
       0.419409          1.33321         10.1565               0         8.53958             nan        -44.7267        -351.398         252.217               1               1               1               1 
       0.434224          1.33322          10.546               0         8.81626             nan        -48.1834        -392.786         281.919               1               1               1               1 
       0.449561          1.33324         10.9472               0         9.09944             nan        -51.8768        -438.689         314.856               1               1               1               1 
        0.46544          1.33325         11.3599               0         9.38895             nan        -55.8174        -489.516          351.32               1               1               1               1 
       0.481881          1.33325         11.7839               0         9.68462             nan        -60.0157        -545.695         391.617               1               1               1               1 
       0.498902          1.33326         12.2191               0         9.98619             nan        -64.4813        -607.669         436.065               1               1               1               1 
       0.516524          1.33327          12.665               0         10.2934             nan        -69.2229        -675.895         484.988               1               1               1               1 
       0.534768          1.33327         13.1212               0         10.6058             nan        -74.2483        -750.837         538.717               1               1               1               1 
       0.553657          1.33327         13.5873               0         10.9232             nan        -79.5641        -832.959         597.585               1               1               1               1 
       0.573214          1.33328         14.0626               0          11.245             nan        -85.1753         -922.72         661.917               1               1               1               1 
        0.59346          1.33328         14.5465               0         11.5709             nan        -91.0851        -1020.57         732.033               1               1               1               1 
       0.614423          1.33328         15.0382               0         11.9001             nan        -97.2949        -1126.92         808.235               1               1               1               1 
       0.636125          1.33328          15.537               0         12.2322             nan        -103.804        -1242.18         890.802               1               1               1               1 
       0.658594          1.33328         16.0418               0         12.5666             nan        -110.609         -1366.7         979.985               1               1               1               1 
       0.681857          1.33329         16.5517               0         12.9026             nan        -117.705        -1500.77            1076               1               1               1               1 
       0.705941          1.33329         17.0656               0         13.2395             nan        -125.084        -1644.64         1179.01               1               1               1               1 
       0.730877          1.33329         17.5824               0         13.5767             nan        -132.735        -1798.48         1289.15               1               1               1               1 
       0.756693          1.33329          18.101               0         13.9132             nan        -140.645        -1962.38         1406.48               1               1               1               1 
        0.78342          1.33329         18.6201               0         14.2486             nan        -148.797        -2136.34         1530.99               1               1               1               1 
       0.811092          1.33329         19.1385               0         14.5821             nan        -157.174        -2320.28         1662.63               1               1               1               1 
       0.839741          1.33328         19.6551               0         14.9128             nan        -165.755        -2514.03         1801.27               1               1               1               1 
       0.869403          1.33328         20.1685               0         15.2397             nan        -174.518        -2717.29         1946.71               1               1               1               1 
       0.900112          1.33328         20.6776               0         15.5626             nan        -183.439        -2929.71         2098.69               1               1               1               1 
       0.931905          1.33328         21.1812               0         15.8815             nan         -192.49         -3150.8         2256.86               1               1               1               1 
       0.964822          1.33328         21.6782               0         16.1951             nan        -201.647        -3380.03         2420.83               1               1               1               1 
       0.998901          1.33328         22.1676               0         16.5009             nan         -210.88        -3616.73         2590.15               1               1               1               1 
        1.03418          1.33327         22.6483               0         16.5104             nan        -220.163        -3860.22         2764.31               1               1               1               1 
        1.07071          1.33327         23.1195               0         16.5104             nan        -229.466        -4109.72         2942.75               1               1               1               1 
        1.10853          1.33327         23.5803               0         16.5104             nan        -238.763         -4364.4          3124.9               1               1               1               1 
        1.14769          1.33327           24.03               0         16.5104             nan        -248.026        -4623.41         3310.14               1               1               1               1 
        1.18823          1.33326          24.468               0         16.5104             nan        -257.229        -4885.87         3497.84               1               1               1               1 
         1.2302          1.33326         24.8936               0         16.5104             nan        -266.347        -5150.87         3687.36               1               1               1               1 
        1.27365          1.33326         25.3066               0         16.5104             nan        -275.357        -5417.52         3878.05               1               1               1               1 
        1.31864          1.33325         25.7064               0         16.5104             nan        -284.238        -5684.94          4069.3               1               1               1               1 
        1.36521          1.33325         26.0928               0         16.5104             nan        -292.968        -5952.26         4260.47               1               1               1               1 
        1.41344          1.33324         26.4657               0         16.5104             nan        -301.531        -6218.65         4450.98               1               1               1               1 
        1.46336          1.33324         26.8249               0         16.5104             nan        -309.909        -6483.32         4640.25               1               1               1               1 
        1.51505          1.33323         27.1703               0         16.5104             nan        -318.089        -6745.51         4827.77               1               1               1               1 
        1.56856          1.33322         27.5021               0         16.5104             nan        -326.059        -7004.53         5013.02               1               1               1               1 
        1.62397          1.33322         27.8202               0         16.5104             nan        -333.808        -7259.75         5195.55               1               1               1               1 
        1.68133          1.33321         28.1249               0         16.5104             nan        -341.327        -7510.57         5374.94               1               1               1               1 
        1.74072           1.3332         28.4163               0         16.5104             nan         -348.61        -7756.47         5550.82               1               1               1               1 
         1.8022          1.33319         28.6947               0         16.5104             nan        -355.652        -7996.99         5722.86               1               1               1               1 
        1.86586          1.33318         28.9604               0         16.5104             nan         -362.45        -8231.74         5890.77               1               1               1               1 
        1.93177          1.33317         29.2136               0         16.5104             nan            -369        -8460.34         6054.29               1               1               1               1 
              2          1.33316         29.2149               0         16.5104             nan        -369.032        -8461.48         6055.11               1               1               1               1 
