#  a  GeffG(a,k)  D1(a,k)  D1mnu(a,k) ( D1_transfer(a,k) D1mnu_transfer(a,k) )  D2(a,k)  D3a(a,k)  D3b(a,k)  (source terms)  (Output for k = 1 h/Mpc)
      0.0196078                1        0.410657     0.000174317        0.417238        0.175384      -0.0722741      -0.0230844       0.0164888        0.984888        0.984882        0.984882        0.984882 
      0.0200689                1        0.420548     5.50137e-05        0.427097        0.183585      -0.0757106      -0.0247497       0.0176784        0.984888        0.984882        0.984882        0.984882 
      0.0205408                1        0.430657     2.37418e-05        0.436919        0.191904      -0.0793064      -0.0265326       0.0189518        0.984889        0.984882        0.984882        0.984882 
      0.0210238                1        0.440988     0.000176111        0.446874        0.200613       -0.083069      -0.0284413       0.0203151        0.984889        0.984882        0.984882        0.984882 
      0.0215181                1        0.451548     0.000116033        0.457105        0.209935      -0.0870069      -0.0304856       0.0217751        0.984889        0.984882        0.984882        0.984882 
       0.022024                1        0.462342     1.51452e-05        0.467654        0.219878      -0.0911285      -0.0326752       0.0233388        0.984889        0.984882        0.984882        0.984882 
      0.0225419                1        0.473376     0.000146713        0.478491        0.230288      -0.0954427       -0.035021       0.0250139        0.984889        0.984882        0.984882        0.984882 
      0.0230719                1        0.484656     0.000187053        0.489585        0.241024      -0.0999589      -0.0375345       0.0268085        0.984889        0.984882        0.984882        0.984882 
      0.0236144                1        0.496188     4.95756e-05        0.500915        0.252038       -0.104687      -0.0402279       0.0287314         0.98489        0.984882        0.984882        0.984882 
      0.0241697                1        0.507979     8.78169e-05        0.512497        0.263513       -0.109637      -0.0431145       0.0307919         0.98489        0.984882        0.984882        0.984882 
       0.024738                1        0.520034     0.000221234        0.524345        0.275649        -0.11482      -0.0462083       0.0330002         0.98489        0.984882        0.984882        0.984882 
      0.0253197                1        0.532361     0.000146008         0.53647        0.288599       -0.120246      -0.0495247       0.0353669         0.98489        0.984882        0.984882        0.984882 
       0.025915                1        0.544966     5.55584e-05        0.548882         0.30232       -0.125929      -0.0530797       0.0379037         0.98489        0.984882        0.984882        0.984882 
      0.0265244                1        0.557855     0.000173102        0.561587        0.316657       -0.131879      -0.0568909       0.0406228         0.98489        0.984882        0.984882        0.984882 
       0.027148                1        0.571036      0.00024606        0.574588        0.331471        -0.13811      -0.0609767       0.0435375        0.984891        0.984882        0.984882        0.984882 
      0.0277864                1        0.584516     0.000129516        0.587888        0.346738       -0.144636      -0.0653573        0.046662        0.984891        0.984882        0.984882        0.984882 
      0.0284397                1        0.598302      9.7083e-05        0.601499        0.362671        -0.15147       -0.070054       0.0500115        0.984891        0.984882        0.984882        0.984882 
      0.0291084                1        0.612401     0.000233982        0.615428        0.379477       -0.158627      -0.0750898       0.0536023        0.984891        0.984882        0.984882        0.984882 
      0.0297929                1        0.626821     0.000267152         0.62968        0.397316       -0.166123      -0.0804892       0.0574519        0.984892        0.984882        0.984882        0.984882 
      0.0304934                1         0.64157     0.000148023        0.644264        0.416161       -0.173973      -0.0862786        0.061579        0.984892        0.984882        0.984882        0.984882 
      0.0312104                1        0.656655     0.000139572        0.659191        0.435899       -0.182195      -0.0924861       0.0660036        0.984892        0.984882        0.984882        0.984882 
      0.0319442                1        0.672085     0.000275824        0.674464        0.456427       -0.190807      -0.0991422       0.0707473        0.984892        0.984882        0.984882        0.984882 
      0.0326954                1        0.687868     0.000307415         0.69009        0.477729       -0.199826       -0.106279        0.075833        0.984892        0.984882        0.984882        0.984882 
      0.0334641                1        0.704012     0.000195976        0.706083         0.49992       -0.209273       -0.113931       0.0812854        0.984893        0.984882        0.984882        0.984882 
       0.034251                1        0.720527     0.000175102        0.722449        0.523106       -0.219167       -0.122137       0.0871311        0.984893        0.984882        0.984882        0.984882 
      0.0350563                1         0.73742      0.00030305        0.739193        0.547382       -0.229531       -0.130935       0.0933983        0.984893        0.984882        0.984882        0.984882 
      0.0358806                1        0.754701      0.00036666        0.756329        0.572868       -0.240385       -0.140368        0.100117        0.984893        0.984882        0.984882        0.984882 
      0.0367243                1        0.772379     0.000276609        0.773866        0.599681       -0.251755       -0.150483        0.107321        0.984894        0.984882        0.984882        0.984882 
      0.0375878                1        0.790463     0.000216702         0.79181        0.627912       -0.263663       -0.161327        0.115044        0.984894        0.984882        0.984882        0.984882 
      0.0384716                1        0.808964     0.000312901         0.81017        0.657567       -0.276136       -0.172955        0.123323        0.984894        0.984882        0.984882        0.984882 
      0.0393762                1         0.82789     0.000424648         0.82896        0.688564         -0.2892       -0.185422          0.1322        0.984895        0.984882        0.984882        0.984882 
      0.0403021                1        0.847253      0.00039251        0.848188        0.720814       -0.302884       -0.198788        0.141716        0.984895        0.984882        0.984882        0.984882 
      0.0412497                1        0.867061     0.000297566        0.867862        0.754286       -0.317217       -0.213119        0.151917        0.984895        0.984882        0.984882        0.984882 
      0.0422196                1        0.887327     0.000318466        0.887995        0.789201       -0.332229       -0.228483        0.162854        0.984895        0.984882        0.984882        0.984882 
      0.0432123                1        0.908061     0.000447399        0.908599        0.825823       -0.347952       -0.244955        0.174579        0.984896        0.984882        0.984882        0.984882 
      0.0442284                1        0.929273     0.000513268        0.929681        0.864363       -0.364421       -0.262614        0.187148        0.984896        0.984882        0.984882        0.984882 
      0.0452684                1        0.950975     0.000447841        0.951253        0.904905       -0.381671       -0.281546        0.200622        0.984896        0.984882        0.984882        0.984882 
      0.0463328                1        0.973179     0.000379722        0.973329        0.947424       -0.399739       -0.301842        0.215066        0.984897        0.984882        0.984882        0.984882 
      0.0474222                1        0.995896      0.00043726        0.995919        0.991877       -0.418663         -0.3236         0.23055        0.984897        0.984882        0.984882        0.984882 
      0.0485372                1         1.01914     0.000567555         1.01903         1.03827       -0.438483       -0.346925        0.247148        0.984897        0.984882        0.984882        0.984882 
      0.0496785                1         1.04292     0.000620929         1.04268         1.08677       -0.459243       -0.371929         0.26494        0.984898        0.984882        0.984882        0.984882 
      0.0508466                1         1.06725     0.000559888         1.06689         1.13758       -0.480986       -0.398733        0.284013        0.984898        0.984882        0.984882        0.984882 
      0.0520422                1         1.09214     0.000501935         1.09166         1.19082        -0.50376       -0.427466        0.304457        0.984899        0.984882        0.984882        0.984882 
      0.0532659                1         1.11761     0.000556908           1.117         1.24658       -0.527612       -0.458266        0.326372        0.984899        0.984882        0.984882        0.984882 
      0.0545183                1         1.14367     0.000687469         1.14294         1.30485       -0.552594       -0.491281        0.349863        0.984899        0.984882        0.984882        0.984882 
      0.0558002                1         1.17034     0.000765241         1.16948         1.36562        -0.57876       -0.526671        0.375042          0.9849        0.984882        0.984882        0.984882 
      0.0571123                1         1.19762     0.000733903         1.19663         1.42899       -0.606164       -0.564604        0.402031          0.9849        0.984882        0.984882        0.984882 
      0.0584552                1         1.22553     0.000672155         1.22442          1.4953       -0.634866       -0.605264         0.43096        0.984901        0.984882        0.984882        0.984882 
      0.0598296                1         1.25409     0.000692565         1.25286         1.56491       -0.664926       -0.648845        0.461967        0.984901        0.984882        0.984882        0.984882 
      0.0612364                1         1.28332     0.000809891         1.28195         1.63807       -0.696409       -0.695557        0.495202        0.984901        0.984882        0.984882        0.984882 
      0.0626763                1         1.31322     0.000930949         1.31173         1.71487       -0.729383       -0.745624        0.530824        0.984902        0.984882        0.984882        0.984882 
        0.06415                1         1.34381     0.000964692          1.3422         1.79527       -0.763916       -0.799287        0.569004        0.984902        0.984882        0.984882        0.984882 
      0.0656584                1         1.37512     0.000920604         1.37338         1.87921       -0.800084       -0.856802        0.609925        0.984903        0.984882        0.984882        0.984882 
      0.0672022                1         1.40715     0.000892063         1.40527         1.96677       -0.837962       -0.918444        0.653784        0.984903        0.984882        0.984882        0.984882 
      0.0687824                1         1.43992     0.000954003         1.43792         2.05826       -0.877632       -0.984511        0.700791        0.984904        0.984882        0.984882        0.984882 
      0.0703997                1         1.47345      0.00108816         1.47132         2.15397       -0.919178        -1.05532        0.751171        0.984904        0.984882        0.984882        0.984882 
       0.072055                1         1.50777       0.0012076          1.5055         2.25415       -0.962688         -1.1312        0.805165        0.984905        0.984882        0.984882        0.984882 
      0.0737492                1         1.54287       0.0012461         1.54047         2.35905        -1.00826        -1.21253        0.863034        0.984905        0.984882        0.984882        0.984882 
      0.0754833                1          1.5788      0.00121995         1.57626         2.46893        -1.05598        -1.29969        0.925052        0.984906        0.984882        0.984882        0.984882 
      0.0772582                1         1.61555      0.00120724         1.61288         2.58396        -1.10595        -1.39309        0.991518        0.984906        0.984882        0.984882        0.984882 
      0.0790748                1         1.65316      0.00127241         1.65035         2.70434        -1.15829        -1.49319         1.06275        0.984907        0.984882        0.984882        0.984882 
      0.0809341                1         1.69164       0.0014097          1.6887         2.83033         -1.2131        -1.60046         1.13909        0.984907        0.984882        0.984882        0.984882 
      0.0828371                1         1.73101       0.0015531         1.72794         2.96212         -1.2705        -1.71542          1.2209        0.984908        0.984882        0.984882        0.984882 
      0.0847849                1          1.7713      0.00163723         1.76808         3.09988        -1.33061        -1.83861         1.30857        0.984909        0.984882        0.984882        0.984882 
      0.0867784                1         1.81252       0.0016522         1.80915         3.24401        -1.39355        -1.97062         1.40252        0.984909        0.984882        0.984882        0.984882 
      0.0888189                1          1.8547        0.001648         1.85118         3.39488        -1.45947        -2.11208          1.5032         0.98491        0.984882        0.984882        0.984882 
      0.0909073                1         1.89785       0.0016903         1.89419          3.5528         -1.5285        -2.26366         1.61109        0.984911        0.984882        0.984882        0.984882 
      0.0930448                1         1.94201      0.00180787         1.93819         3.71805        -1.60079        -2.42609         1.72671        0.984911        0.984882        0.984882        0.984882 
      0.0952326                1         1.98719      0.00197314         1.98322         3.89095        -1.67648        -2.60014          1.8506        0.984912        0.984882        0.984882        0.984882 
      0.0974718                1         2.03341      0.00212711          2.0293         4.07171        -1.75575        -2.78665         1.98336        0.984913        0.984882        0.984882        0.984882 
      0.0997637                1         2.08071      0.00222512         2.07643         4.26056        -1.83875        -2.98648         2.12562        0.984913        0.984882        0.984882        0.984882 
       0.102109                1          2.1291      0.00226818         2.12466         4.45805        -1.92567        -3.20061         2.27805        0.984914        0.984882        0.984882        0.984882 
        0.10451                1         2.17862      0.00229915         2.17401         4.66468        -2.01668        -3.43003         2.44139        0.984915        0.984882        0.984882        0.984882 
       0.106968                1         2.22927      0.00237032          2.2245         4.88087        -2.11197        -3.67585         2.61641        0.984915        0.984882        0.984882        0.984882 
       0.109483                1         2.28111      0.00250765         2.27616         5.10707        -2.21176        -3.93923         2.80393        0.984916        0.984882        0.984882        0.984882 
       0.112057                1         2.33414      0.00269561         2.32902         5.34382        -2.31624        -4.22142         3.00486        0.984917        0.984882        0.984882        0.984882 
       0.114692                1         2.38839      0.00289039          2.3831         5.59151        -2.42564        -4.52375         3.22014        0.984918        0.984882        0.984882        0.984882 
       0.117389                1          2.4439       0.0030498         2.43843         5.85051        -2.54019        -4.84766         3.45079        0.984919        0.984882        0.984882        0.984882 
       0.120149                1          2.5007      0.00315934         2.49504         6.12145        -2.66012        -5.19468         3.69792        0.984919        0.984882        0.984882        0.984882 
       0.122974                1          2.5588      0.00323918         2.55297         6.40484        -2.78569        -5.56644         3.96268         0.98492        0.984882        0.984882        0.984882 
       0.125866                1         2.61825      0.00332986         2.61222         6.70109        -2.91716        -5.96472         4.24633        0.984921        0.984882        0.984882        0.984882 
       0.128825                1         2.67906      0.00346754         2.67284         7.01082         -3.0548        -6.39137         4.55021        0.984922        0.984882        0.984882        0.984882 
       0.131854                1         2.74128      0.00366409         2.73486         7.33481        -3.19891        -6.84842         4.87575        0.984923        0.984882        0.984882        0.984882 
       0.134955                1         2.80493      0.00390244         2.79832          7.6736        -3.34977        -7.33802          5.2245        0.984924        0.984882        0.984882        0.984882 
       0.138128                1         2.87005      0.00414819         2.86322         8.02777        -3.50771        -7.86247         5.59808        0.984925        0.984882        0.984882        0.984882 
       0.141376                1         2.93666      0.00436922         2.92962         8.39818        -3.67306        -8.42423         5.99826        0.984926        0.984882        0.984882        0.984882 
         0.1447                1         3.00481      0.00455238         2.99756         8.78556        -3.84614        -9.02593         6.42692        0.984927        0.984882        0.984882        0.984882 
       0.148102                1         3.07451      0.00470891         3.06705         9.19045        -4.02733         -9.6704         6.88607        0.984928        0.984882        0.984882        0.984882 
       0.151585                1         3.14582      0.00486729         3.13814         9.61375          -4.217        -10.3607         7.37786        0.984929        0.984882        0.984882        0.984882 
       0.155149                1         3.21876      0.00505841         3.21086         10.0564        -4.41553        -11.0999         7.90458         0.98493        0.984882        0.984882        0.984882 
       0.158797                1         3.29337        0.005301         3.28524         10.5192        -4.62333        -11.8916         8.46871        0.984931        0.984882        0.984882        0.984882 
       0.162531                1         3.36968      0.00559412         3.36131         11.0028        -4.84083        -12.7394         9.07285        0.984932        0.984882        0.984882        0.984882 
       0.166352                1         3.44773      0.00591931         3.43912         11.5084        -5.06846        -13.6473         9.71983        0.984933        0.984882        0.984882        0.984882 
       0.170264                1         3.52757      0.00625027         3.51871         12.0371         -5.3067        -14.6195         10.4126        0.984934        0.984882        0.984882        0.984882 
       0.174267                1         3.60922      0.00656506         3.60011         12.5894        -5.55603        -15.6604         11.1545        0.984935        0.984882        0.984882        0.984882 
       0.178365                1         3.69272      0.00685523         3.68336         13.1668        -5.81695        -16.7749         11.9488        0.984936        0.984882        0.984882        0.984882 
       0.182559                1         3.77811      0.00712858          3.7685         13.7704        -6.08997        -17.9681         12.7993        0.984938        0.984882        0.984882        0.984882 
       0.186851                1         3.86544      0.00740496         3.85557         14.4011        -6.37566        -19.2454         13.7097        0.984939        0.984882        0.984882        0.984882 
       0.191245                1         3.95474      0.00770786         3.94459         15.0602        -6.67458        -20.6128         14.6844         0.98494        0.984882        0.984882        0.984882 
       0.195742                1         4.04605      0.00805534         4.03562          15.749        -6.98732        -22.0764         15.7278        0.984941        0.984882        0.984882        0.984882 
       0.200344                1         4.13941      0.00845391         4.12871         16.4687         -7.3145        -23.6429         16.8445        0.984943        0.984882        0.984882        0.984882 
       0.205055                1         4.23487      0.00889738         4.22387         17.2204        -7.65676        -25.3194         18.0397        0.984944        0.984882        0.984882        0.984882 
       0.209876                1         4.33246      0.00937029         4.32116         18.0057        -8.01477        -27.1134         19.3187        0.984946        0.984882        0.984882        0.984882 
       0.214811                1         4.43222      0.00985436         4.42063         18.8262        -8.38922         -29.033         20.6873        0.984947        0.984882        0.984882        0.984882 
       0.219862                1          4.5342       0.0103352         4.52231         19.6831        -8.78084        -31.0868         22.1517        0.984948        0.984882        0.984882        0.984882 
       0.225032                1         4.63844       0.0108073         4.62623         20.5779        -9.19038        -33.2839         23.7183         0.98495        0.984882        0.984882        0.984882 
       0.230323                1         4.74497       0.0112752         4.73245         21.5125         -9.6186         -35.634         25.3941        0.984951        0.984882        0.984882        0.984882 
       0.235739                1         4.85385       0.0117515           4.841         22.4886        -10.0663        -38.1475         27.1865        0.984953        0.984882        0.984882        0.984882 
       0.241282                1         4.96511       0.0122529         4.95192         23.5074        -10.5344        -40.8354         29.1033        0.984954        0.984882        0.984882        0.984882 
       0.246955                1         5.07879        0.012795         5.06526         24.5712        -11.0236        -43.7093         31.1529        0.984956        0.984882        0.984882        0.984882 
       0.252762                1         5.19493       0.0133879         5.18106          25.682        -11.5349        -46.7817         33.3441        0.984958        0.984882        0.984882        0.984882 
       0.258705                1         5.31358       0.0140343         5.29936         26.8413        -12.0693        -50.0657         35.6863        0.984959        0.984882        0.984882        0.984882 
       0.264788                1         5.43477       0.0147297         5.42018          28.051        -12.6276        -53.5754         38.1896        0.984961        0.984882        0.984882        0.984882 
       0.271014                1         5.55854       0.0154642          5.5436         29.3138        -13.2109        -57.3254         40.8644        0.984963        0.984882        0.984882        0.984882 
       0.277386                1         5.68493       0.0162264         5.66962         30.6313        -13.8201        -61.3315          43.722        0.984964        0.984882        0.984882        0.984882 
       0.283909                1         5.81398       0.0170068         5.79827         32.0053        -14.4563        -65.6103         46.7741        0.984966        0.984882        0.984882        0.984882 
       0.290584                1         5.94572       0.0177999         5.92962         33.4388        -15.1206        -70.1792         50.0334        0.984968        0.984882        0.984882        0.984882 
       0.297417                1         6.08019       0.0186063         6.06369          34.934        -15.8141        -75.0568         53.5131         0.98497        0.984882        0.984882        0.984882 
        0.30441                1         6.21742       0.0194319         6.20051         36.4928        -16.5378        -80.2625          57.227        0.984972        0.984882        0.984882        0.984882 
       0.311568                1         6.35743       0.0202866         6.34011         38.1177         -17.293        -85.8171         61.1898        0.984974        0.984882        0.984882        0.984882 
       0.318894                1         6.50027        0.021182         6.48253         39.8119        -18.0809         -91.742         65.4171        0.984976        0.984882        0.984882        0.984882 
       0.326392                1         6.64595       0.0221289         6.62779         41.5773        -18.9025        -98.0601          69.925        0.984978        0.984882        0.984882        0.984882 
       0.334067                1         6.79449       0.0231356         6.77589         43.4162        -19.7592        -104.795         74.7307         0.98498        0.984882        0.984882        0.984882 
       0.341922                1         6.94592       0.0242066         6.92688          45.332        -20.6522        -111.972         79.8519        0.984982        0.984882        0.984882        0.984882 
       0.349961                1         7.10026       0.0253423         7.08077         47.3275        -21.5826        -119.618         85.3074        0.984984        0.984882        0.984882        0.984882 
        0.35819                1         7.25752       0.0265397         7.23756         49.4047        -22.5518        -127.758         91.1167        0.984986        0.984882        0.984882        0.984882 
       0.366612                1          7.4177       0.0277939         7.39726         51.5669        -23.5611        -136.423         97.3002        0.984988        0.984882        0.984882        0.984882 
       0.375232                1         7.58082       0.0290994         7.55991         53.8174        -24.6116        -145.642         103.879        0.984991        0.984882        0.984882        0.984882 
       0.384055                1         7.74686       0.0304513         7.72547         56.1583        -25.7047        -155.444         110.875        0.984993        0.984882        0.984882        0.984882 
       0.393086                1         7.91584       0.0318469         7.89395         58.5923        -26.8415        -165.863         118.311        0.984995        0.984882        0.984882        0.984882 
       0.402328                1         8.08774       0.0332863         8.06534         61.1232        -28.0234        -176.932         126.211        0.984998        0.984882        0.984882        0.984882 
       0.411788                1         8.26254       0.0347721         8.23964         63.7538        -29.2515        -188.683         134.598           0.985        0.984882        0.984882        0.984882 
       0.421471                1         8.44023       0.0363093          8.4168         66.4862         -30.527        -201.152         143.498        0.985002        0.984882        0.984882        0.984882 
       0.431381                1         8.62077       0.0379046          8.5968         69.3238        -31.8511        -214.374         152.937        0.985005        0.984882        0.984882        0.984882 
       0.441524                1         8.80412       0.0395657         8.77962         72.2701        -33.2248        -228.386         162.939        0.985008        0.984882        0.984882        0.984882 
       0.451906                1         8.99025       0.0412997         8.96521          75.327        -34.6492        -243.225         173.532         0.98501        0.984882        0.984882        0.984882 
       0.462532                1         9.17911       0.0431133         9.15351         78.4972        -36.1252        -258.928         184.742        0.985013        0.984882        0.984882        0.984882 
       0.473407                1         9.37063       0.0450117         9.34447         81.7843        -37.6538        -275.532         196.596        0.985016        0.984882        0.984882        0.984882 
       0.484539                1         9.56475       0.0469983         9.53803         85.1908        -39.2357        -293.076         209.121        0.985018        0.984882        0.984882        0.984882 
       0.495932                1          9.7614        0.049075          9.7341         88.7186        -40.8718        -311.596         222.344        0.985021        0.984882        0.984882        0.984882 
       0.507593                1         9.96048       0.0512422          9.9326         92.3706        -42.5625        -331.131         236.291        0.985024        0.984882        0.984882        0.984882 
       0.519528                1         10.1619       0.0534996         10.1334         96.1496        -44.3084        -351.716          250.99        0.985027        0.984882        0.984882        0.984882 
       0.531744                1         10.3656       0.0558458         10.3365         100.057        -46.1098        -373.387         266.464         0.98503        0.984882        0.984882        0.984882 
       0.544247                1         10.5714       0.0582796         10.5417         104.094         -47.967        -396.179         282.739        0.985033        0.984882        0.984882        0.984882 
       0.557044                1         10.7792       0.0607999         10.7489         108.265          -49.88        -420.125         299.839        0.985036        0.984882        0.984882        0.984882 
       0.570142                1         10.9888       0.0634063          10.958         112.569        -51.8488        -445.255         317.785        0.985039        0.984882        0.984882        0.984882 
       0.583547                1         11.2003       0.0660987         11.1688         117.009        -53.8729        -471.599         336.598        0.985042        0.984882        0.984882        0.984882 
       0.597269                1         11.4132       0.0688783         11.3811         121.585        -55.9521        -499.183         356.298        0.985045        0.984882        0.984882        0.984882 
       0.611312                1         11.6277       0.0717466         11.5949         126.299        -58.0856         -528.03         376.901        0.985048        0.984882        0.984882        0.984882 
       0.625686                1         11.8433       0.0747058           11.81          131.15        -60.2726        -558.161         398.422        0.985051        0.984882        0.984882        0.984882 
       0.640398                1         12.0601       0.0777587         12.0261          136.14        -62.5121        -589.593         420.873        0.985055        0.984882        0.984882        0.984882 
       0.655456                1         12.2777       0.0809082         12.2431         141.268        -64.8029        -622.337         444.262        0.985058        0.984882        0.984882        0.984882 
       0.670868                1         12.4961        0.084157         12.4608         146.534        -67.1434        -656.403         468.596        0.985061        0.984882        0.984882        0.984882 
       0.686642                1         12.7149       0.0875081         12.6791         151.938         -69.532        -691.795         493.879        0.985065        0.984882        0.984882        0.984882 
       0.702787                1         12.9341       0.0909638         12.8976         157.478        -71.9669        -728.512         520.109        0.985068        0.984882        0.984882        0.984882 
       0.719312                1         13.1533       0.0945261         13.1162         163.151        -74.4459        -766.548         547.283        0.985072        0.984882        0.984882        0.984882 
       0.736226                1         13.3725       0.0981967         13.3347         168.957        -76.9668        -805.891         575.392        0.985075        0.984882        0.984882        0.984882 
       0.753537                1         13.5913        0.101976         13.5529         174.894        -79.5272        -846.526         604.426        0.985079        0.984882        0.984882        0.984882 
       0.771255                1         13.8096        0.105866         13.7705         180.962        -82.1243        -888.431         634.368        0.985083        0.984882        0.984882        0.984882 
       0.789389                1         14.0271        0.109864         13.9874         187.161        -84.7554        -931.579         665.199        0.985086        0.984882        0.984882        0.984882 
        0.80795                1         14.2436        0.113972         14.2034         193.487        -87.4175        -975.935         696.896         0.98509        0.984882        0.984882        0.984882 
       0.826948                1          14.459        0.118188         14.4182         199.928        -90.1075        -1021.46         729.432        0.985094        0.984882        0.984882        0.984882 
       0.846392                1          14.673         0.12251         14.6314         206.471        -92.8221        -1068.12         762.775        0.985097        0.984882        0.984882        0.984882 
       0.866294                1         14.8854        0.126936          14.843         213.108        -95.5581        -1115.85         796.891        0.985101        0.984882        0.984882        0.984882 
       0.886663                1          15.096        0.131466         15.0528         219.855        -98.3119        -1164.61         831.742        0.985105        0.984882        0.984882        0.984882 
       0.907511                1         15.3045        0.136095         15.2609         226.735         -101.08        -1214.34         867.286        0.985109        0.984882        0.984882        0.984882 
        0.92885                1         15.5109        0.140823         15.4671         233.768        -103.859        -1264.97         903.478        0.985113        0.984882        0.984882        0.984882 
        0.95069                1          15.715        0.145645         15.6712         240.926        -106.645        -1316.44         940.272        0.985117        0.984882        0.984882        0.984882 
       0.973044                1         15.9165         0.15056         15.8724          248.11        -109.435        -1368.68         977.618        0.985121        0.984882        0.984882        0.984882 
       0.995923                1         16.1153        0.155564         16.0698         255.226        -112.225        -1421.62         1015.46        0.985124        0.984882        0.984882        0.984882 
        1.01934                1         16.3112        0.160654          16.104         256.464        -115.012        -1475.18         1053.75        0.985125        0.984882        0.984882        0.984882 
        1.04331                1         16.5042        0.165827          16.104         256.464        -117.791        -1529.27         1092.44        0.985125        0.984882        0.984882        0.984882 
        1.06784                1          16.694        0.171079          16.104         256.464         -120.56        -1583.84         1131.45        0.985125        0.984882        0.984882        0.984882 
        1.09295                1         16.8806        0.176407          16.104         256.464        -123.316        -1638.79         1170.75        0.985125        0.984882        0.984882        0.984882 
        1.11865                1         17.0638        0.181806          16.104         256.464        -126.054        -1694.04         1210.26        0.985125        0.984882        0.984882        0.984882 
        1.14495                1         17.2436        0.187274          16.104         256.464        -128.773        -1749.51         1249.93        0.985125        0.984882        0.984882        0.984882 
        1.17187                1         17.4198        0.192805          16.104         256.464        -131.468        -1805.13         1289.71        0.985125        0.984882        0.984882        0.984882 
        1.19943                1         17.5924        0.198396          16.104         256.464        -134.138        -1860.81         1329.54        0.985125        0.984882        0.984882        0.984882 
        1.22763                1         17.7612        0.204043          16.104         256.464        -136.779        -1916.48         1369.36        0.985125        0.984882        0.984882        0.984882 
        1.25649                1         17.9264         0.20974          16.104         256.464        -139.388        -1972.05         1409.11        0.985125        0.984882        0.984882        0.984882 
        1.28604                1         18.0878        0.215484          16.104         256.464        -141.965        -2027.46         1448.75        0.985125        0.984882        0.984882        0.984882 
        1.31628                1         18.2453         0.22127          16.104         256.464        -144.505        -2082.63         1488.22        0.985125        0.984882        0.984882        0.984882 
        1.34723                1          18.399        0.227093          16.104         256.464        -147.008        -2137.49         1527.47        0.985125        0.984882        0.984882        0.984882 
        1.37891                1         18.5488        0.232948          16.104         256.464        -149.471        -2191.97         1566.45        0.985125        0.984882        0.984882        0.984882 
        1.41133                1         18.6948        0.238831          16.104         256.464        -151.893        -2246.02         1605.13        0.985125        0.984882        0.984882        0.984882 
        1.44451                1         18.8369        0.244735          16.104         256.464        -154.272        -2299.56         1643.45        0.985125        0.984882        0.984882        0.984882 
        1.47848                1         18.9751        0.250658          16.104         256.464        -156.607        -2352.56         1681.37        0.985125        0.984882        0.984882        0.984882 
        1.51324                1         19.1096        0.256592          16.104         256.464        -158.896        -2404.94         1718.86        0.985125        0.984882        0.984882        0.984882 
        1.54882                1         19.2402        0.262534          16.104         256.464        -161.139        -2456.66         1755.88        0.985125        0.984882        0.984882        0.984882 
        1.58524                1          19.367        0.268478          16.104         256.464        -163.335        -2507.68          1792.4        0.985125        0.984882        0.984882        0.984882 
        1.62252                1         19.4901        0.274419          16.104         256.464        -165.482        -2557.95         1828.38        0.985125        0.984882        0.984882        0.984882 
        1.66067                1         19.6095        0.280353          16.104         256.464        -167.581        -2607.43          1863.8        0.985125        0.984882        0.984882        0.984882 
        1.69971                1         19.7253        0.286273          16.104         256.464        -169.631        -2656.09         1898.64        0.985125        0.984882        0.984882        0.984882 
        1.73968                1         19.8375        0.292176          16.104         256.464        -171.631         -2703.9         1932.87        0.985125        0.984882        0.984882        0.984882 
        1.78058                1         19.9461        0.298057          16.104         256.464        -173.582        -2750.83         1966.47        0.985125        0.984882        0.984882        0.984882 
        1.82245                1         20.0513        0.303911          16.104         256.464        -175.483        -2796.86         1999.42        0.985125        0.984882        0.984882        0.984882 
         1.8653                1         20.1531        0.309733          16.104         256.464        -177.334        -2841.95         2031.72        0.985125        0.984882        0.984882        0.984882 
        1.90916                1         20.2515        0.315519          16.104         256.464        -179.136         -2886.1         2063.33        0.985125        0.984882        0.984882        0.984882 
        1.95405                1         20.3466        0.321264          16.104         256.464        -180.888         -2929.3         2094.27        0.985125        0.984882        0.984882        0.984882 
              2                1         20.3471        0.321293          16.104         256.464        -180.897        -2929.51         2094.42        0.985125        0.984882        0.984882        0.984882 
