#  a  GeffG(a,k)  D1(a,k)  D1mnu(a,k) ( D1_transfer(a,k) D1mnu_transfer(a,k) )  D2(a,k)  D3a(a,k)  D3b(a,k)  (source terms)  (Output for k = 0.001 h/Mpc)
      0.0196078                1        0.402485        0.400009         0.40625        0.407562       -0.069426      -0.0217334       0.0155238        0.999907        0.984882        0.984882        0.984882 
      0.0200689                1        0.412588        0.409936        0.416259        0.417487      -0.0727271      -0.0233014       0.0166438        0.999903        0.984882        0.984882        0.984882 
      0.0205408                1        0.422906        0.420077        0.426232        0.427378      -0.0761815      -0.0249802       0.0178429        0.999899        0.984882        0.984882        0.984882 
      0.0210238                1        0.433442        0.430437        0.436341        0.437407      -0.0797968      -0.0267784       0.0191271        0.999895        0.984882        0.984882        0.984882 
      0.0215181                1        0.444204        0.441024        0.446732         0.44772      -0.0835812      -0.0287051       0.0205028        0.999892        0.984882        0.984882        0.984882 
       0.022024                1        0.455198        0.451843        0.457449        0.458362      -0.0875431      -0.0307703       0.0219771        0.999889        0.984882        0.984882        0.984882 
      0.0225419                1        0.466429        0.462899         0.46846          0.4693      -0.0916916      -0.0329844       0.0235574        0.999885        0.984882        0.984882        0.984882 
      0.0230719                1        0.477904          0.4742        0.479733        0.480502      -0.0960359      -0.0353589       0.0252516        0.999883        0.984882        0.984882        0.984882 
      0.0236144                1        0.489629        0.485752         0.49125         0.49195       -0.100586      -0.0379058       0.0270683         0.99988        0.984882        0.984882        0.984882 
      0.0241697                1        0.501611        0.497561        0.503023        0.503657       -0.105351      -0.0406382       0.0290167        0.999878        0.984882        0.984882        0.984882 
       0.024738                1        0.513857        0.509634        0.515069        0.515639       -0.110343      -0.0435701       0.0311067        0.999875        0.984882        0.984882        0.984882 
      0.0253197                1        0.526374        0.521978        0.527399        0.527907       -0.115573      -0.0467164       0.0333487        0.999873        0.984882        0.984882        0.984882 
       0.025915                1        0.539167          0.5346        0.540023        0.540472       -0.121052      -0.0500932        0.035754        0.999871        0.984882        0.984882        0.984882 
      0.0265244                1        0.552245        0.547506        0.552948        0.553339       -0.126792      -0.0537178       0.0383349        0.999869        0.984882        0.984882        0.984882 
       0.027148                1        0.565615        0.560705        0.566175        0.566512       -0.132807      -0.0576086       0.0411043        0.999868        0.984882        0.984882        0.984882 
      0.0277864                1        0.579284        0.574203         0.57971        0.579995       -0.139109      -0.0617853       0.0440762        0.999866        0.984882        0.984882        0.984882 
      0.0284397                1         0.59326        0.588008        0.593563        0.593799       -0.145714      -0.0662694       0.0472654        0.999865        0.984882        0.984882        0.984882 
      0.0291084                1        0.607549        0.602128        0.607742        0.607932       -0.152634      -0.0710835       0.0506882        0.999863        0.984882        0.984882        0.984882 
      0.0297929                1        0.622162         0.61657        0.622252        0.622399       -0.159887      -0.0762521       0.0543615        0.999862        0.984882        0.984882        0.984882 
      0.0304934                1        0.637104        0.631343        0.637103         0.63721       -0.167488      -0.0818014        0.058304        0.999861        0.984882        0.984882        0.984882 
      0.0312104                1        0.652385        0.646455        0.652304        0.652374       -0.175453      -0.0877595       0.0625354         0.99986        0.984882        0.984882        0.984882 
      0.0319442                1        0.668012        0.661914        0.667862        0.667897       -0.183802      -0.0941565       0.0670769        0.999859        0.984882        0.984882        0.984882 
      0.0326954                1        0.683996        0.677729        0.683783        0.683787       -0.192551       -0.101025       0.0719512        0.999859        0.984882        0.984882        0.984882 
      0.0334641                1        0.700343        0.693909        0.700079        0.700054       -0.201721       -0.108399       0.0771828        0.999858        0.984882        0.984882        0.984882 
       0.034251                1        0.717063        0.710462        0.716759        0.716709       -0.211332       -0.116316       0.0827978        0.999858        0.984882        0.984882        0.984882 
      0.0350563                1        0.734166        0.727397        0.733827        0.733756       -0.221405       -0.124816       0.0888244        0.999857        0.984882        0.984882        0.984882 
      0.0358806                1         0.75166        0.744725        0.751297        0.751207       -0.231962       -0.133942       0.0952925        0.999857        0.984882        0.984882        0.984882 
      0.0367243                1        0.769556        0.762454        0.769178        0.769074       -0.243027       -0.143739        0.102234        0.999857        0.984882        0.984882        0.984882 
      0.0375878                1        0.787863        0.780594        0.787478        0.787363       -0.254624       -0.154257        0.109685        0.999856        0.984882        0.984882        0.984882 
      0.0384716                1         0.80659        0.799156        0.806205        0.806083        -0.26678       -0.165548        0.117681        0.999856        0.984882        0.984882        0.984882 
      0.0393762                1        0.825749        0.818149        0.825374        0.825248       -0.279519        -0.17767        0.126263        0.999856        0.984882        0.984882        0.984882 
      0.0403021                1        0.845349        0.837585        0.844994        0.844869       -0.292872       -0.190681        0.135472        0.999856        0.984882        0.984882        0.984882 
      0.0412497                1        0.865402        0.857472        0.865072        0.864951       -0.306866       -0.204648        0.145356        0.999857        0.984882        0.984882        0.984882 
      0.0422196                1        0.885918        0.877824        0.885622        0.885509       -0.321534       -0.219641        0.155962        0.999857        0.984882        0.984882        0.984882 
      0.0432123                1        0.906908         0.89865        0.906656        0.906556       -0.336907       -0.235733        0.167345        0.999857        0.984882        0.984882        0.984882 
      0.0442284                1        0.928384        0.919962        0.928181        0.928097       -0.353018       -0.253005        0.179559        0.999857        0.984882        0.984882        0.984882 
      0.0452684                1        0.950357        0.941771        0.950208        0.950145       -0.369905       -0.271543        0.192666        0.999858        0.984882        0.984882        0.984882 
      0.0463328                1         0.97284         0.96409        0.972754        0.972718       -0.387603       -0.291439        0.206731        0.999858        0.984882        0.984882        0.984882 
      0.0474222                1        0.995844        0.986932        0.995831        0.995825       -0.406151       -0.312792        0.221823        0.999859        0.984882        0.984882        0.984882 
      0.0485372                1         1.01938         1.01031         1.01945         1.01948       -0.425591       -0.335707        0.238018        0.999859        0.984882        0.984882        0.984882 
      0.0496785                1         1.04347         1.03423         1.04362         1.04369       -0.445964         -0.3603        0.255394         0.99986        0.984882        0.984882        0.984882 
      0.0508466                1         1.06811         1.05871         1.06836         1.06847       -0.467316        -0.38669        0.274038         0.99986        0.984882        0.984882        0.984882 
      0.0520422                1         1.09333         1.08377         1.09367         1.09384       -0.489693       -0.415009        0.294042        0.999861        0.984882        0.984882        0.984882 
      0.0532659                1         1.11913         1.10941         1.11958         1.11981       -0.513144       -0.445397        0.315506        0.999862        0.984882        0.984882        0.984882 
      0.0545183                1         1.14554         1.13566         1.14611         1.14639       -0.537722       -0.478003        0.338533        0.999862        0.984882        0.984882        0.984882 
      0.0558002                1         1.17256         1.16251         1.17325          1.1736       -0.563478        -0.51299         0.36324        0.999863        0.984882        0.984882        0.984882 
      0.0571123                1         1.20021            1.19         1.20103         1.20144        -0.59047       -0.550529        0.389746        0.999864        0.984882        0.984882        0.984882 
      0.0584552                1         1.22851         1.21814         1.22946         1.22995       -0.618757       -0.590805        0.418183        0.999865        0.984882        0.984882        0.984882 
      0.0598296                1         1.25746         1.24693         1.25856         1.25913       -0.648401       -0.634018         0.44869        0.999865        0.984882        0.984882        0.984882 
      0.0612364                1         1.28709          1.2764         1.28834           1.289       -0.679466       -0.680379        0.481418        0.999866        0.984882        0.984882        0.984882 
      0.0626763                1         1.31741         1.30656         1.31881         1.31957        -0.71202       -0.730116        0.516528        0.999867        0.984882        0.984882        0.984882 
        0.06415                1         1.34844         1.33743         1.35001         1.35087       -0.746134       -0.783475        0.554192        0.999868        0.984882        0.984882        0.984882 
      0.0656584                1         1.38019         1.36903         1.38193          1.3829       -0.781882       -0.840717        0.594595        0.999869        0.984882        0.984882        0.984882 
      0.0672022                1         1.41269         1.40136          1.4146         1.41568       -0.819343       -0.902123        0.637936         0.99987        0.984882        0.984882        0.984882 
      0.0687824                1         1.44594         1.43446         1.44803         1.44924       -0.858598       -0.967995        0.684428        0.999871        0.984882        0.984882        0.984882 
      0.0703997                1         1.47997         1.46833         1.48226         1.48359       -0.899733        -1.03866        0.734298        0.999872        0.984882        0.984882        0.984882 
       0.072055                1          1.5148           1.503         1.51727         1.51874       -0.942836        -1.11445        0.787791        0.999873        0.984882        0.984882        0.984882 
      0.0737492                1         1.55044         1.53848         1.55311         1.55473       -0.988002        -1.19575        0.845169        0.999874        0.984882        0.984882        0.984882 
      0.0754833                1         1.58691          1.5748          1.5898         1.59156        -1.03533        -1.28296        0.906713        0.999875        0.984882        0.984882        0.984882 
      0.0772582                1         1.62424         1.61197         1.62734         1.62926        -1.08492        -1.37649        0.972725        0.999876        0.984882        0.984882        0.984882 
      0.0790748                1         1.66244         1.65001         1.66576         1.66785        -1.13688        -1.47681         1.04353        0.999877        0.984882        0.984882        0.984882 
      0.0809341                1         1.70153         1.68894         1.70508         1.70734        -1.19133        -1.58442         1.11947        0.999879        0.984882        0.984882        0.984882 
      0.0828371                1         1.74153         1.72879         1.74532         1.74777        -1.24838        -1.69982         1.20091         0.99988        0.984882        0.984882        0.984882 
      0.0847849                1         1.78248         1.76957          1.7865         1.78914        -1.30815        -1.82359         1.28827        0.999881        0.984882        0.984882        0.984882 
      0.0867784                1         1.82437         1.81131         1.82865         1.83149        -1.37078        -1.95633         1.38195        0.999882        0.984882        0.984882        0.984882 
      0.0888189                1         1.86725         1.85403         1.87179         1.87483         -1.4364        -2.09869         1.48243        0.999883        0.984882        0.984882        0.984882 
      0.0909073                1         1.91113         1.89776         1.91593         1.91919        -1.50516        -2.25135         1.59018        0.999884        0.984882        0.984882        0.984882 
      0.0930448                1         1.95603         1.94251          1.9611         1.96459        -1.57719        -2.41507         1.70574        0.999885        0.984882        0.984882        0.984882 
      0.0952326                1         2.00199         1.98831         2.00733         2.01106        -1.65267        -2.59064         1.82967        0.999886        0.984882        0.984882        0.984882 
      0.0974718                1         2.04902         2.03518         2.05464         2.05862        -1.73174        -2.77892         1.96257        0.999888        0.984882        0.984882        0.984882 
      0.0997637                1         2.09714         2.08315         2.10305         2.10729        -1.81458        -2.98081         2.10509        0.999889        0.984882        0.984882        0.984882 
       0.102109                1         2.14639         2.13225          2.1526         2.15711        -1.90138         -3.1973         2.25792         0.99989        0.984882        0.984882        0.984882 
        0.10451                1          2.1968         2.18249          2.2033         2.20809         -1.9923        -3.42943          2.4218        0.999891        0.984882        0.984882        0.984882 
       0.106968                1         2.24837         2.23391         2.25519         2.26027        -2.08757        -3.67834         2.59753        0.999892        0.984882        0.984882        0.984882 
       0.109483                1         2.30115         2.28654         2.30829         2.31367        -2.18736        -3.94523         2.78597        0.999894        0.984882        0.984882        0.984882 
       0.112057                1         2.35517          2.3404         2.36263         2.36833        -2.29191         -4.2314         2.98802        0.999895        0.984882        0.984882        0.984882 
       0.114692                1         2.41044         2.39552         2.41824         2.42426        -2.40143        -4.53821         3.20467        0.999896        0.984882        0.984882        0.984882 
       0.117389                1           2.467         2.45193         2.47513         2.48149        -2.51616        -4.86717         3.43696        0.999897        0.984882        0.984882        0.984882 
       0.120149                1         2.52488         2.50965         2.53336         2.54007        -2.63635        -5.21985         3.68602        0.999898        0.984882        0.984882        0.984882 
       0.122974                1         2.58411         2.56873         2.59295         2.60002        -2.76225        -5.59795         3.95304        0.999899        0.984882        0.984882        0.984882 
       0.125866                1         2.64471         2.62918         2.65392         2.66136        -2.89413        -6.00331         4.23933        0.999901        0.984882        0.984882        0.984882 
       0.128825                1         2.70673         2.69104          2.7163         2.72413        -3.03227        -6.43787         4.54626        0.999902        0.984882        0.984882        0.984882 
       0.131854                1         2.77019         2.75435         2.78014         2.78837        -3.17697        -6.90371         4.87531        0.999903        0.984882        0.984882        0.984882 
       0.134955                1         2.83512         2.81913         2.84546         2.85411        -3.32852        -7.40308         5.22806        0.999904        0.984882        0.984882        0.984882 
       0.138128                1         2.90156         2.88542         2.91229         2.92137        -3.48727        -7.93838         5.60621        0.999905        0.984882        0.984882        0.984882 
       0.141376                1         2.96955         2.95325         2.98068          2.9902        -3.65353        -8.51216         6.01157        0.999906        0.984882        0.984882        0.984882 
         0.1447                1          3.0391         3.02265         3.05065         3.06063        -3.82766        -9.12717         6.44609        0.999908        0.984882        0.984882        0.984882 
       0.148102                1         3.11027         3.09367         3.12224         3.13269        -4.01003        -9.78634         6.91184        0.999909        0.984882        0.984882        0.984882 
       0.151585                1         3.18309         3.16634         3.19548         3.20642        -4.20103        -10.4928         7.41105         0.99991        0.984882        0.984882        0.984882 
       0.155149                1         3.25759         3.24068         3.27042         3.28186        -4.40104          -11.25          7.9461        0.999911        0.984882        0.984882        0.984882 
       0.158797                1         3.33381         3.31675         3.34708         3.35905         -4.6105        -12.0614         8.51954        0.999912        0.984882        0.984882        0.984882 
       0.162531                1         3.41178         3.39458         3.42551         3.43801        -4.82983         -12.931         9.13409        0.999913        0.984882        0.984882        0.984882 
       0.166352                1         3.49155          3.4742         3.50574          3.5188         -5.0595        -13.8628         9.79268        0.999914        0.984882        0.984882        0.984882 
       0.170264                1         3.57316         3.55565         3.58783         3.60146        -5.29998        -14.8613         10.4984        0.999916        0.984882        0.984882        0.984882 
       0.174267                1         3.65664         3.63898         3.67178           3.686        -5.55177        -15.9311         11.2546        0.999917        0.984882        0.984882        0.984882 
       0.178365                1         3.74203         3.72422         3.75766         3.77249        -5.81538        -17.0772         12.0649        0.999918        0.984882        0.984882        0.984882 
       0.182559                1         3.82938         3.81142         3.84552         3.86097        -6.09136        -18.3052          12.933        0.999919        0.984882        0.984882        0.984882 
       0.186851                1         3.91872         3.90061         3.93537         3.95147        -6.38027        -19.6206          13.863         0.99992        0.984882        0.984882        0.984882 
       0.191245                1         4.01009         3.99183         4.02726         4.04402        -6.68269        -21.0296         14.8592        0.999921        0.984882        0.984882        0.984882 
       0.195742                1         4.10354         4.08514         4.12125         4.13869        -6.99925        -22.5389         15.9264        0.999922        0.984882        0.984882        0.984882 
       0.200344                1         4.19912         4.18056         4.21737         4.23551        -7.33058        -24.1553         17.0694        0.999923        0.984882        0.984882        0.984882 
       0.205055                1         4.29685         4.27815         4.31566         4.33451        -7.67734        -25.8863         18.2936        0.999924        0.984882        0.984882        0.984882 
       0.209876                1         4.39679         4.37794         4.41615         4.43576        -8.04022        -27.7399         19.6045        0.999925        0.984882        0.984882        0.984882 
       0.214811                1         4.49898         4.47998         4.51892         4.53929        -8.41994        -29.7246         21.0082        0.999926        0.984882        0.984882        0.984882 
       0.219862                1         4.60346         4.58431         4.62399         4.64515        -8.81725        -31.8494         22.5111        0.999927        0.984882        0.984882        0.984882 
       0.225032                1         4.71027         4.69098          4.7314         4.75336        -9.23292         -34.124           24.12        0.999928        0.984882        0.984882        0.984882 
       0.230323                1         4.81947         4.80002          4.8412           4.864        -9.66776        -36.5585         25.8422        0.999929        0.984882        0.984882        0.984882 
       0.235739                1         4.93108         4.91149         4.95345         4.97709        -10.1226        -39.1641         27.6855         0.99993        0.984882        0.984882        0.984882 
       0.241282                1         5.04516         5.02542         5.06815         5.09267        -10.5983        -41.9521          29.658        0.999931        0.984882        0.984882        0.984882 
       0.246955                1         5.16175         5.14186         5.18538          5.2108        -11.0958        -44.9351         31.7685        0.999932        0.984882        0.984882        0.984882 
       0.252762                1         5.28088         5.26085         5.30518         5.33153        -11.6159        -48.1262         34.0264        0.999933        0.984882        0.984882        0.984882 
       0.258705                1         5.40261         5.38244         5.42758         5.45488        -12.1598        -51.5392         36.4414        0.999934        0.984882        0.984882        0.984882 
       0.264788                1         5.52698         5.50666         5.55262         5.58089        -12.7282        -55.1891         39.0242        0.999935        0.984882        0.984882        0.984882 
       0.271014                1         5.65402         5.63355         5.68036         5.70963        -13.3223        -59.0914         41.7858        0.999936        0.984882        0.984882        0.984882 
       0.277386                1         5.78378         5.76316         5.81083         5.84112        -13.9432        -63.2629         44.7381        0.999937        0.984882        0.984882        0.984882 
       0.283909                1         5.91629         5.89553         5.94405          5.9754        -14.5918        -67.7211         47.8934        0.999938        0.984882        0.984882        0.984882 
       0.290584                1         6.05159         6.03069         6.08008         6.11251        -15.2694        -72.4846         51.2651        0.999939        0.984882        0.984882        0.984882 
       0.297417                1         6.18973         6.16868         6.21897         6.25251         -15.977        -77.5732          54.867        0.999939        0.984882        0.984882        0.984882 
        0.30441                1         6.33072         6.30953         6.36072         6.39539        -16.7159        -83.0076         58.7138         0.99994        0.984882        0.984882        0.984882 
       0.311568                1         6.47461         6.45328         6.50538         6.54121        -17.4872        -88.8097         62.8212        0.999941        0.984882        0.984882        0.984882 
       0.318894                1         6.62142         6.59995         6.65299            6.69        -18.2922        -95.0026         67.2055        0.999942        0.984882        0.984882        0.984882 
       0.326392                1         6.77119         6.74958         6.80357         6.84179        -19.1321        -101.611         71.8838        0.999943        0.984882        0.984882        0.984882 
       0.334067                1         6.92394         6.90218         6.95712         6.99659        -20.0081        -108.659         76.8743        0.999944        0.984882        0.984882        0.984882 
       0.341922                1         7.07969         7.05779          7.1137         7.15444        -20.9217        -116.175         82.1959        0.999944        0.984882        0.984882        0.984882 
       0.349961                1         7.23846         7.21642         7.27331         7.31536         -21.874        -124.186         87.8684        0.999945        0.984882        0.984882        0.984882 
        0.35819                1         7.40026         7.37808         7.43597         7.47935        -22.8664        -132.721         93.9126        0.999946        0.984882        0.984882        0.984882 
       0.366612                1          7.5651         7.54279         7.60169         7.64643        -23.9003        -141.811          100.35        0.999947        0.984882        0.984882        0.984882 
       0.375232                1           7.733         7.71055         7.77048         7.81661        -24.9768        -151.488         107.203        0.999948        0.984882        0.984882        0.984882 
       0.384055                1         7.90396         7.88136         7.94233         7.98988        -26.0975        -161.785         114.496        0.999948        0.984882        0.984882        0.984882 
       0.393086                1         8.07796         8.05523         8.11723         8.16623        -27.2635        -172.736         122.252        0.999949        0.984882        0.984882        0.984882 
       0.402328                1           8.255         8.23213         8.29519         8.34567        -28.4762        -184.376         130.497         0.99995        0.984882        0.984882        0.984882 
       0.411788                1         8.43507         8.41207         8.47621         8.52819        -29.7369        -196.741         139.256         0.99995        0.984882        0.984882        0.984882 
       0.421471                1         8.61815         8.59501         8.66024         8.71376        -31.0467         -209.87         148.556        0.999951        0.984882        0.984882        0.984882 
       0.431381                1          8.8042         8.78093         8.84726         8.90236         -32.407          -223.8         158.424        0.999952        0.984882        0.984882        0.984882 
       0.441524                1         8.99319         8.96978         9.03724         9.09395        -33.8189        -238.571         168.889        0.999953        0.984882        0.984882        0.984882 
       0.451906                1         9.18508         9.16154         9.23013         9.28847        -35.2834        -254.223         179.978        0.999953        0.984882        0.984882        0.984882 
       0.462532                1         9.37982         9.35615         9.42586         9.48587        -36.8016        -270.796         191.719        0.999954        0.984882        0.984882        0.984882 
       0.473407                1         9.57734         9.55354          9.6244         9.68609        -38.3745         -288.33         204.143        0.999955        0.984882        0.984882        0.984882 
       0.484539                1         9.77758         9.75365         9.82568         9.88907         -40.003        -306.867         217.278        0.999955        0.984882        0.984882        0.984882 
       0.495932                1         9.98046         9.95641         10.0296         10.0947        -41.6878        -326.447         231.153        0.999956        0.984882        0.984882        0.984882 
       0.507593                1         10.1859         10.1617         10.2361          10.303        -43.4296        -347.111         245.796        0.999956        0.984882        0.984882        0.984882 
       0.519528                1         10.3938         10.3695         10.4451         10.5137         -45.229        -368.898         261.237        0.999957        0.984882        0.984882        0.984882 
       0.531744                1          10.604         10.5796         10.6565         10.7268        -47.0863        -391.848         277.501        0.999958        0.984882        0.984882        0.984882 
       0.544247                1         10.8165          10.792           10.87         10.9423        -49.0018        -415.998         294.618        0.999958        0.984882        0.984882        0.984882 
       0.557044                1         11.0311         11.0064         11.0857         11.1598        -50.9756        -441.385         312.611        0.999959        0.984882        0.984882        0.984882 
       0.570142                1         11.2477         11.2229         11.3034         11.3794        -53.0076        -468.041         331.506        0.999959        0.984882        0.984882        0.984882 
       0.583547                1         11.4661         11.4412         11.5229         11.6008        -55.0977            -496         351.324         0.99996        0.984882        0.984882        0.984882 
       0.597269                1         11.6861         11.6611         11.7441         11.8239        -57.2453        -525.291         372.088         0.99996        0.984882        0.984882        0.984882 
       0.611312                1         11.9077         11.8826         11.9668         12.0485        -59.4498        -555.939         393.815        0.999961        0.984882        0.984882        0.984882 
       0.625686                1         12.1306         12.1054         12.1908         12.2745        -61.7105        -587.967         416.522        0.999961        0.984882        0.984882        0.984882 
       0.640398                1         12.3547         12.3293          12.416         12.5016        -64.0262        -621.395         440.222        0.999962        0.984882        0.984882        0.984882 
       0.655456                1         12.5797         12.5542         12.6422         12.7298        -66.3957        -656.237         464.926        0.999962        0.984882        0.984882        0.984882 
       0.670868                1         12.8055         12.7799         12.8691         12.9587        -68.8175        -692.504         490.641        0.999963        0.984882        0.984882        0.984882 
       0.686642                1         13.0319         13.0062         13.0966         13.1882        -71.2899          -730.2         517.371        0.999963        0.984882        0.984882        0.984882 
       0.702787                1         13.2586         13.2328         13.3245         13.4181        -73.8111        -769.327         545.117        0.999964        0.984882        0.984882        0.984882 
       0.719312                1         13.4854         13.4595         13.5525         13.6481        -76.3788        -809.878         573.875        0.999964        0.984882        0.984882        0.984882 
       0.736226                1         13.7122         13.6862         13.7804         13.8779        -78.9907        -851.843         603.637        0.999965        0.984882        0.984882        0.984882 
       0.753537                1         13.9387         13.9125          14.008         14.1075        -81.6444        -895.207         634.392        0.999965        0.984882        0.984882        0.984882 
       0.771255                1         14.1646         14.1384         14.2351         14.3366         -84.337        -939.945         666.125        0.999965        0.984882        0.984882        0.984882 
       0.789389                1         14.3898         14.3635         14.4614         14.5649        -87.0656        -986.031         698.814        0.999966        0.984882        0.984882        0.984882 
        0.80795                1          14.614         14.5876         14.6868         14.7923        -89.8273        -1033.43         732.437        0.999966        0.984882        0.984882        0.984882 
       0.826948                1          14.837         14.8105          14.911         15.0185        -92.6187         -1082.1         766.964        0.999967        0.984882        0.984882        0.984882 
       0.846392                1         15.0587         15.0321         15.1337         15.2431        -95.4364           -1132         802.363        0.999967        0.984882        0.984882        0.984882 
       0.866294                1         15.2786          15.252         15.3546          15.466        -98.2771        -1183.07         838.598        0.999967        0.984882        0.984882        0.984882 
       0.886663                1         15.4968         15.4701         15.5737          15.687        -101.137        -1235.26         875.628        0.999968        0.984882        0.984882        0.984882 
       0.907511                1         15.7129         15.6861          15.791         15.9062        -104.013        -1288.51         913.411        0.999968        0.984882        0.984882        0.984882 
        0.92885                1         15.9268         15.8999         16.0064         16.1235        -106.901        -1342.74         951.898        0.999968        0.984882        0.984882        0.984882 
        0.95069                1         16.1383         16.1113         16.2196         16.3386        -109.797         -1397.9         991.039        0.999968        0.984882        0.984882        0.984882 
       0.973044                1         16.3472         16.3201         16.4298         16.5507        -112.697         -1453.9         1030.78        0.999969        0.984882        0.984882        0.984882 
       0.995923                1         16.5532         16.5261         16.6361         16.7588        -115.599        -1510.67         1071.07        0.999969        0.984882        0.984882        0.984882 
        1.01934                1         16.7564         16.7292         16.6719         16.7949        -118.497        -1568.12         1111.85        0.999969        0.984882        0.984882        0.984882 
        1.04331                1         16.9565         16.9292         16.6719         16.7949        -121.389        -1626.18         1153.06        0.999969        0.984882        0.984882        0.984882 
        1.06784                1         17.1533          17.126         16.6719         16.7949        -124.271        -1684.76         1194.64        0.999969        0.984882        0.984882        0.984882 
        1.09295                1         17.3468         17.3194         16.6719         16.7949        -127.139        -1743.76         1236.53        0.999969        0.984882        0.984882        0.984882 
        1.11865                1         17.5369         17.5094         16.6719         16.7949        -129.991        -1803.12         1278.67        0.999969        0.984882        0.984882        0.984882 
        1.14495                1         17.7234         17.6958         16.6719         16.7949        -132.821        -1862.73         1320.99        0.999969        0.984882        0.984882        0.984882 
        1.17187                1         17.9062         17.8786         16.6719         16.7949        -135.629        -1922.51         1363.44        0.999969        0.984882        0.984882        0.984882 
        1.19943                1         18.0852         18.0576         16.6719         16.7949         -138.41        -1982.38         1405.95        0.999969        0.984882        0.984882        0.984882 
        1.22763                1         18.2605         18.2328         16.6719         16.7949        -141.162        -2042.24         1448.46        0.999969        0.984882        0.984882        0.984882 
        1.25649                1         18.4319         18.4041         16.6719         16.7949        -143.882        -2102.03         1490.92        0.999969        0.984882        0.984882        0.984882 
        1.28604                1         18.5994         18.5716         16.6719         16.7949        -146.568        -2161.65         1533.27        0.999969        0.984882        0.984882        0.984882 
        1.31628                1         18.7629          18.735         16.6719         16.7949        -149.217        -2221.04         1575.45        0.999969        0.984882        0.984882        0.984882 
        1.34723                1         18.9224         18.8945         16.6719         16.7949        -151.827         -2280.1          1617.4        0.999969        0.984882        0.984882        0.984882 
        1.37891                1          19.078         19.0501         16.6719         16.7949        -154.396        -2338.78         1659.08        0.999969        0.984882        0.984882        0.984882 
        1.41133                1         19.2296         19.2016         16.6719         16.7949        -156.922           -2397         1700.44        0.999969        0.984882        0.984882        0.984882 
        1.44451                1         19.3771         19.3491         16.6719         16.7949        -159.404        -2454.69         1741.43        0.999969        0.984882        0.984882        0.984882 
        1.47848                1         19.5207         19.4926         16.6719         16.7949        -161.841         -2511.8            1782        0.999969        0.984882        0.984882        0.984882 
        1.51324                1         19.6603         19.6322         16.6719         16.7949         -164.23        -2568.27         1822.12        0.999969        0.984882        0.984882        0.984882 
        1.54882                1         19.7959         19.7678         16.6719         16.7949        -166.571        -2624.03         1861.75        0.999969        0.984882        0.984882        0.984882 
        1.58524                1         19.9277         19.8995         16.6719         16.7949        -168.863        -2679.05         1900.85        0.999969        0.984882        0.984882        0.984882 
        1.62252                1         20.0556         20.0273         16.6719         16.7949        -171.105        -2733.27         1939.38        0.999969        0.984882        0.984882        0.984882 
        1.66067                1         20.1796         20.1513         16.6719         16.7949        -173.297        -2786.65         1977.32        0.999969        0.984882        0.984882        0.984882 
        1.69971                1         20.2999         20.2716         16.6719         16.7949        -175.438        -2839.16         2014.64        0.999969        0.984882        0.984882        0.984882 
        1.73968                1         20.4164         20.3881         16.6719         16.7949        -177.527        -2890.76         2051.31        0.999969        0.984882        0.984882        0.984882 
        1.78058                1         20.5293          20.501         16.6719         16.7949        -179.565        -2941.41         2087.32        0.999969        0.984882        0.984882        0.984882 
        1.82245                1         20.6386         20.6102         16.6719         16.7949        -181.551         -2991.1         2122.64        0.999969        0.984882        0.984882        0.984882 
         1.8653                1         20.7443         20.7159         16.6719         16.7949        -183.485         -3039.8         2157.26        0.999969        0.984882        0.984882        0.984882 
        1.90916                1         20.8466         20.8182         16.6719         16.7949        -185.368        -3087.48         2191.16        0.999969        0.984882        0.984882        0.984882 
        1.95405                1         20.9455         20.9171         16.6719         16.7949          -187.2        -3134.13         2224.33        0.999969        0.984882        0.984882        0.984882 
              2                1          20.946         20.9175         16.6719         16.7949        -187.209        -3134.36         2224.49        0.999969        0.984882        0.984882        0.984882 
