#  a  GeffG(a,k)  D1(a,k)  D1mnu(a,k) ( D1_transfer(a,k) D1mnu_transfer(a,k) )  D2(a,k)  D3a(a,k)  D3b(a,k)  (source terms)  (Output for k = 10 h/Mpc)
      0.0196078                1        0.410663     2.18672e-06        0.417246        0.171251      -0.0722759      -0.0230852       0.0164895        0.984882        0.984882        0.984882        0.984882 
      0.0200689                1        0.420553      1.2158e-06        0.427105         0.17991      -0.0757125      -0.0247507        0.017679        0.984882        0.984882        0.984882        0.984882 
      0.0205408                1        0.430662     1.81438e-08        0.436927        0.188596      -0.0793084      -0.0265336       0.0189525        0.984882        0.984882        0.984882        0.984882 
      0.0210238                1        0.440993     1.52747e-06        0.446882        0.197512      -0.0830711      -0.0284424       0.0203159        0.984882        0.984882        0.984882        0.984882 
      0.0215181                1        0.451552     2.07783e-06        0.457113        0.206824      -0.0870091      -0.0304867       0.0217759        0.984882        0.984882        0.984882        0.984882 
       0.022024                1        0.462346     2.13054e-07        0.467662        0.216597      -0.0911308      -0.0326765       0.0233397        0.984882        0.984882        0.984882        0.984882 
      0.0225419                1         0.47338     2.13486e-06          0.4785        0.226807      -0.0954451      -0.0350223       0.0250148        0.984882        0.984882        0.984882        0.984882 
      0.0230719                1         0.48466     1.24363e-06        0.489593        0.237434      -0.0999614      -0.0375359       0.0268095        0.984882        0.984882        0.984882        0.984882 
      0.0236144                1        0.496192     1.34737e-06        0.500924         0.24849        -0.10469      -0.0402294       0.0287325        0.984882        0.984882        0.984882        0.984882 
      0.0241697                1        0.507983     1.97475e-06        0.512505        0.260092        -0.10964      -0.0431161       0.0307931        0.984882        0.984882        0.984882        0.984882 
       0.024738                1        0.520038     1.29811e-06        0.524353        0.272355       -0.114823        -0.04621       0.0330014        0.984882        0.984882        0.984882        0.984882 
      0.0253197                1        0.532364     1.95027e-06        0.536478         0.28537       -0.120249      -0.0495265       0.0353682        0.984882        0.984882        0.984882        0.984882 
       0.025915                1        0.544969      2.0414e-06         0.54889         0.29912       -0.125932      -0.0530816        0.037905        0.984882        0.984882        0.984882        0.984882 
      0.0265244                1        0.557858     1.19271e-06        0.561594        0.313525       -0.131882      -0.0568929       0.0406242        0.984882        0.984882        0.984882        0.984882 
       0.027148                1        0.571039     3.14574e-06        0.574594        0.328512       -0.138114      -0.0609789        0.043539        0.984882        0.984882        0.984882        0.984882 
      0.0277864                1        0.584519     1.25705e-06        0.587895        0.344046       -0.144639      -0.0653596       0.0466636        0.984882        0.984882        0.984882        0.984882 
      0.0284397                1        0.598305     1.99454e-06        0.601506        0.360174       -0.151473      -0.0700564       0.0500133        0.984882        0.984882        0.984882        0.984882 
      0.0291084                1        0.612404     3.44699e-06        0.615434        0.376939       -0.158631      -0.0750923       0.0536042        0.984882        0.984882        0.984882        0.984882 
      0.0297929                1        0.626824     2.07706e-06        0.629686        0.394393       -0.166127      -0.0804919       0.0574539        0.984882        0.984882        0.984882        0.984882 
      0.0304934                1        0.641572     1.47968e-06         0.64427        0.412707       -0.173977      -0.0862814       0.0615811        0.984882        0.984882        0.984882        0.984882 
      0.0312104                1        0.656658     2.86618e-06        0.659195        0.432094       -0.182199      -0.0924891       0.0660058        0.984882        0.984882        0.984882        0.984882 
      0.0319442                1        0.672087     3.91639e-06        0.674468        0.452731       -0.190811      -0.0991453       0.0707496        0.984882        0.984882        0.984882        0.984882 
      0.0326954                1         0.68787      3.5914e-06        0.690095         0.47463       -0.199831       -0.106282       0.0758354        0.984882        0.984882        0.984882        0.984882 
      0.0334641                1        0.704014     2.72673e-06        0.706087        0.497566       -0.209278       -0.113935        0.081288        0.984882        0.984882        0.984882        0.984882 
       0.034251                1        0.720529     2.21848e-06        0.722453        0.521313       -0.219172        -0.12214       0.0871338        0.984882        0.984882        0.984882        0.984882 
      0.0350563                1        0.737422     2.25518e-06        0.739198        0.545725       -0.229536       -0.130939       0.0934011        0.984882        0.984882        0.984882        0.984882 
      0.0358806                1        0.754702      2.6106e-06        0.756333        0.571026       -0.240391       -0.140372         0.10012        0.984882        0.984882        0.984882        0.984882 
      0.0367243                1         0.77238     3.03098e-06        0.773869        0.597547        -0.25176       -0.150487        0.107324        0.984882        0.984882        0.984882        0.984882 
      0.0375878                1        0.790464     3.37242e-06        0.791813        0.625563       -0.263669       -0.161332        0.115047        0.984882        0.984882        0.984882        0.984882 
      0.0384716                1        0.808965     3.58228e-06        0.810173        0.655171       -0.276142        -0.17296        0.123327        0.984882        0.984882        0.984882        0.984882 
      0.0393762                1        0.827891     3.65642e-06        0.828962        0.686265       -0.289206       -0.185427        0.132203        0.984882        0.984882        0.984882        0.984882 
      0.0403021                1        0.847254     3.62986e-06         0.84819        0.718732        -0.30289       -0.198793         0.14172        0.984882        0.984882        0.984882        0.984882 
      0.0412497                1        0.867062     3.60545e-06        0.867863        0.752511       -0.317223       -0.213124        0.151922        0.984882        0.984882        0.984882        0.984882 
      0.0422196                1        0.887328      3.7841e-06        0.887995         0.78777       -0.332235       -0.228488        0.162859        0.984882        0.984882        0.984882        0.984882 
      0.0432123                1        0.908061     4.40779e-06        0.908598        0.824715       -0.347959        -0.24496        0.174583        0.984882        0.984882        0.984882        0.984882 
      0.0442284                1        0.929273     5.51522e-06         0.92968        0.863511       -0.364429        -0.26262        0.187152        0.984882        0.984882        0.984882        0.984882 
      0.0452684                1        0.950976     6.60962e-06        0.951251        0.904262       -0.381679       -0.281552        0.200627        0.984882        0.984882        0.984882        0.984882 
      0.0463328                1        0.973179     6.78639e-06        0.973328        0.947017       -0.399746       -0.301848        0.215071        0.984882        0.984882        0.984882        0.984882 
      0.0474222                1        0.995896     5.85295e-06        0.995919        0.991803        -0.41867       -0.323607        0.230555        0.984882        0.984882        0.984882        0.984882 
      0.0485372                1         1.01914     5.34189e-06         1.01903         1.03867       -0.438491       -0.346932        0.247154        0.984882        0.984882        0.984882        0.984882 
      0.0496785                1         1.04292     6.72888e-06         1.04269         1.08781       -0.459251       -0.371937        0.264946        0.984882        0.984882        0.984882        0.984882 
      0.0508466                1         1.06725     8.16831e-06         1.06689          1.1394       -0.480995       -0.398741        0.284019        0.984882        0.984882        0.984882        0.984882 
      0.0520422                1         1.09214     7.21122e-06         1.09166         1.19357       -0.503769       -0.427474        0.304464        0.984882        0.984882        0.984882        0.984882 
      0.0532659                1         1.11761     6.81339e-06           1.117         1.25037       -0.527621       -0.458274        0.326379        0.984882        0.984882        0.984882        0.984882 
      0.0545183                1         1.14367     8.93491e-06         1.14294         1.30977       -0.552604        -0.49129         0.34987        0.984882        0.984882        0.984882        0.984882 
      0.0558002                1         1.17034     8.67786e-06         1.16947         1.37174       -0.578769       -0.526679        0.375049        0.984882        0.984882        0.984882        0.984882 
      0.0571123                1         1.19762     8.04482e-06         1.19663         1.43631       -0.606174       -0.564613        0.402039        0.984882        0.984882        0.984882        0.984882 
      0.0584552                1         1.22553     1.02243e-05         1.22441         1.50379       -0.634876       -0.605273        0.430968        0.984882        0.984882        0.984882        0.984882 
      0.0598296                1         1.25409      9.3512e-06         1.25285         1.57446       -0.664936       -0.648854        0.461975        0.984882        0.984882        0.984882        0.984882 
      0.0612364                1         1.28332      1.0142e-05         1.28194         1.64854        -0.69642       -0.695567         0.49521        0.984882        0.984882        0.984882        0.984882 
      0.0626763                1         1.31322     1.12175e-05         1.31172         1.72621       -0.729394       -0.745634        0.530833        0.984882        0.984882        0.984882        0.984882 
        0.06415                1         1.34381     1.05618e-05         1.34218         1.80761       -0.763927       -0.799297        0.569013        0.984882        0.984882        0.984882        0.984882 
      0.0656584                1         1.37512     1.24979e-05         1.37336         1.89283       -0.800095       -0.856811        0.609934        0.984882        0.984882        0.984882        0.984882 
      0.0672022                1         1.40715     1.16154e-05         1.40526           1.982       -0.837974       -0.918454        0.653794        0.984882        0.984882        0.984882        0.984882 
      0.0687824                1         1.43992     1.36052e-05          1.4379         2.07542       -0.877644       -0.984521        0.700801        0.984882        0.984882        0.984882        0.984882 
      0.0703997                1         1.47345     1.28205e-05         1.47131         2.17332        -0.91919        -1.05533        0.751181        0.984882        0.984882        0.984882        0.984882 
       0.072055                1         1.50776     1.49137e-05         1.50549          2.2759         -0.9627        -1.13121        0.805176        0.984882        0.984882        0.984882        0.984882 
      0.0737492                1         1.54287     1.40231e-05         1.54046         2.38346        -1.00827        -1.21254        0.863045        0.984882        0.984882        0.984882        0.984882 
      0.0754833                1         1.57879     1.63542e-05         1.57625         2.49629        -1.05599         -1.2997        0.925064        0.984882        0.984882        0.984882        0.984882 
      0.0772582                1         1.61555     1.56101e-05         1.61287         2.61463        -1.10597         -1.3931         0.99153        0.984882        0.984882        0.984882        0.984882 
      0.0790748                1         1.65316     1.72894e-05         1.65033         2.73865         -1.1583         -1.4932         1.06276        0.984882        0.984882        0.984882        0.984882 
      0.0809341                1         1.69164     1.82338e-05         1.68868         2.86843        -1.21311        -1.60047          1.1391        0.984882        0.984882        0.984882        0.984882 
      0.0828371                1         1.73101     1.77677e-05         1.72791         3.00404        -1.27051        -1.71543         1.22091        0.984882        0.984882        0.984882        0.984882 
      0.0847849                1         1.77129     2.04601e-05         1.76805         3.14557        -1.33062        -1.83862         1.30858        0.984882        0.984882        0.984882        0.984882 
      0.0867784                1         1.81252      2.0458e-05         1.80912         3.29356        -1.39357        -1.97062         1.40253        0.984882        0.984882        0.984882        0.984882 
      0.0888189                1         1.85469     2.05583e-05         1.85116         3.44863        -1.45949        -2.11208         1.50321        0.984882        0.984882        0.984882        0.984882 
      0.0909073                1         1.89785     2.33128e-05         1.89416         3.61126        -1.52852        -2.26367          1.6111        0.984882        0.984882        0.984882        0.984882 
      0.0930448                1           1.942     2.39986e-05         1.93816         3.78183         -1.6008         -2.4261         1.72672        0.984882        0.984882        0.984882        0.984882 
      0.0952326                1         1.98718     2.36228e-05         1.98319         3.96058         -1.6765        -2.60015         1.85061        0.984882        0.984882        0.984882        0.984882 
      0.0974718                1          2.0334     2.56478e-05         2.02926         4.14767        -1.75576        -2.78665         1.98337        0.984882        0.984882        0.984882        0.984882 
      0.0997637                1          2.0807     2.81346e-05         2.07639         4.34329        -1.83877        -2.98649         2.12563        0.984882        0.984882        0.984882        0.984882 
       0.102109                1         2.12909     2.86706e-05         2.12462         4.54806        -1.92568        -3.20061         2.27807        0.984882        0.984882        0.984882        0.984882 
        0.10451                1         2.17861     2.87208e-05         2.17397         4.76257        -2.01669        -3.43004          2.4414        0.984882        0.984882        0.984882        0.984882 
       0.106968                1         2.22926     3.03001e-05         2.22446         4.98727        -2.11199        -3.67585         2.61642        0.984882        0.984882        0.984882        0.984882 
       0.109483                1         2.28109     3.29823e-05         2.27612          5.2227        -2.21177        -3.93923         2.80394        0.984882        0.984882        0.984882        0.984882 
       0.112057                1         2.33412     3.51991e-05         2.32898         5.46942        -2.31626        -4.22141         3.00487        0.984882        0.984882        0.984882        0.984882 
       0.114692                1         2.38838     3.63589e-05         2.38306         5.72785        -2.42566        -4.52374         3.22015        0.984882        0.984882        0.984882        0.984882 
       0.117389                1         2.44389     3.70692e-05         2.43838         5.99839         -2.5402        -4.84765          3.4508        0.984882        0.984882        0.984882        0.984882 
       0.120149                1         2.50068     3.81605e-05         2.49499         6.28176        -2.66013        -5.19466         3.69793        0.984882        0.984882        0.984882        0.984882 
       0.122974                1         2.55879     3.99816e-05         2.55291         6.57854         -2.7857        -5.56643         3.96269        0.984882        0.984882        0.984882        0.984882 
       0.125866                1         2.61823     4.23871e-05         2.61216          6.8892        -2.91717         -5.9647         4.24633        0.984882        0.984882        0.984882        0.984882 
       0.128825                1         2.67905     4.50498e-05         2.67277         7.21441        -3.05482        -6.39135         4.55021        0.984882        0.984882        0.984882        0.984882 
       0.131854                1         2.74126     4.77153e-05         2.73479         7.55494        -3.19892        -6.84839         4.87576        0.984882        0.984882        0.984882        0.984882 
       0.134955                1         2.80491     5.02808e-05         2.79824         7.91134        -3.34979        -7.33799          5.2245        0.984882        0.984882        0.984882        0.984882 
       0.138128                1         2.87003      5.2761e-05         2.86314         8.28427        -3.50773        -7.86243         5.59808        0.984882        0.984882        0.984882        0.984882 
       0.141376                1         2.93664     5.52236e-05         2.92954         8.67483        -3.67307        -8.42418         5.99826        0.984882        0.984882        0.984882        0.984882 
         0.1447                1         3.00478     5.77422e-05         2.99747         9.08397        -3.84616        -9.02588         6.42692        0.984882        0.984882        0.984882        0.984882 
       0.148102                1         3.07449     6.03741e-05         3.06696         9.51245        -4.02735        -9.67034         6.88606        0.984882        0.984882        0.984882        0.984882 
       0.151585                1         3.14579     6.31556e-05         3.13803         9.96125        -4.21701        -10.3606         7.37784        0.984882        0.984882        0.984882        0.984882 
       0.155149                1         3.21873     6.61038e-05         3.21075         10.4314        -4.41554        -11.0998         7.90456        0.984882        0.984882        0.984882        0.984882 
       0.158797                1         3.29334     6.92189e-05         3.28512         10.9235        -4.62334        -11.8915         8.46868        0.984882        0.984882        0.984882        0.984882 
       0.162531                1         3.36965      7.2484e-05         3.36118         11.4386        -4.84083        -12.7393         9.07282        0.984882        0.984882        0.984882        0.984882 
       0.166352                1          3.4477     7.58639e-05         3.43899         11.9779        -5.06847        -13.6472         9.71979        0.984882        0.984882        0.984882        0.984882 
       0.170264                1         3.52753     7.93077e-05         3.51857         12.5424        -5.30671        -14.6193         10.4126        0.984882        0.984882        0.984882        0.984882 
       0.174267                1         3.60918     8.27622e-05         3.59996         13.1332        -5.55603        -15.6602         11.1544        0.984882        0.984882        0.984882        0.984882 
       0.178365                1         3.69268     8.62027e-05          3.6832         13.7515        -5.81695        -16.7747         11.9487        0.984882        0.984882        0.984882        0.984882 
       0.182559                1         3.77808      8.9679e-05         3.76833         14.3991        -6.08997        -17.9679         12.7992        0.984882        0.984882        0.984882        0.984882 
       0.186851                1          3.8654     9.33564e-05         3.85538         15.0771        -6.37566        -19.2452         13.7096        0.984882        0.984882        0.984882        0.984882 
       0.191245                1          3.9547     9.75025e-05         3.94439         15.7868        -6.67457        -20.6125         14.6843        0.984883        0.984882        0.984882        0.984882 
       0.195742                1         4.04601      0.00010237         4.03541           16.53        -6.98731        -22.0761         15.7276        0.984883        0.984882        0.984882        0.984882 
       0.200344                1         4.13937     0.000107979         4.12849         17.3079        -7.31449        -23.6426         16.8443        0.984883        0.984882        0.984882        0.984882 
       0.205055                1         4.23482      0.00011395         4.22363         18.1217        -7.65675         -25.319         18.0395        0.984883        0.984882        0.984882        0.984882 
       0.209876                1          4.3324      0.00011962         4.32091         18.9734        -8.01475         -27.113         19.3185        0.984883        0.984882        0.984882        0.984882 
       0.214811                1         4.43217      0.00012459         4.42037          19.865         -8.3892        -29.0325         20.6871        0.984883        0.984882        0.984882        0.984882 
       0.219862                1         4.53414     0.000129324         4.52203         20.7979        -8.78082        -31.0863         22.1515        0.984883        0.984882        0.984882        0.984882 
       0.225032                1         4.63838     0.000134997         4.62593         21.7741        -9.19035        -33.2833          23.718        0.984883        0.984882        0.984882        0.984882 
       0.230323                1         4.74491     0.000142255         4.73214         22.7959        -9.61856        -35.6334         25.3938        0.984883        0.984882        0.984882        0.984882 
       0.235739                1         4.85378     0.000150109         4.84068         23.8655        -10.0663        -38.1468         27.1862        0.984883        0.984882        0.984882        0.984882 
       0.241282                1         4.96504     0.000156906         4.95158         24.9844        -10.5343        -40.8346         29.1029        0.984883        0.984882        0.984882        0.984882 
       0.246955                1         5.07871      0.00016286          5.0649         26.1553        -11.0236        -43.7085         31.1525        0.984883        0.984882        0.984882        0.984882 
       0.252762                1         5.19485     0.000170234         5.18069         27.3805        -11.5349        -46.7808         33.3436        0.984883        0.984882        0.984882        0.984882 
       0.258705                1          5.3135     0.000179662         5.29896         28.6618        -12.0692        -50.0647         35.6858        0.984883        0.984882        0.984882        0.984882 
       0.264788                1         5.43468     0.000188546         5.41976         30.0018        -12.6275        -53.5742          38.189        0.984883        0.984882        0.984882        0.984882 
       0.271014                1         5.55845      0.00019585         5.54315         31.4037        -13.2108        -57.3241         40.8637        0.984883        0.984882        0.984882        0.984882 
       0.277386                1         5.68484      0.00020472         5.66915         32.8701          -13.82        -61.3301         43.7212        0.984883        0.984882        0.984882        0.984882 
       0.283909                1         5.81388     0.000215937         5.79779         34.4033        -14.4562        -65.6087         46.7733        0.984883        0.984882        0.984882        0.984882 
       0.290584                1         5.94562     0.000225708         5.92912         36.0068        -15.1205        -70.1775         50.0325        0.984883        0.984882        0.984882        0.984882 
       0.297417                1         6.08008     0.000234722         6.06317         37.6838        -15.8139        -75.0549          53.512        0.984883        0.984882        0.984882        0.984882 
        0.30441                1         6.21731     0.000246893         6.19996         39.4364        -16.5377        -80.2604         57.2258        0.984883        0.984882        0.984882        0.984882 
       0.311568                1         6.35732     0.000259017         6.33953         41.2683        -17.2929        -85.8148         61.1885        0.984883        0.984882        0.984882        0.984882 
       0.318894                1         6.50014     0.000269333         6.48193         43.1834        -18.0807        -91.7395         65.4157        0.984883        0.984882        0.984882        0.984882 
       0.326392                1         6.64582     0.000282828         6.62715         45.1847        -18.9024        -98.0573         69.9235        0.984883        0.984882        0.984882        0.984882 
       0.334067                1         6.79435     0.000296607         6.77522         47.2752         -19.759        -104.792          74.729        0.984883        0.984882        0.984882        0.984882 
       0.341922                1         6.94578     0.000308672         6.92618         49.4597         -20.652        -111.969           79.85        0.984883        0.984882        0.984882        0.984882 
       0.349961                1         7.10011      0.00032434         7.08004          51.742        -21.5824        -119.614         85.3053        0.984883        0.984882        0.984882        0.984882 
        0.35819                1         7.25736     0.000339082          7.2368          54.125        -22.5516        -127.754         91.1144        0.984883        0.984882        0.984882        0.984882 
       0.366612                1         7.41754      0.00035376         7.39647         56.6134        -23.5608        -136.419         97.2976        0.984883        0.984882        0.984882        0.984882 
       0.375232                1         7.58064      0.00037161         7.55908         59.2119        -24.6113        -145.637         103.876        0.984883        0.984882        0.984882        0.984882 
       0.384055                1         7.74669     0.000387178         7.72461          61.924        -25.7043        -155.439         110.872        0.984883        0.984882        0.984882        0.984882 
       0.393086                1         7.91566     0.000405875         7.89305         64.7534        -26.8412        -165.858         118.308        0.984883        0.984882        0.984882        0.984882 
       0.402328                1         8.08755     0.000424193         8.06441         67.7061         -28.023        -176.925         126.207        0.984883        0.984882        0.984882        0.984882 
       0.411788                1         8.26234     0.000443159         8.23867         70.7864        -29.2511        -188.676         134.594        0.984883        0.984882        0.984882        0.984882 
       0.421471                1         8.44001     0.000464168         8.41579         73.9978        -30.5266        -201.144         143.494        0.984883        0.984882        0.984882        0.984882 
       0.431381                1         8.62054     0.000484143         8.59575         77.3459        -31.8506        -214.366         152.932        0.984883        0.984882        0.984882        0.984882 
       0.441524                1         8.80389     0.000507277         8.77853         80.8362        -33.2242        -228.377         162.934        0.984883        0.984882        0.984882        0.984882 
       0.451906                1         8.99001     0.000528931         8.96407         84.4723        -34.6486        -243.215         173.526        0.984883        0.984882        0.984882        0.984882 
       0.462532                1         9.17885     0.000553976         9.15233         88.2589        -36.1246        -258.917         184.735        0.984883        0.984882        0.984882        0.984882 
       0.473407                1         9.37037       0.0005776         9.34325         92.2025        -37.6531         -275.52         196.589        0.984883        0.984882        0.984882        0.984882 
       0.484539                1         9.56447     0.000604642         9.53677         96.3078         -39.235        -293.063         209.113        0.984883        0.984882        0.984882        0.984882 
       0.495932                1         9.76111     0.000630364          9.7328         100.579         -40.871        -311.582         222.336        0.984883        0.984882        0.984882        0.984882 
       0.507593                1         9.96018     0.000659528         9.93126         105.022        -42.5617        -331.115         236.282        0.984884        0.984882        0.984882        0.984882 
       0.519528                1         10.1616     0.000687554         10.1321         109.642        -44.3075        -351.699          250.98        0.984884        0.984882        0.984882        0.984882 
       0.531744                1         10.3652     0.000718797         10.3351         114.444        -46.1089        -373.369         266.453        0.984884        0.984882        0.984882        0.984882 
       0.544247                1          10.571     0.000749581         10.5402         119.433         -47.966        -396.159         282.727        0.984884        0.984882        0.984882        0.984882 
       0.557044                1         10.7788     0.000782581         10.7474         124.614         -49.879        -420.103         299.826        0.984884        0.984882        0.984882        0.984882 
       0.570142                1         10.9885     0.000816799         10.9564         129.993        -51.8476        -445.232         317.771        0.984884        0.984882        0.984882        0.984882 
       0.583547                1         11.1999      0.00085121         11.1671         135.573        -53.8717        -471.574         336.583        0.984884        0.984882        0.984882        0.984882 
       0.597269                1         11.4128     0.000889182         11.3794          141.36        -55.9508        -499.156         356.282        0.984884        0.984882        0.984882        0.984882 
       0.611312                1         11.6272     0.000925535         11.5931         147.359        -58.0842        -528.001         376.884        0.984884        0.984882        0.984882        0.984882 
       0.625686                1         11.8429     0.000966211         11.8081         153.573        -60.2712         -558.13         398.403        0.984884        0.984882        0.984882        0.984882 
       0.640398                1         12.0596       0.0010065         12.0242         160.008        -62.5106        -589.558         420.852        0.984884        0.984882        0.984882        0.984882 
       0.655456                1         12.2772      0.00104807         12.2411          166.67        -64.8012          -622.3          444.24        0.984884        0.984882        0.984882        0.984882 
       0.670868                1         12.4956      0.00109338         12.4588         173.562        -67.1416        -656.364         468.573        0.984884        0.984882        0.984882        0.984882 
       0.686642                1         12.7144      0.00113701         12.6769         180.688        -69.5301        -691.753         493.853        0.984884        0.984882        0.984882        0.984882 
       0.702787                1         12.9335      0.00118434         12.8954         188.052        -71.9649        -728.466         520.081        0.984884        0.984882        0.984882        0.984882 
       0.719312                1         13.1528      0.00123372         13.1139         195.655        -74.4438        -766.498         547.253        0.984884        0.984882        0.984882        0.984882 
       0.736226                1         13.3719      0.00128194         13.3324         203.498        -76.9646        -805.839          575.36        0.984884        0.984882        0.984882        0.984882 
       0.753537                1         13.5907      0.00133442         13.5505         211.589        -79.5248         -846.47         604.391        0.984884        0.984882        0.984882        0.984882 
       0.771255                1          13.809      0.00138863         13.7681         219.937        -82.1219        -888.371         634.331        0.984884        0.984882        0.984882        0.984882 
       0.789389                1         14.0265      0.00144189         13.9849         228.551        -84.7528        -931.514          665.16        0.984884        0.984882        0.984882        0.984882 
        0.80795                1          14.243      0.00149892         14.2009         237.429        -87.4148        -975.867         696.854        0.984884        0.984882        0.984882        0.984882 
       0.826948                1         14.4584      0.00155876         14.4156         246.556        -90.1047        -1021.39         729.387        0.984885        0.984882        0.984882        0.984882 
       0.846392                1         14.6723      0.00161776         14.6288         255.918        -92.8192        -1068.04         762.728        0.984885        0.984882        0.984882        0.984882 
       0.866294                1         14.8847       0.0016788         14.8403         265.505        -95.5549        -1115.77         796.841        0.984885        0.984882        0.984882        0.984882 
       0.886663                1         15.0952      0.00174396           15.05         275.361        -98.3086        -1164.53         831.688        0.984885        0.984882        0.984882        0.984882 
       0.907511                1         15.3038      0.00181007          15.258         285.554        -101.077        -1214.25         867.229        0.984885        0.984882        0.984882        0.984882 
        0.92885                1         15.5102      0.00187605         15.4642         296.138        -103.855        -1264.88         903.419        0.984885        0.984882        0.984882        0.984882 
        0.95069                1         15.7142      0.00194483         15.6682         307.064        -106.642        -1316.34         940.209        0.984885        0.984882        0.984882        0.984882 
       0.973044                1         15.9157      0.00201731         15.8693         318.128        -109.431        -1368.57         977.551        0.984885        0.984882        0.984882        0.984882 
       0.995923                1         16.1144      0.00209108         16.0667         329.136        -112.221         -1421.5         1015.39        0.984885        0.984882        0.984882        0.984882 
        1.01934                1         16.3104      0.00216503          16.101         331.052        -115.007        -1475.05         1053.68        0.984885        0.984882        0.984882        0.984882 
        1.04331                1         16.5033      0.00224093          16.101         331.052        -117.787        -1529.15         1092.36        0.984885        0.984882        0.984882        0.984882 
        1.06784                1         16.6931      0.00232034          16.101         331.052        -120.556        -1583.71         1131.37        0.984885        0.984882        0.984882        0.984882 
        1.09295                1         16.8797      0.00240247          16.101         331.052        -123.311        -1638.65         1170.66        0.984885        0.984882        0.984882        0.984882 
        1.11865                1         17.0629       0.0024857          16.101         331.052        -126.049        -1693.89         1210.17        0.984885        0.984882        0.984882        0.984882 
        1.14495                1         17.2426      0.00256973          16.101         331.052        -128.768        -1749.36         1249.84        0.984885        0.984882        0.984882        0.984882 
        1.17187                1         17.4188       0.0026557          16.101         331.052        -131.463        -1804.97         1289.61        0.984885        0.984882        0.984882        0.984882 
        1.19943                1         17.5913       0.0027447          16.101         331.052        -134.132        -1860.64         1329.44        0.984885        0.984882        0.984882        0.984882 
        1.22763                1         17.7602      0.00283673          16.101         331.052        -136.773         -1916.3         1369.25        0.984885        0.984882        0.984882        0.984882 
        1.25649                1         17.9253      0.00293091          16.101         331.052        -139.383        -1971.87            1409        0.984885        0.984882        0.984882        0.984882 
        1.28604                1         18.0867      0.00302648          16.101         331.052        -141.959        -2027.27         1448.63        0.984885        0.984882        0.984882        0.984882 
        1.31628                1         18.2442       0.0031234          16.101         331.052        -144.499        -2082.43          1488.1        0.984885        0.984882        0.984882        0.984882 
        1.34723                1         18.3979      0.00322224          16.101         331.052        -147.002        -2137.28         1527.35        0.984885        0.984882        0.984882        0.984882 
        1.37891                1         18.5477      0.00332366          16.101         331.052        -149.465        -2191.76         1566.33        0.984885        0.984882        0.984882        0.984882 
        1.41133                1         18.6936      0.00342797          16.101         331.052        -151.887         -2245.8            1605        0.984885        0.984882        0.984882        0.984882 
        1.44451                1         18.8357      0.00353506          16.101         331.052        -154.266        -2299.34         1643.31        0.984885        0.984882        0.984882        0.984882 
        1.47848                1          18.974      0.00364454          16.101         331.052          -156.6        -2352.33         1681.23        0.984885        0.984882        0.984882        0.984882 
        1.51324                1         19.1084      0.00375605          16.101         331.052        -158.889         -2404.7         1718.71        0.984885        0.984882        0.984882        0.984882 
        1.54882                1          19.239      0.00386942          16.101         331.052        -161.132        -2456.42         1755.73        0.984885        0.984882        0.984882        0.984882 
        1.58524                1         19.3658      0.00398473          16.101         331.052        -163.327        -2507.43         1792.24        0.984885        0.984882        0.984882        0.984882 
        1.62252                1         19.4889      0.00410219          16.101         331.052        -165.475        -2557.69         1828.22        0.984885        0.984882        0.984882        0.984882 
        1.66067                1         19.6083      0.00422209          16.101         331.052        -167.573        -2607.17         1863.64        0.984885        0.984882        0.984882        0.984882 
        1.69971                1          19.724      0.00434464          16.101         331.052        -169.623        -2655.82         1898.47        0.984885        0.984882        0.984882        0.984882 
        1.73968                1         19.8362      0.00446995          16.101         331.052        -171.623        -2703.63          1932.7        0.984885        0.984882        0.984882        0.984882 
        1.78058                1         19.9448      0.00459803          16.101         331.052        -173.573        -2750.55         1966.29        0.984885        0.984882        0.984882        0.984882 
        1.82245                1           20.05      0.00472881          16.101         331.052        -175.474        -2796.56         1999.24        0.984885        0.984882        0.984882        0.984882 
         1.8653                1         20.1517      0.00486219          16.101         331.052        -177.325        -2841.65         2031.53        0.984885        0.984882        0.984882        0.984882 
        1.90916                1         20.2501      0.00499807          16.101         331.052        -179.127         -2885.8         2063.15        0.984885        0.984882        0.984882        0.984882 
        1.95405                1         20.3452      0.00513638          16.101         331.052         -180.88        -2928.98         2094.07        0.984885        0.984882        0.984882        0.984882 
              2                1         20.3457      0.00513707          16.101         331.052        -180.888         -2929.2         2094.23        0.984885        0.984882        0.984882        0.984882 
