#  a  GeffG(a,k)  D1(a,k)  D1mnu(a,k) ( D1_transfer(a,k) D1mnu_transfer(a,k) )  D2(a,k)  D3a(a,k)  D3b(a,k)  (source terms)  (Output for k = 0.0001 h/Mpc)
      0.0196078                1        0.402199        0.405256        0.405597        0.408064      -0.0693274      -0.0216871       0.0154908         1.00011        0.984882        0.984882        0.984882 
      0.0200689                1        0.412313        0.415312        0.415607        0.418001      -0.0726238      -0.0232517       0.0166084         1.00011        0.984882        0.984882        0.984882 
      0.0205408                1         0.42264        0.425582        0.425581        0.427904      -0.0760733       -0.024927       0.0178049         1.00011        0.984882        0.984882        0.984882 
      0.0210238                1        0.433186        0.436072        0.435692        0.437944      -0.0796835      -0.0267214       0.0190864          1.0001        0.984882        0.984882        0.984882 
      0.0215181                1        0.443957        0.446787        0.446085        0.448267      -0.0834626      -0.0286441       0.0204593          1.0001        0.984882        0.984882        0.984882 
       0.022024                1         0.45496        0.457734        0.456805        0.458918       -0.087419       -0.030705       0.0219305         1.00009        0.984882        0.984882        0.984882 
      0.0225419                1          0.4662         0.46892         0.46782        0.469864      -0.0915618      -0.0329147       0.0235075         1.00009        0.984882        0.984882        0.984882 
      0.0230719                1        0.477684        0.480349        0.479097        0.481074      -0.0959001      -0.0352845       0.0251983         1.00009        0.984882        0.984882        0.984882 
      0.0236144                1        0.489418         0.49203        0.490618        0.492527       -0.100444      -0.0378264       0.0270114         1.00008        0.984882        0.984882        0.984882 
      0.0241697                1        0.501409        0.503968        0.502397        0.504239       -0.105203      -0.0405536       0.0289561         1.00008        0.984882        0.984882        0.984882 
       0.024738                1        0.513663        0.516169        0.514449        0.516224       -0.110188        -0.04348        0.031042         1.00008        0.984882        0.984882        0.984882 
      0.0253197                1        0.526187        0.528642        0.526787        0.528496       -0.115411      -0.0466207       0.0332798         1.00007        0.984882        0.984882        0.984882 
       0.025915                1        0.538989        0.541392        0.539419        0.541062       -0.120883      -0.0499915       0.0356807         1.00007        0.984882        0.984882        0.984882 
      0.0265244                1        0.552075        0.554427        0.552351         0.55393       -0.126616      -0.0536099        0.038257         1.00007        0.984882        0.984882        0.984882 
       0.027148                1        0.565452        0.567755        0.565588        0.567102       -0.132624      -0.0574942       0.0410215         1.00006        0.984882        0.984882        0.984882 
      0.0277864                1        0.579128        0.581382        0.579133        0.580583       -0.138919      -0.0616642       0.0439883         1.00006        0.984882        0.984882        0.984882 
      0.0284397                1        0.593111        0.595316        0.592997        0.594383       -0.145515      -0.0661413       0.0471722         1.00006        0.984882        0.984882        0.984882 
      0.0291084                1        0.607408        0.609564        0.607188        0.608511       -0.152428      -0.0709481       0.0505894         1.00006        0.984882        0.984882        0.984882 
      0.0297929                1        0.622028        0.624136        0.621711        0.622971       -0.159673      -0.0761092       0.0542569         1.00005        0.984882        0.984882        0.984882 
      0.0304934                1        0.636977        0.639038        0.636576        0.637772       -0.167265      -0.0816506       0.0581933         1.00005        0.984882        0.984882        0.984882 
      0.0312104                1        0.652265        0.654279        0.651792        0.652926       -0.175222      -0.0876006       0.0624184         1.00005        0.984882        0.984882        0.984882 
      0.0319442                1        0.667899        0.669867        0.667366        0.668437       -0.183562      -0.0939893       0.0669532         1.00005        0.984882        0.984882        0.984882 
      0.0326954                1        0.683889        0.685811        0.683303        0.684313       -0.192302       -0.100849       0.0718206         1.00005        0.984882        0.984882        0.984882 
      0.0334641                1        0.700243         0.70212        0.699618        0.700565       -0.201463       -0.108214        0.077045         1.00004        0.984882        0.984882        0.984882 
       0.034251                1         0.71697        0.718802        0.716317        0.717202       -0.211064       -0.116122       0.0826525         1.00004        0.984882        0.984882        0.984882 
      0.0350563                1         0.73408        0.735867        0.733406        0.734229       -0.221127       -0.124613       0.0886712         1.00004        0.984882        0.984882        0.984882 
      0.0358806                1        0.751581        0.753325        0.750898        0.751658       -0.231675       -0.133729       0.0951312         1.00004        0.984882        0.984882        0.984882 
      0.0367243                1        0.769483        0.771184        0.768803        0.769501        -0.24273       -0.143516        0.102065         1.00004        0.984882        0.984882        0.984882 
      0.0375878                1        0.787796        0.789454        0.787128        0.787765       -0.254317       -0.154024        0.109506         1.00004        0.984882        0.984882        0.984882 
      0.0384716                1         0.80653        0.808146        0.805881        0.806457       -0.266462       -0.165305        0.117493         1.00003        0.984882        0.984882        0.984882 
      0.0393762                1        0.825696        0.827269        0.825077        0.825592       -0.279191       -0.177415        0.126065         1.00003        0.984882        0.984882        0.984882 
      0.0403021                1        0.845302        0.846834        0.844726        0.845179       -0.292532       -0.190416        0.135265         1.00003        0.984882        0.984882        0.984882 
      0.0412497                1        0.865361        0.866853        0.864834        0.865224       -0.306516       -0.204371        0.145139         1.00003        0.984882        0.984882        0.984882 
      0.0422196                1        0.885884        0.887334        0.885416        0.885743       -0.321172       -0.219352        0.155735         1.00003        0.984882        0.984882        0.984882 
      0.0432123                1         0.90688        0.908291        0.906484        0.906748       -0.336533       -0.235432        0.167106         1.00003        0.984882        0.984882        0.984882 
      0.0442284                1        0.928363        0.929734        0.928046        0.928247       -0.352633       -0.252693        0.179309         1.00003        0.984882        0.984882        0.984882 
      0.0452684                1        0.950343        0.951675        0.950114        0.950251       -0.369508       -0.271219        0.192405         1.00003        0.984882        0.984882        0.984882 
      0.0463328                1        0.972832        0.974125        0.972703        0.972777       -0.387194       -0.291102        0.206457         1.00002        0.984882        0.984882        0.984882 
      0.0474222                1        0.995843        0.997098        0.995823        0.995834        -0.40573       -0.312443        0.221537         1.00002        0.984882        0.984882        0.984882 
      0.0485372                1         1.01939          1.0206         1.01948         1.01943       -0.425157       -0.335346        0.237718         1.00002        0.984882        0.984882        0.984882 
      0.0496785                1         1.04348         1.04466          1.0437         1.04358       -0.445518       -0.359925        0.255081         1.00002        0.984882        0.984882        0.984882 
      0.0508466                1         1.06813         1.06927         1.06849         1.06831       -0.466857       -0.386303        0.273711         1.00002        0.984882        0.984882        0.984882 
      0.0520422                1         1.09336         1.09446         1.09385         1.09361       -0.489221       -0.414609        0.293701         1.00002        0.984882        0.984882        0.984882 
      0.0532659                1         1.11917         1.12024         1.11982         1.11951       -0.512659       -0.444984         0.31515         1.00002        0.984882        0.984882        0.984882 
      0.0545183                1         1.14558         1.14661         1.14639         1.14602       -0.537223       -0.477578        0.338163         1.00002        0.984882        0.984882        0.984882 
      0.0558002                1         1.17261         1.17361         1.17359         1.17316       -0.562966       -0.512551        0.362853         1.00002        0.984882        0.984882        0.984882 
      0.0571123                1         1.20026         1.20123         1.20143         1.20093       -0.589944       -0.550078        0.389343         1.00002        0.984882        0.984882        0.984882 
      0.0584552                1         1.22857          1.2295         1.22993         1.22935       -0.618217       -0.590342        0.417764         1.00002        0.984882        0.984882        0.984882 
      0.0598296                1         1.25753         1.25842         1.25909         1.25845       -0.647847       -0.633542        0.448254         1.00002        0.984882        0.984882        0.984882 
      0.0612364                1         1.28717         1.28803         1.28894         1.28823       -0.678897       -0.679891        0.480965         1.00001        0.984882        0.984882        0.984882 
      0.0626763                1         1.31749         1.31832         1.31949          1.3187       -0.711437       -0.729616        0.516058         1.00001        0.984882        0.984882        0.984882 
        0.06415                1         1.34853         1.34933         1.35076          1.3499       -0.745537       -0.782964        0.553704         1.00001        0.984882        0.984882        0.984882 
      0.0656584                1         1.38029         1.38105         1.38276         1.38184       -0.781271       -0.840195        0.594089         1.00001        0.984882        0.984882        0.984882 
      0.0672022                1          1.4128         1.41353          1.4155         1.41451       -0.818717       -0.901591        0.637411         1.00001        0.984882        0.984882        0.984882 
      0.0687824                1         1.44606         1.44676         1.44902         1.44796       -0.857957       -0.967454        0.683883         1.00001        0.984882        0.984882        0.984882 
      0.0703997                1          1.4801         1.48076         1.48333          1.4822       -0.899077        -1.03811        0.733734         1.00001        0.984882        0.984882        0.984882 
       0.072055                1         1.51493         1.51557         1.51844         1.51724       -0.942166        -1.11389        0.787207         1.00001        0.984882        0.984882        0.984882 
      0.0737492                1         1.55058         1.55118         1.55438          1.5531       -0.987317        -1.19519        0.844566         1.00001        0.984882        0.984882        0.984882 
      0.0754833                1         1.58706         1.58764         1.59117         1.58981        -1.03463        -1.28239         0.90609         1.00001        0.984882        0.984882        0.984882 
      0.0772582                1          1.6244         1.62494         1.62881         1.62738        -1.08421        -1.37592        0.972082         1.00001        0.984882        0.984882        0.984882 
      0.0790748                1         1.66261         1.66312         1.66733         1.66582        -1.13615        -1.47624         1.04286         1.00001        0.984882        0.984882        0.984882 
      0.0809341                1         1.70171         1.70219         1.70676         1.70518        -1.19058        -1.58384         1.11878         1.00001        0.984882        0.984882        0.984882 
      0.0828371                1         1.74172         1.74217         1.74712         1.74546        -1.24762        -1.69924         1.20021         1.00001        0.984882        0.984882        0.984882 
      0.0847849                1         1.78267          1.7831         1.78842         1.78668        -1.30738        -1.82302         1.28754         1.00001        0.984882        0.984882        0.984882 
      0.0867784                1         1.82458         1.82497         1.83069         1.82886        -1.36999        -1.95576         1.38121         1.00001        0.984882        0.984882        0.984882 
      0.0888189                1         1.86747         1.86783         1.87396         1.87204         -1.4356        -2.09813         1.48166         1.00001        0.984882        0.984882        0.984882 
      0.0909073                1         1.91136         1.91169         1.91823         1.91623        -1.50434        -2.25081          1.5894         1.00001        0.984882        0.984882        0.984882 
      0.0930448                1         1.95627         1.95658         1.96354         1.96146        -1.57636        -2.41454         1.70494         1.00001        0.984882        0.984882        0.984882 
      0.0952326                1         2.00224         2.00252         2.00992         2.00775        -1.65182        -2.59013         1.82885         1.00001        0.984882        0.984882        0.984882 
      0.0974718                1         2.04928         2.04953         2.05738         2.05512        -1.73088        -2.77843         1.96174         1.00001        0.984882        0.984882        0.984882 
      0.0997637                1         2.09741         2.09764         2.10595          2.1036        -1.81371        -2.98035         2.10424         1.00001        0.984882        0.984882        0.984882 
       0.102109                1         2.14668         2.14688         2.15565         2.15322        -1.90049        -3.19687         2.25705         1.00001        0.984882        0.984882        0.984882 
        0.10451                1         2.19709         2.19727         2.20653           2.204        -1.99141        -3.42904         2.42092         1.00001        0.984882        0.984882        0.984882 
       0.106968                1         2.24868         2.24883         2.25859         2.25597        -2.08666          -3.678         2.59665         1.00001        0.984882        0.984882        0.984882 
       0.109483                1         2.30147          2.3016         2.31186         2.30915        -2.18644        -3.94494         2.78507         1.00001        0.984882        0.984882        0.984882 
       0.112057                1          2.3555          2.3556         2.36638         2.36358        -2.29098        -4.23116         2.98712               1        0.984882        0.984882        0.984882 
       0.114692                1         2.41078         2.41086         2.42218         2.41928        -2.40049        -4.53804         3.20376               1        0.984882        0.984882        0.984882 
       0.117389                1         2.46736         2.46741         2.47927         2.47627        -2.51521        -4.86707         3.43605               1        0.984882        0.984882        0.984882 
       0.120149                1         2.52525         2.52528         2.53771          2.5346        -2.63539        -5.21983         3.68511               1        0.984882        0.984882        0.984882 
       0.122974                1         2.58449         2.58449          2.5975         2.59429        -2.76128        -5.59803         3.95214               1        0.984882        0.984882        0.984882 
       0.125866                1         2.64511         2.64509         2.65869         2.65537        -2.89315        -6.00349         4.23844               1        0.984882        0.984882        0.984882 
       0.128825                1         2.70714          2.7071          2.7213         2.71787        -3.03129        -6.43817         4.54538               1        0.984882        0.984882        0.984882 
       0.131854                1         2.77062         2.77055         2.78537         2.78183        -3.17598        -6.90414         4.87445               1        0.984882        0.984882        0.984882 
       0.134955                1         2.83557         2.83547         2.85093         2.84728        -3.32753        -7.40366         5.22723               1        0.984882        0.984882        0.984882 
       0.138128                1         2.90202         2.90191         2.91801         2.91425        -3.48627        -7.93911         5.60541               1        0.984882        0.984882        0.984882 
       0.141376                1         2.97002         2.96988         2.98665         2.98277        -3.65253        -8.51307         6.01081               1        0.984882        0.984882        0.984882 
         0.1447                1          3.0396         3.03943         3.05689          3.0529        -3.82667        -9.12827         6.44537               1        0.984882        0.984882        0.984882 
       0.148102                1         3.11078          3.1106         3.12875         3.12464        -4.00904        -9.78767         6.91118               1        0.984882        0.984882        0.984882 
       0.151585                1         3.18361         3.18341         3.20227         3.19803        -4.20004        -10.4944         7.41045               1        0.984882        0.984882        0.984882 
       0.155149                1         3.25813          3.2579          3.2775         3.27314        -4.40006        -11.2518         7.94558               1        0.984882        0.984882        0.984882 
       0.158797                1         3.33437         3.33412         3.35446         3.34997        -4.60952        -12.0635          8.5191               1        0.984882        0.984882        0.984882 
       0.162531                1         3.41236         3.41209         3.43319         3.42858        -4.82886        -12.9334         9.13376               1        0.984882        0.984882        0.984882 
       0.166352                1         3.49215         3.49186         3.51375           3.509        -5.05854        -13.8656         9.79246               1        0.984882        0.984882        0.984882 
       0.170264                1         3.57378         3.57347         3.59616         3.59128        -5.29903        -14.8644         10.4983               1        0.984882        0.984882        0.984882 
       0.174267                1         3.65728         3.65694         3.68045         3.67543        -5.55084        -15.9346         11.2547               1        0.984882        0.984882        0.984882 
       0.178365                1         3.74269         3.74234         3.76668         3.76152        -5.81447        -17.0812         12.0651               1        0.984882        0.984882        0.984882 
       0.182559                1         3.83005         3.82968         3.85489         3.84959        -6.09047        -18.3097         12.9334               1        0.984882        0.984882        0.984882 
       0.186851                1         3.91942         3.91902         3.94511         3.93967         -6.3794        -19.6256         13.8636               1        0.984882        0.984882        0.984882 
       0.191245                1         4.01081          4.0104         4.03738         4.03178        -6.68186        -21.0352         14.8601               1        0.984882        0.984882        0.984882 
       0.195742                1         4.10429         4.10386         4.13175           4.126        -6.99845        -22.5451         15.9275               1        0.984882        0.984882        0.984882 
       0.200344                1         4.19988         4.19943         4.22828         4.22237        -7.32981        -24.1622         17.0708               1        0.984882        0.984882        0.984882 
       0.205055                1         4.29764         4.29717         4.32697         4.32091        -7.67661         -25.894         18.2953               1        0.984882        0.984882        0.984882 
       0.209876                1         4.39761         4.39712          4.4279         4.42167        -8.03954        -27.7484         19.6066               1        0.984882        0.984882        0.984882 
       0.214811                1         4.49982         4.49931          4.5311         4.52471        -8.41931         -29.734         21.0107               1        0.984882        0.984882        0.984882 
       0.219862                1         4.60432          4.6038         4.63662         4.63006        -8.81667        -31.8598          22.514               1        0.984882        0.984882        0.984882 
       0.225032                1         4.71116         4.71062         4.74448         4.73775         -9.2324        -34.1354         24.1234               1        0.984882        0.984882        0.984882 
       0.230323                1         4.82038         4.81982         4.85475         4.84785         -9.6673        -36.5711         25.8461               1        0.984882        0.984882        0.984882 
       0.235739                1         4.93202         4.93144         4.96748          4.9604        -10.1222        -39.1778         27.6899               1        0.984882        0.984882        0.984882 
       0.241282                1         5.04613         5.04553         5.08268         5.07542         -10.598        -41.9672          29.663               1        0.984882        0.984882        0.984882 
       0.246955                1         5.16274         5.16213         5.20042         5.19298        -11.0955        -44.9516         31.7742               1        0.984882        0.984882        0.984882 
       0.252762                1         5.28191         5.28128         5.32075         5.31312        -11.6158        -48.1442         34.0329               1        0.984882        0.984882        0.984882 
       0.258705                1         5.40367         5.40302         5.44369         5.43586        -12.1597         -51.559         36.4487               1        0.984882        0.984882        0.984882 
       0.264788                1         5.52807          5.5274         5.56929         5.56126        -12.7283        -55.2106         39.0324               1        0.984882        0.984882        0.984882 
       0.271014                1         5.65514         5.65446         5.69759         5.68936        -13.3225        -59.1149          41.795               1        0.984882        0.984882        0.984882 
       0.277386                1         5.78493         5.78423         5.82864         5.82021        -13.9435        -63.2885         44.7483               1        0.984882        0.984882        0.984882 
       0.283909                1         5.91747         5.91676         5.96246         5.95382        -14.5922         -67.749         47.9048               1        0.984882        0.984882        0.984882 
       0.290584                1         6.05281         6.05208         6.09911         6.09026        -15.2699         -72.515         51.2777               1        0.984882        0.984882        0.984882 
       0.297417                1         6.19097         6.19023         6.23862         6.22955        -15.9777        -77.6062          54.881               1        0.984882        0.984882        0.984882 
        0.30441                1           6.332         6.33124         6.38102         6.37173        -16.7167        -83.0435         58.7294               1        0.984882        0.984882        0.984882 
       0.311568                1         6.47593         6.47515         6.52633         6.51682        -17.4882        -88.8487         62.8384               1        0.984882        0.984882        0.984882 
       0.318894                1         6.62278         6.62199         6.67461         6.66487        -18.2934        -95.0449         67.2244               1        0.984882        0.984882        0.984882 
       0.326392                1         6.77258         6.77178         6.82588          6.8159        -19.1334        -101.656         71.9046               1        0.984882        0.984882        0.984882 
       0.334067                1         6.92537         6.92455         6.98014         6.96991        -20.0097        -108.709         76.8972               1        0.984882        0.984882        0.984882 
       0.341922                1         7.08116         7.08032         7.13743         7.12697        -20.9235        -116.228          82.221               1        0.984882        0.984882        0.984882 
       0.349961                1         7.23996         7.23911         7.29779         7.28707         -21.876        -124.244         87.8959               1        0.984882        0.984882        0.984882 
        0.35819                1          7.4018         7.40094          7.4612         7.45023        -22.8687        -132.784         93.9427               1        0.984882        0.984882        0.984882 
       0.366612                1         7.56669         7.56581         7.62768         7.61645        -23.9028        -141.879         100.383               1        0.984882        0.984882        0.984882 
       0.375232                1         7.73463         7.73374         7.79725         7.78577        -24.9796        -151.562         107.239               1        0.984882        0.984882        0.984882 
       0.384055                1         7.90563         7.90472         7.96991         7.95816        -26.1006        -161.864         114.535               1        0.984882        0.984882        0.984882 
       0.393086                1         8.07967         8.07875         8.14564         8.13362        -27.2669        -172.821         122.295               1        0.984882        0.984882        0.984882 
       0.402328                1         8.25676         8.25583         8.32445         8.31216        -28.4799        -184.468         130.543               1        0.984882        0.984882        0.984882 
       0.411788                1         8.43687         8.43593         8.50632         8.49375        -29.7409        -196.841         139.306               1        0.984882        0.984882        0.984882 
       0.421471                1         8.61999         8.61904         8.69123         8.67836        -31.0512        -209.977         148.611               1        0.984882        0.984882        0.984882 
       0.431381                1         8.80609         8.80512         8.87914         8.86597        -32.4118        -223.915         158.484               1        0.984882        0.984882        0.984882 
       0.441524                1         8.99513         8.99415         9.07002         9.05655         -33.824        -238.695         168.953               1        0.984882        0.984882        0.984882 
       0.451906                1         9.18707         9.18607         9.26382         9.25005         -35.289        -254.356         180.047               1        0.984882        0.984882        0.984882 
       0.462532                1         9.38185         9.38085         9.46048         9.44641        -36.8077        -270.938         191.795               1        0.984882        0.984882        0.984882 
       0.473407                1         9.57942         9.57841         9.65996         9.64559         -38.381        -288.483         204.225               1        0.984882        0.984882        0.984882 
       0.484539                1         9.77972         9.77869         9.86219         9.84751          -40.01        -307.031         217.366               1        0.984882        0.984882        0.984882 
       0.495932                1         9.98265         9.98161         10.0671         10.0521        -41.6953        -326.623         231.248               1        0.984882        0.984882        0.984882 
       0.507593                1         10.1881         10.1871         10.2746         10.2593        -43.4376        -347.299         245.898               1        0.984882        0.984882        0.984882 
       0.519528                1         10.3961          10.395         10.4845         10.4689        -45.2375          -369.1         261.347               1        0.984882        0.984882        0.984882 
       0.531744                1         10.6064         10.6053         10.6969         10.6809        -47.0954        -392.064          277.62               1        0.984882        0.984882        0.984882 
       0.544247                1         10.8189         10.8178         10.9115         10.8952        -49.0115        -416.229         294.745               1        0.984882        0.984882        0.984882 
       0.557044                1         11.0336         11.0325         11.1282         11.1116        -50.9859        -441.631         312.747               1        0.984882        0.984882        0.984882 
       0.570142                1         11.2502         11.2491         11.3469           11.33        -53.0186        -468.304         331.652               1        0.984882        0.984882        0.984882 
       0.583547                1         11.4686         11.4675         11.5675         11.5502        -55.1093         -496.28         351.481               1        0.984882        0.984882        0.984882 
       0.597269                1         11.6888         11.6876         11.7897         11.7721        -57.2576        -525.588         372.255               1        0.984882        0.984882        0.984882 
       0.611312                1         11.9104         11.9093         12.0135         11.9955        -59.4629        -556.256         393.994               1        0.984882        0.984882        0.984882 
       0.625686                1         12.1334         12.1322         12.2386         12.2203        -61.7243        -588.304         416.713               1        0.984882        0.984882        0.984882 
       0.640398                1         12.3575         12.3563         12.4649         12.4462        -64.0407        -621.753         440.426               1        0.984882        0.984882        0.984882 
       0.655456                1         12.5826         12.5814         12.6922         12.6732         -66.411        -656.617         465.143               1        0.984882        0.984882        0.984882 
       0.670868                1         12.8084         12.8072         12.9202         12.9008        -68.8337        -692.907         490.872               1        0.984882        0.984882        0.984882 
       0.686642                1         13.0348         13.0336         13.1488         13.1291        -71.3069        -730.627         517.617               1        0.984882        0.984882        0.984882 
       0.702787                1         13.2616         13.2604         13.3778         13.3577        -73.8289        -769.778         545.378               1        0.984882        0.984882        0.984882 
       0.719312                1         13.4885         13.4873         13.6069         13.5865        -76.3975        -810.355         574.152               1        0.984882        0.984882        0.984882 
       0.736226                1         13.7153         13.7141         13.8358         13.8152        -79.0103        -852.348         603.931               1        0.984882        0.984882        0.984882 
       0.753537                1         13.9418         13.9406         14.0645         14.0435        -81.6649        -895.739         634.703               1        0.984882        0.984882        0.984882 
       0.771255                1         14.1678         14.1666         14.2927         14.2713        -84.3584        -940.506         666.453               1        0.984882        0.984882        0.984882 
       0.789389                1         14.3931         14.3918         14.5202         14.4984         -87.088        -986.621         699.161               1        0.984882        0.984882        0.984882 
        0.80795                1         14.6173         14.6161         14.7467         14.7246        -89.8507        -1034.05         732.803               1        0.984882        0.984882        0.984882 
       0.826948                1         14.8404         14.8392          14.972         14.9495         -92.643        -1082.75          767.35               1        0.984882        0.984882        0.984882 
       0.846392                1         15.0621         15.0609         15.1957         15.1729        -95.4618        -1132.68         802.769               1        0.984882        0.984882        0.984882 
       0.866294                1         15.2822         15.2809         15.4177         15.3945        -98.3036        -1183.79         839.025               1        0.984882        0.984882        0.984882 
       0.886663                1         15.5004         15.4991         15.6378         15.6143        -101.165        -1236.01         876.077               1        0.984882        0.984882        0.984882 
       0.907511                1         15.7165         15.7153         15.8561         15.8323        -104.041        -1289.29         913.881               1        0.984882        0.984882        0.984882 
        0.92885                1         15.9305         15.9292         16.0726         16.0484         -106.93        -1343.57          952.39               1        0.984882        0.984882        0.984882 
        0.95069                1          16.142         16.1407         16.2868         16.2624        -109.827        -1398.76         991.555               1        0.984882        0.984882        0.984882 
       0.973044                1         16.3509         16.3496          16.498         16.4732        -112.729         -1454.8         1031.32               1        0.984882        0.984882        0.984882 
       0.995923                1         16.5571         16.5558         16.7053         16.6802        -115.631         -1511.6         1071.63               1        0.984882        0.984882        0.984882 
        1.01934                1         16.7603          16.759         16.7413         16.7161        -118.531         -1569.1         1112.44               1        0.984882        0.984882        0.984882 
        1.04331                1         16.9604         16.9591         16.7413         16.7161        -121.424        -1627.19         1153.67               1        0.984882        0.984882        0.984882 
        1.06784                1         17.1573          17.156         16.7413         16.7161        -124.307         -1685.8         1195.28               1        0.984882        0.984882        0.984882 
        1.09295                1         17.3509         17.3496         16.7413         16.7161        -127.176        -1744.85         1237.19               1        0.984882        0.984882        0.984882 
        1.11865                1          17.541         17.5396         16.7413         16.7161        -130.029        -1804.24         1279.35               1        0.984882        0.984882        0.984882 
        1.14495                1         17.7275         17.7262         16.7413         16.7161        -132.861        -1863.89          1321.7               1        0.984882        0.984882        0.984882 
        1.17187                1         17.9103          17.909         16.7413         16.7161        -135.669        -1923.71         1364.17               1        0.984882        0.984882        0.984882 
        1.19943                1         18.0895         18.0881         16.7413         16.7161        -138.451        -1983.62         1406.71               1        0.984882        0.984882        0.984882 
        1.22763                1         18.2648         18.2634         16.7413         16.7161        -141.204        -2043.53         1449.25               1        0.984882        0.984882        0.984882 
        1.25649                1         18.4362         18.4349         16.7413         16.7161        -143.926        -2103.36         1491.73               1        0.984882        0.984882        0.984882 
        1.28604                1         18.6037         18.6024         16.7413         16.7161        -146.612        -2163.02         1534.11               1        0.984882        0.984882        0.984882 
        1.31628                1         18.7673         18.7659         16.7413         16.7161        -149.262        -2222.44         1576.31               1        0.984882        0.984882        0.984882 
        1.34723                1         18.9269         18.9255         16.7413         16.7161        -151.873        -2281.55         1618.29               1        0.984882        0.984882        0.984882 
        1.37891                1         19.0825         19.0811         16.7413         16.7161        -154.443        -2340.26            1660               1        0.984882        0.984882        0.984882 
        1.41133                1         19.2341         19.2327         16.7413         16.7161        -156.971        -2398.52         1701.38               1        0.984882        0.984882        0.984882 
        1.44451                1         19.3817         19.3803         16.7413         16.7161        -159.454        -2456.25         1742.39               1        0.984882        0.984882        0.984882 
        1.47848                1         19.5253         19.5239         16.7413         16.7161        -161.891         -2513.4         1782.99               1        0.984882        0.984882        0.984882 
        1.51324                1         19.6649         19.6635         16.7413         16.7161        -164.281         -2569.9         1823.14               1        0.984882        0.984882        0.984882 
        1.54882                1         19.8006         19.7992         16.7413         16.7161        -166.623        -2625.71         1862.79               1        0.984882        0.984882        0.984882 
        1.58524                1         19.9324          19.931         16.7413         16.7161        -168.916        -2680.76         1901.91               1        0.984882        0.984882        0.984882 
        1.62252                1         20.0603         20.0589         16.7413         16.7161        -171.159        -2735.02         1940.46               1        0.984882        0.984882        0.984882 
        1.66067                1         20.1843          20.183         16.7413         16.7161        -173.352        -2788.44         1978.43               1        0.984882        0.984882        0.984882 
        1.69971                1         20.3047         20.3033         16.7413         16.7161        -175.493        -2840.98         2015.77               1        0.984882        0.984882        0.984882 
        1.73968                1         20.4212         20.4199         16.7413         16.7161        -177.583        -2892.62         2052.47               1        0.984882        0.984882        0.984882 
        1.78058                1         20.5341         20.5328         16.7413         16.7161        -179.622        -2943.31          2088.5               1        0.984882        0.984882        0.984882 
        1.82245                1         20.6435         20.6421         16.7413         16.7161        -181.609        -2993.03         2123.84               1        0.984882        0.984882        0.984882 
         1.8653                1         20.7492         20.7479         16.7413         16.7161        -183.544        -3041.75         2158.48               1        0.984882        0.984882        0.984882 
        1.90916                1         20.8515         20.8502         16.7413         16.7161        -185.428        -3089.47          2192.4               1        0.984882        0.984882        0.984882 
        1.95405                1         20.9504         20.9491         16.7413         16.7161         -187.26        -3136.15         2225.59               1        0.984882        0.984882        0.984882 
              2                1         20.9509         20.9496         16.7413         16.7161        -187.269        -3136.39         2225.75               1        0.984882        0.984882        0.984882 
