#  a  GeffG(a,k)  D1(a,k)  D1mnu(a,k) ( D1_transfer(a,k) D1mnu_transfer(a,k) )  D2(a,k)  D3a(a,k)  D3b(a,k)  (source terms)  (Output for k = 0.1 h/Mpc)
      0.0196078                1        0.410569       0.0125633        0.417124        0.210689       -0.072243      -0.0230694       0.0164782        0.985345        0.984882        0.984882        0.984882 
      0.0200689                1         0.42046       0.0130302        0.426982        0.219881       -0.075678      -0.0247338        0.017667        0.985354        0.984882        0.984882        0.984882 
      0.0205408                1        0.430569       0.0133301        0.436804        0.229113      -0.0792722      -0.0265154       0.0189396        0.985362        0.984882        0.984882        0.984882 
      0.0210238                1        0.440901       0.0134733        0.446759         0.23861      -0.0830333       -0.028423        0.020302        0.985371        0.984882        0.984882        0.984882 
      0.0215181                1        0.451461       0.0134756         0.45699        0.248559      -0.0869695      -0.0304659        0.021761         0.98538        0.984882        0.984882        0.984882 
       0.022024                1        0.462256       0.0133579        0.467539        0.259023      -0.0910893      -0.0326542       0.0233238        0.985389        0.984882        0.984882        0.984882 
      0.0225419                1         0.47329        0.013145        0.478377        0.269972      -0.0954017      -0.0349985       0.0249978        0.985399        0.984882        0.984882        0.984882 
      0.0230719                1        0.484571       0.0128642         0.48947        0.281373       -0.099916      -0.0375104       0.0267913        0.985408        0.984882        0.984882        0.984882 
      0.0236144                1        0.496105       0.0125445        0.500801        0.293213       -0.104642      -0.0402021       0.0287129        0.985418        0.984882        0.984882        0.984882 
      0.0241697                1        0.507896       0.0122154        0.512383        0.305526        -0.10959      -0.0430869       0.0307722        0.985428        0.984882        0.984882        0.984882 
       0.024738                1        0.519953       0.0119058        0.524231         0.31835       -0.114771       -0.046179       0.0329791        0.985438        0.984882        0.984882        0.984882 
      0.0253197                1        0.532281       0.0116432        0.536357        0.331714       -0.120195      -0.0494933       0.0353444        0.985448        0.984882        0.984882        0.984882 
       0.025915                1        0.544887        0.011453         0.54877        0.345641       -0.125875      -0.0530463       0.0378797        0.985459        0.984882        0.984882        0.984882 
      0.0265244                1        0.557777       0.0113579        0.561476        0.360152       -0.131823      -0.0568552       0.0405972        0.985469        0.984882        0.984882        0.984882 
       0.027148                1         0.57096       0.0113775        0.574477        0.375259       -0.138052      -0.0609388       0.0435102         0.98548        0.984882        0.984882        0.984882 
      0.0277864                1        0.584441       0.0115277        0.587779        0.390976       -0.144575      -0.0653169       0.0466329        0.985491        0.984882        0.984882        0.984882 
      0.0284397                1        0.598228       0.0118208        0.601391        0.407332       -0.151406      -0.0700111       0.0499805        0.985502        0.984882        0.984882        0.984882 
      0.0291084                1        0.612329       0.0122656        0.615322        0.424349        -0.15856      -0.0750442       0.0535694        0.985514        0.984882        0.984882        0.984882 
      0.0297929                1         0.62675       0.0128671        0.629576        0.442041       -0.166053      -0.0804408       0.0574169        0.985525        0.984882        0.984882        0.984882 
      0.0304934                1        0.641501       0.0136269        0.644162        0.460444       -0.173901      -0.0862272       0.0615417        0.985537        0.984882        0.984882        0.984882 
      0.0312104                1        0.656588       0.0145434        0.659091        0.479592        -0.18212      -0.0924316        0.065964        0.985548        0.984882        0.984882        0.984882 
      0.0319442                1         0.67202       0.0156123        0.674366        0.499511       -0.190728      -0.0990844       0.0707052         0.98556        0.984882        0.984882        0.984882 
      0.0326954                1        0.687805       0.0168267        0.689996        0.520232       -0.199744       -0.106218       0.0757883        0.985572        0.984882        0.984882        0.984882 
      0.0334641                1        0.703951       0.0181777        0.705991        0.541799       -0.209188       -0.113867       0.0812381        0.985585        0.984882        0.984882        0.984882 
       0.034251                1        0.720467       0.0196549         0.72236        0.564249       -0.219079       -0.122068       0.0870809        0.985597        0.984882        0.984882        0.984882 
      0.0350563                1        0.737363       0.0212465        0.739109         0.58761       -0.229439       -0.130862       0.0933451         0.98561        0.984882        0.984882        0.984882 
      0.0358806                1        0.754646         0.02294        0.756249        0.611924        -0.24029       -0.140292        0.100061        0.985623        0.984882        0.984882        0.984882 
      0.0367243                1        0.772327       0.0247227         0.77379        0.637235       -0.251656       -0.150402        0.107261        0.985636        0.984882        0.984882        0.984882 
      0.0375878                1        0.790414       0.0265817        0.791738        0.663571        -0.26356       -0.161243        0.114981         0.98565        0.984882        0.984882        0.984882 
      0.0384716                1        0.808918       0.0285046        0.810103        0.690969       -0.276029       -0.172866        0.123257        0.985663        0.984882        0.984882        0.984882 
      0.0393762                1        0.827848       0.0304795        0.828897        0.719481        -0.28909       -0.185328        0.132129        0.985677        0.984882        0.984882        0.984882 
      0.0403021                1        0.847215       0.0324956        0.848131        0.749144       -0.302769       -0.198689        0.141641        0.985691        0.984882        0.984882        0.984882 
      0.0412497                1        0.867028       0.0345433        0.867811         0.77999       -0.317098       -0.213015        0.151839        0.985705        0.984882        0.984882        0.984882 
      0.0422196                1        0.887298        0.036614         0.88795        0.812078       -0.332105       -0.228374        0.162772         0.98572        0.984882        0.984882        0.984882 
      0.0432123                1        0.908036       0.0387008        0.908561        0.845459       -0.347825       -0.244841        0.174492        0.985734        0.984882        0.984882        0.984882 
      0.0442284                1        0.929254       0.0407984        0.929651        0.880171        -0.36429       -0.262495        0.187056        0.985749        0.984882        0.984882        0.984882 
      0.0452684                1        0.950961       0.0429029        0.951231        0.916269       -0.381535       -0.281421        0.200525        0.985764        0.984882        0.984882        0.984882 
      0.0463328                1        0.973171       0.0450121        0.973316        0.953821       -0.399598       -0.301712        0.214965        0.985779        0.984882        0.984882        0.984882 
      0.0474222                1        0.995895       0.0471253        0.995917        0.992878       -0.418517       -0.323464        0.230443        0.985795        0.984882        0.984882        0.984882 
      0.0485372                1         1.01914       0.0492437         1.01904         1.03349       -0.438333       -0.346783        0.247036        0.985811        0.984882        0.984882        0.984882 
      0.0496785                1         1.04293       0.0513695         1.04271         1.07572       -0.459088       -0.371782        0.264824        0.985827        0.984882        0.984882        0.984882 
      0.0508466                1         1.06727       0.0535067         1.06692         1.11965       -0.480826        -0.39858        0.283891        0.985843        0.984882        0.984882        0.984882 
      0.0520422                1         1.09217       0.0556605          1.0917         1.16532       -0.503595       -0.427307         0.30433         0.98586        0.984882        0.984882        0.984882 
      0.0532659                1         1.11765       0.0578372         1.11706          1.2128       -0.527442       -0.458102        0.326239        0.985876        0.984882        0.984882        0.984882 
      0.0545183                1         1.14372       0.0600442         1.14301         1.26218        -0.55242       -0.491112        0.349724        0.985893        0.984882        0.984882        0.984882 
      0.0558002                1          1.1704       0.0622901         1.16956         1.31351        -0.57858       -0.526496        0.374897         0.98591        0.984882        0.984882        0.984882 
      0.0571123                1         1.19769        0.064584         1.19673         1.36685       -0.605979       -0.564424        0.401881        0.985928        0.984882        0.984882        0.984882 
      0.0584552                1         1.22562       0.0669359         1.22454         1.42231       -0.634676        -0.60508        0.430804        0.985946        0.984882        0.984882        0.984882 
      0.0598296                1         1.25419       0.0693563         1.25299         1.47996       -0.664732       -0.648657        0.461805        0.985964        0.984882        0.984882        0.984882 
      0.0612364                1         1.28343       0.0718563         1.28211         1.53985       -0.696211       -0.695366        0.495035        0.985982        0.984882        0.984882        0.984882 
      0.0626763                1         1.31334       0.0744472          1.3119          1.6021       -0.729179       -0.745431        0.530651           0.986        0.984882        0.984882        0.984882 
        0.06415                1         1.34395       0.0771407         1.34239         1.66679       -0.763709       -0.799091        0.568826        0.986019        0.984882        0.984882        0.984882 
      0.0656584                1         1.37527       0.0799486         1.37359         1.73401       -0.799872       -0.856605        0.609743        0.986038        0.984882        0.984882        0.984882 
      0.0672022                1         1.40732       0.0828829         1.40551         1.80384       -0.837746       -0.918249        0.653598        0.986057        0.984882        0.984882        0.984882 
      0.0687824                1         1.44011       0.0859554         1.43817         1.87641       -0.877412       -0.984317        0.700601        0.986077        0.984882        0.984882        0.984882 
      0.0703997                1         1.47366        0.089178          1.4716         1.95181       -0.918955        -1.05513        0.750979        0.986097        0.984882        0.984882        0.984882 
       0.072055                1         1.50799       0.0925626         1.50581         2.03012       -0.962462        -1.13102        0.804971        0.986117        0.984882        0.984882        0.984882 
      0.0737492                1         1.54312       0.0961207         1.54081         2.11148        -1.00803        -1.21235        0.862839        0.986137        0.984882        0.984882        0.984882 
      0.0754833                1         1.57907        0.099864         1.57663         2.19601        -1.05574        -1.29952        0.924857        0.986158        0.984882        0.984882        0.984882 
      0.0772582                1         1.61584        0.103804         1.61328          2.2838        -1.10572        -1.39294        0.991325        0.986178        0.984882        0.984882        0.984882 
      0.0790748                1         1.65348        0.107951         1.65078         2.37498        -1.15806        -1.49305         1.06256          0.9862        0.984882        0.984882        0.984882 
      0.0809341                1         1.69198        0.112317         1.68916         2.46969        -1.21287        -1.60035          1.1389        0.986221        0.984882        0.984882        0.984882 
      0.0828371                1         1.73138        0.116911         1.72843         2.56807        -1.27026        -1.71533         1.22072        0.986243        0.984882        0.984882        0.984882 
      0.0847849                1          1.7717        0.121746         1.76861         2.67021        -1.33037        -1.83854          1.3084        0.986265        0.984882        0.984882        0.984882 
      0.0867784                1         1.81295         0.12683         1.80972         2.77628        -1.39332        -1.97059         1.40236        0.986287        0.984882        0.984882        0.984882 
      0.0888189                1         1.85516        0.132175          1.8518         2.88644        -1.45924        -2.11209         1.50306        0.986309        0.984882        0.984882        0.984882 
      0.0909073                1         1.89834         0.13779         1.89485          3.0008        -1.52828        -2.26372         1.61097        0.986332        0.984882        0.984882        0.984882 
      0.0930448                1         1.94253        0.143685          1.9389         3.11952        -1.60057        -2.42621         1.72661        0.986355        0.984882        0.984882        0.984882 
      0.0952326                1         1.98775        0.149871         1.98397         3.24279        -1.67627        -2.60033         1.85053        0.986379        0.984882        0.984882        0.984882 
      0.0974718                1         2.03401        0.156357         2.03009         3.37077        -1.75555        -2.78691         1.98332        0.986403        0.984882        0.984882        0.984882 
      0.0997637                1         2.08135        0.163152         2.07728         3.50357        -1.83856        -2.98683         2.12562        0.986427        0.984882        0.984882        0.984882 
       0.102109                1         2.12978        0.170268         2.12557         3.64143        -1.92548        -3.20105          2.2781        0.986451        0.984882        0.984882        0.984882 
        0.10451                1         2.17934        0.177714         2.17498         3.78454        -2.01651        -3.43059         2.44149        0.986476        0.984882        0.984882        0.984882 
       0.106968                1         2.23005          0.1855         2.22553         3.93303        -2.11182        -3.67654         2.61657          0.9865        0.984882        0.984882        0.984882 
       0.109483                1         2.28193        0.193636         2.27726         4.08711        -2.21162        -3.94006         2.80417        0.986526        0.984882        0.984882        0.984882 
       0.112057                1         2.33501        0.202134         2.33018         4.24702        -2.31613        -4.22241         3.00518        0.986551        0.984882        0.984882        0.984882 
       0.114692                1         2.38932        0.211004         2.38434         4.41295        -2.42555        -4.52493         3.22055        0.986577        0.984882        0.984882        0.984882 
       0.117389                1         2.44488        0.220257         2.43974         4.58507        -2.54012        -4.84905         3.45131        0.986603        0.984882        0.984882        0.984882 
       0.120149                1         2.50174        0.229904         2.49642         4.76365        -2.66009         -5.1963         3.69856         0.98663        0.984882        0.984882        0.984882 
       0.122974                1          2.5599        0.239959         2.55443         4.94893        -2.78569        -5.56834         3.96346        0.986656        0.984882        0.984882        0.984882 
       0.125866                1         2.61941        0.250431         2.61377         5.14109         -2.9172        -5.96691         4.24727        0.986683        0.984882        0.984882        0.984882 
       0.128825                1          2.6803        0.261336         2.67448         5.34039        -3.05488         -6.3939         4.55132        0.986711        0.984882        0.984882        0.984882 
       0.131854                1         2.74258        0.272685         2.73659         5.54712        -3.19904        -6.85132         4.87707        0.986738        0.984882        0.984882        0.984882 
       0.134955                1         2.80631        0.284492         2.80014         5.76152        -3.34996        -7.34134         5.22604        0.986766        0.984882        0.984882        0.984882 
       0.138128                1          2.8715        0.296772         2.86515         5.98378        -3.50796        -7.86625         5.59988        0.986795        0.984882        0.984882        0.984882 
       0.141376                1          2.9382        0.309539         2.93166         6.21428        -3.67336        -8.42853         6.00035        0.986823        0.984882        0.984882        0.984882 
         0.1447                1         3.00643        0.322809         2.99971         6.45329        -3.84652        -9.03082         6.42933        0.986852        0.984882        0.984882        0.984882 
       0.148102                1         3.07623        0.336597         3.06931         6.70103        -4.02779        -9.67593         6.88884        0.986881        0.984882        0.984882        0.984882 
       0.151585                1         3.14763        0.350922         3.14052         6.95783        -4.21754        -10.3669         7.38103        0.986911        0.984882        0.984882        0.984882 
       0.155149                1         3.22067        0.365799         3.21336         7.22407        -4.41616         -11.107          7.9082        0.986941        0.984882        0.984882        0.984882 
       0.158797                1         3.29538        0.381246         3.28787         7.49998        -4.62407        -11.8995         8.47282        0.986971        0.984882        0.984882        0.984882 
       0.162531                1          3.3718        0.397284         3.36408         7.78586        -4.84168        -12.7484         9.07753        0.987002        0.984882        0.984882        0.984882 
       0.166352                1         3.44997         0.41393         3.44205         8.08214        -5.06944        -13.6573         9.72513        0.987032        0.984882        0.984882        0.984882 
       0.170264                1         3.52992        0.431205         3.52179         8.38917        -5.30781        -14.6307         10.4186        0.987064        0.984882        0.984882        0.984882 
       0.174267                1         3.61169         0.44913         3.60334         8.70719        -5.55729         -15.673         11.1613        0.987095        0.984882        0.984882        0.984882 
       0.178365                1         3.69532        0.467727         3.68675         9.03663        -5.81836         -16.789         11.9564        0.987127        0.984882        0.984882        0.984882 
       0.182559                1         3.78085        0.487018         3.77206         9.37794        -6.09157        -17.9838         12.8078        0.987159        0.984882        0.984882        0.984882 
       0.186851                1         3.86832        0.507026          3.8593         9.73138        -6.37744         -19.263         13.7194        0.987191        0.984882        0.984882        0.984882 
       0.191245                1         3.95777        0.527775         3.94851         10.0973        -6.67657        -20.6324         14.6952        0.987224        0.984882        0.984882        0.984882 
       0.195742                1         4.04924         0.54929         4.03974         10.4763        -6.98953        -22.0983         15.7399        0.987257        0.984882        0.984882        0.984882 
       0.200344                1         4.14276        0.571597         4.13303         10.8688        -7.31695        -23.6672          16.858         0.98729        0.984882        0.984882        0.984882 
       0.205055                1         4.23839         0.59472          4.2284         11.2749        -7.65948        -25.3464         18.0548        0.987324        0.984882        0.984882        0.984882 
       0.209876                1         4.33616        0.618689         4.32592         11.6953        -8.01778        -27.1435         19.3356        0.987358        0.984882        0.984882        0.984882 
       0.214811                1          4.4361        0.643529         4.42561         12.1305        -8.39254        -29.0664         20.7062        0.987392        0.984882        0.984882        0.984882 
       0.219862                1         4.53828         0.66927         4.52753         12.5808        -8.78449        -31.1238         22.1727        0.987427        0.984882        0.984882        0.984882 
       0.225032                1         4.64272        0.695941         4.63169         13.0466        -9.19439         -33.325         23.7417        0.987462        0.984882        0.984882        0.984882 
       0.230323                1         4.74946        0.723572         4.73817         13.5285          -9.623        -35.6796         25.4202        0.987497        0.984882        0.984882        0.984882 
       0.235739                1         4.85856        0.752193           4.847          14.027        -10.0711         -38.198         27.2155        0.987532        0.984882        0.984882        0.984882 
       0.241282                1         4.97005        0.781836          4.9582         14.5425        -10.5397        -40.8912         29.1355        0.987568        0.984882        0.984882        0.984882 
       0.246955                1         5.08397        0.812532         5.07183         15.0755        -11.0294        -43.7711         31.1886        0.987604        0.984882        0.984882        0.984882 
       0.252762                1         5.20037        0.844314         5.18794         15.6266        -11.5413          -46.85         33.3837        0.987641        0.984882        0.984882        0.984882 
       0.258705                1         5.31927        0.877214         5.30655         16.1961        -12.0762        -50.1412         35.7302        0.987677        0.984882        0.984882        0.984882 
       0.264788                1         5.44074        0.911267          5.4277         16.7846        -12.6351        -53.6587         38.2381        0.987714        0.984882        0.984882        0.984882 
       0.271014                1         5.56479        0.946506         5.55145         17.3928         -13.219        -57.4174         40.9181        0.987751        0.984882        0.984882        0.984882 
       0.277386                1         5.69148        0.982966         5.67783         18.0211         -13.829         -61.433         43.7814        0.987789        0.984882        0.984882        0.984882 
       0.283909                1         5.82084         1.02068         5.80685         18.6698        -14.4659        -65.7221         46.8398        0.987827        0.984882        0.984882        0.984882 
       0.290584                1          5.9529         1.05968         5.93859         19.3397        -15.1311        -70.3024          50.106        0.987865        0.984882        0.984882        0.984882 
       0.297417                1         6.08771         1.10001         6.07306         20.0314        -15.8254        -75.1925         53.5931        0.987903        0.984882        0.984882        0.984882 
        0.30441                1         6.22528          1.1417         6.21029         20.7452        -16.5501         -80.412         57.3153        0.987941        0.984882        0.984882        0.984882 
       0.311568                1         6.36566         1.18478         6.35032         21.4816        -17.3064        -85.9815         61.2872         0.98798        0.984882        0.984882        0.984882 
       0.318894                1         6.50887         1.22929         6.49318         22.2414        -18.0953        -91.9228         65.5244        0.988019        0.984882        0.984882        0.984882 
       0.326392                1         6.65494         1.27527          6.6389         23.0249        -18.9181        -98.2587         70.0431        0.988058        0.984882        0.984882        0.984882 
       0.334067                1         6.80389         1.32274         6.78749         23.8325        -19.7761        -105.013         74.8606        0.988098        0.984882        0.984882        0.984882 
       0.341922                1         6.95575         1.37175         6.93898         24.6649        -20.6704        -112.212         79.9948        0.988137        0.984882        0.984882        0.984882 
       0.349961                1         7.11052         1.42231         7.09339         25.5225        -21.6023         -119.88         85.4645        0.988177        0.984882        0.984882        0.984882 
        0.35819                1         7.26823         1.47448          7.2507         26.4057         -22.573        -128.047         91.2893        0.988217        0.984882        0.984882        0.984882 
       0.366612                1         7.42889         1.52826         7.41095          27.315        -23.5839        -136.739         97.4896        0.988258        0.984882        0.984882        0.984882 
       0.375232                1         7.59249         1.58371         7.57415         28.2509        -24.6362        -145.988         104.087        0.988298        0.984882        0.984882        0.984882 
       0.384055                1         7.75905         1.64083          7.7403         29.2136        -25.7312        -155.823         111.103        0.988339        0.984882        0.984882        0.984882 
       0.393086                1         7.92856         1.69967         7.90939         30.2036          -26.87        -166.278         118.561        0.988379        0.984882        0.984882        0.984882 
       0.402328                1           8.101         1.76024         8.08142         31.2212         -28.054        -177.385         126.484         0.98842        0.984882        0.984882        0.984882 
       0.411788                1         8.27637         1.82256         8.25637         32.2668        -29.2844        -189.178         134.897        0.988461        0.984882        0.984882        0.984882 
       0.421471                1         8.45464         1.88666          8.4342         33.3404        -30.5623        -201.693         143.826        0.988502        0.984882        0.984882        0.984882 
       0.431381                1         8.63578         1.95254          8.6149         34.4424        -31.8889        -214.965         153.294        0.988544        0.984882        0.984882        0.984882 
       0.441524                1         8.81975         2.02023         8.79843          35.573        -33.2653         -229.03         163.329        0.988585        0.984882        0.984882        0.984882 
       0.451906                1         9.00653         2.08974         8.98476         36.7321        -34.6926        -243.927         173.958        0.988626        0.984882        0.984882        0.984882 
       0.462532                1         9.19605         2.16106         9.17382         37.9197        -36.1717        -259.692         185.206        0.988668        0.984882        0.984882        0.984882 
       0.473407                1         9.38825         2.23421         9.36557         39.1361        -37.7035        -276.365         197.102        0.988709        0.984882        0.984882        0.984882 
       0.484539                1         9.58308         2.30917         9.55993          40.381        -39.2889        -293.981         209.672        0.988751        0.984882        0.984882        0.984882 
       0.495932                1         9.78045         2.38595         9.75683         41.6544        -40.9285         -312.58         222.943        0.988792        0.984882        0.984882        0.984882 
       0.507593                1         9.98028         2.46454         9.95618          42.956        -42.6231        -332.199         236.943        0.988833        0.984882        0.984882        0.984882 
       0.519528                1         10.1825         2.54491         10.1579         44.2855         -44.373        -352.876         251.697        0.988875        0.984882        0.984882        0.984882 
       0.531744                1         10.3869         2.62705         10.3619         45.6425        -46.1787        -374.645         267.232        0.988916        0.984882        0.984882        0.984882 
       0.544247                1         10.5935         2.71092          10.568         47.0264        -48.0403        -397.541         283.572        0.988957        0.984882        0.984882        0.984882 
       0.557044                1         10.8022         2.79651         10.7761         48.4367         -49.958        -421.599         300.741        0.988999        0.984882        0.984882        0.984882 
       0.570142                1         11.0127         2.88376         10.9861         49.8729        -51.9316        -446.849         318.761         0.98904        0.984882        0.984882        0.984882 
       0.583547                1          11.225         2.97264         11.1979         51.3341        -53.9609        -473.321         337.654        0.989081        0.984882        0.984882        0.984882 
       0.597269                1         11.4388         3.06308         11.4113         52.8194        -56.0455        -501.041         357.438        0.989121        0.984882        0.984882        0.984882 
       0.611312                1         11.6542         3.15505         11.6261         54.3279        -58.1847        -530.034         378.131        0.989162        0.984882        0.984882        0.984882 
       0.625686                1         11.8708         3.24847         11.8421         55.8587        -60.3776        -560.319         399.748        0.989202        0.984882        0.984882        0.984882 
       0.640398                1         12.0884         3.34327         12.0593         57.4104        -62.6232        -591.914           422.3        0.989242        0.984882        0.984882        0.984882 
       0.655456                1         12.3071         3.43939         12.2774         58.9821        -64.9204        -624.832         445.797        0.989282        0.984882        0.984882        0.984882 
       0.670868                1         12.5264         3.53673         12.4962         60.5722        -67.2675        -659.082         470.245        0.989321        0.984882        0.984882        0.984882 
       0.686642                1         12.7462         3.63522         12.7155         62.1796        -69.6631        -694.668         495.648        0.989361        0.984882        0.984882        0.984882 
       0.702787                1         12.9664         3.73475         12.9352         63.8025        -72.1051        -731.589         522.006        0.989399        0.984882        0.984882        0.984882 
       0.719312                1         13.1867         3.83524         13.1549         65.4394        -74.5916         -769.84         549.313        0.989438        0.984882        0.984882        0.984882 
       0.736226                1         13.4068         3.93658         13.3745         67.0886        -77.1201        -809.409         577.563        0.989476        0.984882        0.984882        0.984882 
       0.753537                1         13.6267         4.03867         13.5939         68.7485        -79.6884        -850.282         606.744        0.989514        0.984882        0.984882        0.984882 
       0.771255                1          13.846          4.1414         13.8127         70.4177        -82.2937        -892.435         636.841        0.989551        0.984882        0.984882        0.984882 
       0.789389                1         14.0646         4.24465         14.0308         72.0946        -84.9332        -935.841         667.833        0.989588        0.984882        0.984882        0.984882 
        0.80795                1         14.2822         4.34832         14.2479         73.7773        -87.6039        -980.468         699.699        0.989624        0.984882        0.984882        0.984882 
       0.826948                1         14.4987         4.45227         14.4639          75.463        -90.3027        -1026.28          732.41         0.98966        0.984882        0.984882        0.984882 
       0.846392                1         14.7137         4.55641         14.6784          77.149        -93.0264        -1073.22         765.935        0.989696        0.984882        0.984882        0.984882 
       0.866294                1         14.9272         4.66059         14.8912         78.8331        -95.7716        -1121.26          800.24        0.989731        0.984882        0.984882        0.984882 
       0.886663                1         15.1389         4.76471         15.1022         80.5153        -98.5348        -1170.34         835.287        0.989765        0.984882        0.984882        0.984882 
       0.907511                1         15.3485         4.86865         15.3114         82.1966        -101.313        -1220.39         871.033        0.989799        0.984882        0.984882        0.984882 
        0.92885                1          15.556         4.97229         15.5188         83.8778        -104.101        -1271.35         907.434        0.989832        0.984882        0.984882        0.984882 
        0.95069                1         15.7612         5.07552         15.7241         85.5547        -106.897        -1323.17         944.442        0.989865        0.984882        0.984882        0.984882 
       0.973044                1         15.9638         5.17821         15.9265         87.2159        -109.697        -1375.76         982.008        0.989897        0.984882        0.984882        0.984882 
       0.995923                1         16.1636         5.28026         16.1251         88.8506        -112.498        -1429.05         1020.08        0.989928        0.984882        0.984882        0.984882 
        1.01934                1         16.3607         5.38156         16.1595         89.1345        -115.294        -1482.98          1058.6        0.989934        0.984882        0.984882        0.984882 
        1.04331                1         16.5547         5.48201         16.1595         89.1345        -118.084        -1537.46         1097.52        0.989934        0.984882        0.984882        0.984882 
        1.06784                1         16.7456         5.58151         16.1595         89.1345        -120.864         -1592.4         1136.78        0.989934        0.984882        0.984882        0.984882 
        1.09295                1         16.9332         5.67996         16.1595         89.1345         -123.63        -1647.74         1176.31        0.989934        0.984882        0.984882        0.984882 
        1.11865                1         17.1174         5.77727         16.1595         89.1345        -126.379        -1703.39         1216.08        0.989934        0.984882        0.984882        0.984882 
        1.14495                1         17.2982         5.87337         16.1595         89.1345        -129.108        -1759.27            1256        0.989934        0.984882        0.984882        0.984882 
        1.17187                1         17.4754         5.96816         16.1595         89.1345        -131.814        -1815.29         1296.04        0.989934        0.984882        0.984882        0.984882 
        1.19943                1          17.649         6.06157         16.1595         89.1345        -134.494        -1871.39         1336.12        0.989934        0.984882        0.984882        0.984882 
        1.22763                1         17.8189         6.15355         16.1595         89.1345        -137.146        -1927.47          1376.2        0.989934        0.984882        0.984882        0.984882 
        1.25649                1          17.985         6.24402         16.1595         89.1345        -139.766        -1983.46         1416.22        0.989934        0.984882        0.984882        0.984882 
        1.28604                1         18.1474         6.33293         16.1595         89.1345        -142.353        -2039.29         1456.12        0.989934        0.984882        0.984882        0.984882 
        1.31628                1         18.3058         6.42022         16.1595         89.1345        -144.904        -2094.88         1495.85        0.989934        0.984882        0.984882        0.984882 
        1.34723                1         18.4605         6.50586         16.1595         89.1345        -147.417        -2150.16         1535.37        0.989934        0.984882        0.984882        0.984882 
        1.37891                1         18.6112         6.58981         16.1595         89.1345        -149.891        -2205.07         1574.62        0.989934        0.984882        0.984882        0.984882 
        1.41133                1         18.7581         6.67202         16.1595         89.1345        -152.323        -2259.54         1613.56        0.989934        0.984882        0.984882        0.984882 
        1.44451                1          18.901         6.75248         16.1595         89.1345        -154.712        -2313.51         1652.14        0.989934        0.984882        0.984882        0.984882 
        1.47848                1         19.0401         6.83116         16.1595         89.1345        -157.057        -2366.92         1690.33        0.989934        0.984882        0.984882        0.984882 
        1.51324                1         19.1754         6.90803         16.1595         89.1345        -159.356        -2419.72         1728.08        0.989934        0.984882        0.984882        0.984882 
        1.54882                1         19.3068          6.9831         16.1595         89.1345        -161.608        -2471.86         1765.36        0.989934        0.984882        0.984882        0.984882 
        1.58524                1         19.4345         7.05634         16.1595         89.1345        -163.814        -2523.29         1802.14        0.989934        0.984882        0.984882        0.984882 
        1.62252                1         19.5584         7.12776         16.1595         89.1345         -165.97        -2573.97         1838.38        0.989934        0.984882        0.984882        0.984882 
        1.66067                1         19.6785         7.19735         16.1595         89.1345        -168.079        -2623.85         1874.06        0.989934        0.984882        0.984882        0.984882 
        1.69971                1          19.795         7.26512         16.1595         89.1345        -170.137        -2672.92         1909.15        0.989934        0.984882        0.984882        0.984882 
        1.73968                1         19.9079         7.33107         16.1595         89.1345        -172.147        -2721.12         1943.63        0.989934        0.984882        0.984882        0.984882 
        1.78058                1         20.0173         7.39522         16.1595         89.1345        -174.106        -2768.44         1977.47        0.989934        0.984882        0.984882        0.984882 
        1.82245                1         20.1231         7.45757         16.1595         89.1345        -176.016        -2814.85         2010.67        0.989934        0.984882        0.984882        0.984882 
         1.8653                1         20.2255         7.51815         16.1595         89.1345        -177.875        -2860.32          2043.2        0.989934        0.984882        0.984882        0.984882 
        1.90916                1         20.3246         7.57698         16.1595         89.1345        -179.685        -2904.85         2075.05        0.989934        0.984882        0.984882        0.984882 
        1.95405                1         20.4204         7.63406         16.1595         89.1345        -181.446        -2948.41         2106.21        0.989934        0.984882        0.984882        0.984882 
              2                1         20.4209         7.63434         16.1595         89.1345        -181.455        -2948.62         2106.37        0.989934        0.984882        0.984882        0.984882 
