#  k  (h/Mpc)          P(k)  (Mpc/h)^3     P_linear(k) (Mpc/h)^3
     0.00801824         20492.9         20772.8 
      0.0140165         25211.9         25474.3 
      0.0196925         25436.4         25535.3 
      0.0255134           22799         23334.2 
      0.0320291           19092         19971.4 
      0.0384652         16328.5         16897.5 
      0.0444331         14085.3         14713.3 
      0.0504231         12070.3         13187.5 
      0.0569093         11081.3         12083.1 
      0.0634184         9894.06         11238.5 
      0.0694999         8972.52         10457.5 
      0.0755813         8291.53         9571.21 
      0.0819627         6908.03          8539.8 
      0.0883023         6540.02         7513.73 
      0.0943521         5590.25         6636.98 
        0.10056         5019.04            5914 
       0.107014          4355.6         5378.51 
       0.113427         3933.68         5027.86 
       0.119609         3657.66         4788.05 
        0.12578         3453.05         4574.43 
       0.132149         3223.49         4329.07 
       0.138456         2903.36         4038.46 
        0.14465         2640.94         3717.82 
       0.150853         2386.62         3392.09 
       0.157173         2213.61         3089.12 
       0.163542         1968.99          2838.9 
       0.169825         1790.09         2654.94 
       0.176101         1707.33         2523.25 
         0.1824         1572.54         2422.99 
       0.188651         1465.03         2333.17 
       0.194908         1374.33         2236.63 
       0.201142         1292.17         2125.34 
       0.207395         1144.27         1999.53 
       0.213739         1088.58         1868.22 
       0.220033         1012.03         1744.87 
       0.226293         941.198         1638.36 
       0.232598         867.663         1550.63 
       0.238889         830.461         1481.51 
       0.245122         775.989         1426.11 
       0.251374         728.514         1377.02 
       0.257707         689.361         1327.39 
        0.26402         632.453         1273.98 
        0.27029          597.46         1216.67 
       0.276561         565.295         1157.61 
        0.28287         537.336         1099.71 
       0.289148         506.323         1046.51 
       0.295352         483.047         1000.31 
       0.301607         447.897         960.511 
       0.307938         429.639         925.858 
       0.314276         401.467          894.75 
       0.320546         379.799         865.421 
       0.326813         361.973         836.057 
       0.333124         344.324         805.642 
       0.339404         329.135           774.8 
       0.345639         307.644         744.603 
       0.351881         295.558         715.771 
       0.358203         280.891         688.724 
       0.364512         268.426         664.246 
       0.370764         257.015         642.415 
       0.377054         244.837          622.25 
       0.383359         234.618         603.231 
       0.389651         222.723         584.867 
       0.395877         215.701         566.904 
       0.402094         203.574         549.055 
